chr1	248956422	2774984	44624
chr10	133797422	753907	12947
chr11	135086622	1576170	23439
chr11_KI270721v1_random	100316	10	0
chr12	133275309	1179991	20222
chr13	114364328	1175124	16522
chr14	107043718	192356	3450
chr14_GL000009v2_random	201709	53	1
chr14_GL000225v1_random	211173	535	5
chr14_KI270722v1_random	194050	55	1
chr14_GL000194v1_random	191469	63	1
chr14_KI270723v1_random	38115	21	2
chr14_KI270724v1_random	39555	24	0
chr14_KI270725v1_random	172810	27	1
chr14_KI270726v1_random	43739	4	0
chr15	101991189	484418	7020
chr15_KI270727v1_random	448248	3435	69
chr16	90338345	1009647	17920
chr16_KI270728v1_random	1872759	24624	348
chr17	83257441	1450464	25421
chr17_GL000205v2_random	185591	23	0
chr17_KI270729v1_random	280839	136	0
chr17_KI270730v1_random	112551	53	0
chr18	80373285	223272	3522
chr19	58617616	1302276	25736
chr1_KI270706v1_random	175055	61	1
chr1_KI270707v1_random	32032	9	0
chr1_KI270708v1_random	127682	34	1
chr1_KI270709v1_random	66860	76	2
chr1_KI270710v1_random	40176	1	0
chr1_KI270711v1_random	42210	2	0
chr1_KI270712v1_random	176043	67	2
chr1_KI270713v1_random	40745	10	0
chr1_KI270714v1_random	41717	8	0
chr2	242193529	1609912	27553
chr20	64444167	443003	7199
chr21	46709983	260217	4533
chr22	50818468	535038	8725
chr22_KI270731v1_random	150754	32	0
chr22_KI270732v1_random	41543	26	0
chr22_KI270733v1_random	179772	396	17
chr22_KI270734v1_random	165050	59	0
chr22_KI270735v1_random	42811	10	0
chr22_KI270736v1_random	181920	162	3
chr22_KI270737v1_random	103838	24	0
chr22_KI270738v1_random	99375	12	1
chr22_KI270739v1_random	73985	6	0
chr2_KI270715v1_random	161471	18	1
chr2_KI270716v1_random	153799	24	0
chr3	198295559	1448482	20865
chr3_GL000221v1_random	155397	66	0
chr4	190214555	1773561	26842
chr4_GL000008v2_random	209709	81	0
chr5	181538259	1757598	28574
chr5_GL000208v1_random	92689	14	0
chr6	170805979	721246	11271
chr7	159345973	1722779	27222
chr8	145138636	866876	14548
chr9	138394717	1372464	21881
chr9_KI270717v1_random	40062	11	0
chr9_KI270718v1_random	38054	14	0
chr9_KI270719v1_random	176845	30	1
chr9_KI270720v1_random	39050	13	0
chr1_KI270762v1_alt	354444	70	4
chr1_KI270766v1_alt	256271	34	1
chr1_KI270760v1_alt	109528	23	1
chr1_KI270765v1_alt	185285	32	1
chr1_GL383518v1_alt	182439	50	2
chr1_GL383519v1_alt	110268	34	1
chr1_GL383520v2_alt	366580	46	0
chr1_KI270764v1_alt	50258	2	0
chr1_KI270763v1_alt	911658	103394	1522
chr1_KI270759v1_alt	425601	57	1
chr1_KI270761v1_alt	165834	17	0
chr2_KI270770v1_alt	136240	19	0
chr2_KI270773v1_alt	70887	7	0
chr2_KI270774v1_alt	223625	38	3
chr2_KI270769v1_alt	120616	12	0
chr2_GL383521v1_alt	143390	31	0
chr2_KI270772v1_alt	133041	53	1
chr2_KI270775v1_alt	138019	74	4
chr2_KI270771v1_alt	110395	4	0
chr2_KI270768v1_alt	110099	16	0
chr2_GL582966v2_alt	96131	17	2
chr2_GL383522v1_alt	123821	13	0
chr2_KI270776v1_alt	174166	82	4
chr2_KI270767v1_alt	161578	28	1
chr3_JH636055v2_alt	173151	40	0
chr3_KI270783v1_alt	109187	13	0
chr3_KI270780v1_alt	224108	32	0
chr3_GL383526v1_alt	180671	32	0
chr3_KI270777v1_alt	173649	21	1
chr3_KI270778v1_alt	248252	21	1
chr3_KI270781v1_alt	113034	20	0
chr3_KI270779v1_alt	205312	43	3
chr3_KI270782v1_alt	162429	47	1
chr3_KI270784v1_alt	184404	363	2
chr4_KI270790v1_alt	220246	18	0
chr4_GL383528v1_alt	376187	14	1
chr4_KI270787v1_alt	111943	7	1
chr4_GL000257v2_alt	586476	85	1
chr4_KI270788v1_alt	158965	9	1
chr4_GL383527v1_alt	164536	14	0
chr4_KI270785v1_alt	119912	70	0
chr4_KI270789v1_alt	205944	32	0
chr4_KI270786v1_alt	244096	26	2
chr5_KI270793v1_alt	126136	22	0
chr5_KI270792v1_alt	179043	30	2
chr5_KI270791v1_alt	195710	55	0
chr5_GL383532v1_alt	82728	6	0
chr5_GL949742v1_alt	226852	16	0
chr5_KI270794v1_alt	164558	21	1
chr5_GL339449v2_alt	1612928	231	12
chr5_GL383530v1_alt	101241	12	0
chr5_KI270796v1_alt	172708	26	0
chr5_GL383531v1_alt	173459	4	0
chr5_KI270795v1_alt	131892	29	1
chr6_GL000250v2_alt	4672374	127	1
chr6_KI270800v1_alt	175808	6	0
chr6_KI270799v1_alt	152148	9	1
chr6_GL383533v1_alt	124736	14	0
chr6_KI270801v1_alt	870480	76	2
chr6_KI270802v1_alt	75005	4	0
chr6_KB021644v2_alt	185823	20	1
chr6_KI270797v1_alt	197536	28	1
chr6_KI270798v1_alt	271782	35	1
chr7_KI270804v1_alt	157952	21	1
chr7_KI270809v1_alt	209586	38	0
chr7_KI270806v1_alt	158166	23	1
chr7_GL383534v2_alt	119183	35	0
chr7_KI270803v1_alt	1111570	159	3
chr7_KI270808v1_alt	271455	81	0
chr7_KI270807v1_alt	126434	28	0
chr7_KI270805v1_alt	209988	34	2
chr8_KI270818v1_alt	145606	37	1
chr8_KI270812v1_alt	282736	45	2
chr8_KI270811v1_alt	292436	115	0
chr8_KI270821v1_alt	985506	147	4
chr8_KI270813v1_alt	300230	30	0
chr8_KI270822v1_alt	624492	92	1
chr8_KI270814v1_alt	141812	31	0
chr8_KI270810v1_alt	374415	42	0
chr8_KI270819v1_alt	133535	18	2
chr8_KI270820v1_alt	36640	4	0
chr8_KI270817v1_alt	158983	16	0
chr8_KI270816v1_alt	305841	1412	22
chr8_KI270815v1_alt	132244	20	0
chr9_GL383539v1_alt	162988	10	0
chr9_GL383540v1_alt	71551	8	0
chr9_GL383541v1_alt	171286	31	1
chr9_GL383542v1_alt	60032	4	0
chr9_KI270823v1_alt	439082	23	0
chr10_GL383545v1_alt	179254	24	0
chr10_KI270824v1_alt	181496	39	3
chr10_GL383546v1_alt	309802	103	4
chr10_KI270825v1_alt	188315	29	1
chr11_KI270832v1_alt	210133	12161	213
chr11_KI270830v1_alt	177092	16	1
chr11_KI270831v1_alt	296895	75	1
chr11_KI270829v1_alt	204059	16	0
chr11_GL383547v1_alt	154407	3	3
chr11_JH159136v1_alt	200998	9	0
chr11_JH159137v1_alt	191409	206	0
chr11_KI270827v1_alt	67707	33	2
chr11_KI270826v1_alt	186169	1746	20
chr12_GL877875v1_alt	167313	57	1
chr12_GL877876v1_alt	408271	40	0
chr12_KI270837v1_alt	40090	4	0
chr12_GL383549v1_alt	120804	10	0
chr12_KI270835v1_alt	238139	47	4
chr12_GL383550v2_alt	169178	20	1
chr12_GL383552v1_alt	138655	5	0
chr12_GL383553v2_alt	152874	29	1
chr12_KI270834v1_alt	119498	18	0
chr12_GL383551v1_alt	184319	17	1
chr12_KI270833v1_alt	76061	10	0
chr12_KI270836v1_alt	56134	12	0
chr13_KI270840v1_alt	191684	222	0
chr13_KI270839v1_alt	180306	35	0
chr13_KI270843v1_alt	103832	4	0
chr13_KI270841v1_alt	169134	8	0
chr13_KI270838v1_alt	306913	69	0
chr13_KI270842v1_alt	37287	12	0
chr14_KI270844v1_alt	322166	69	3
chr14_KI270847v1_alt	1511111	283	12
chr14_KI270845v1_alt	180703	33	2
chr14_KI270846v1_alt	1351393	158	1
chr15_KI270852v1_alt	478999	3281	57
chr15_KI270851v1_alt	263054	21	0
chr15_KI270848v1_alt	327382	33	3
chr15_GL383554v1_alt	296527	29	2
chr15_KI270849v1_alt	244917	38	0
chr15_GL383555v2_alt	388773	91	0
chr15_KI270850v1_alt	430880	67	2
chr16_KI270854v1_alt	134193	52	2
chr16_KI270856v1_alt	63982	26	0
chr16_KI270855v1_alt	232857	57	2
chr16_KI270853v1_alt	2659700	524	7
chr16_GL383556v1_alt	192462	13	0
chr16_GL383557v1_alt	89672	14	0
chr17_GL383563v3_alt	375691	86	0
chr17_KI270862v1_alt	391357	90	4
chr17_KI270861v1_alt	196688	43	1
chr17_KI270857v1_alt	2877074	8318	132
chr17_JH159146v1_alt	278131	41	4
chr17_JH159147v1_alt	70345	6	0
chr17_GL383564v2_alt	133151	6	0
chr17_GL000258v2_alt	1821992	267	3
chr17_GL383565v1_alt	223995	25	1
chr17_KI270858v1_alt	235827	11	1
chr17_KI270859v1_alt	108763	14	0
chr17_GL383566v1_alt	90219	26	4
chr17_KI270860v1_alt	178921	13	1
chr18_KI270864v1_alt	111737	12	0
chr18_GL383567v1_alt	289831	43	3
chr18_GL383570v1_alt	164789	319	6
chr18_GL383571v1_alt	198278	15	1
chr18_GL383568v1_alt	104552	12	0
chr18_GL383569v1_alt	167950	23	0
chr18_GL383572v1_alt	159547	12	0
chr18_KI270863v1_alt	167999	29	0
chr19_KI270868v1_alt	61734	16	0
chr19_KI270865v1_alt	52969	7	1
chr19_GL383573v1_alt	385657	67	0
chr19_GL383575v2_alt	170222	7	0
chr19_GL383576v1_alt	188024	26	0
chr19_GL383574v1_alt	155864	41	0
chr19_KI270866v1_alt	43156	10	0
chr19_KI270867v1_alt	233762	38	0
chr19_GL949746v1_alt	987716	57	1
chr20_GL383577v2_alt	128386	46	0
chr20_KI270869v1_alt	118774	34	1
chr20_KI270871v1_alt	58661	4	0
chr20_KI270870v1_alt	183433	55	5
chr21_GL383578v2_alt	63917	10	0
chr21_KI270874v1_alt	166743	19	2
chr21_KI270873v1_alt	143900	26	0
chr21_GL383579v2_alt	201197	16	1
chr21_GL383580v2_alt	74653	16	0
chr21_GL383581v2_alt	116689	20	0
chr21_KI270872v1_alt	82692	33	2
chr22_KI270875v1_alt	259914	55	1
chr22_KI270878v1_alt	186262	24	2
chr22_KI270879v1_alt	304135	53736	932
chr22_KI270876v1_alt	263666	27	1
chr22_KI270877v1_alt	101331	25	1
chr22_GL383583v2_alt	96924	26	0
chr22_GL383582v2_alt	162811	15	0
chrX_KI270880v1_alt	284869	19	2
chrX_KI270881v1_alt	144206	12	0
chr19_KI270882v1_alt	248807	0	0
chr19_KI270883v1_alt	170399	2	0
chr19_KI270884v1_alt	157053	0	0
chr19_KI270885v1_alt	171027	0	0
chr19_KI270886v1_alt	204239	0	0
chr19_KI270887v1_alt	209512	2	0
chr19_KI270888v1_alt	155532	2	0
chr19_KI270889v1_alt	170698	2	0
chr19_KI270890v1_alt	184499	2	0
chr19_KI270891v1_alt	170680	0	0
chr1_KI270892v1_alt	162212	11	0
chr2_KI270894v1_alt	214158	57	5
chr2_KI270893v1_alt	161218	10	0
chr3_KI270895v1_alt	162896	25	1
chr4_KI270896v1_alt	378547	33	0
chr5_KI270897v1_alt	1144418	207	4
chr5_KI270898v1_alt	130957	38	0
chr6_GL000251v2_alt	4795265	320	3
chr7_KI270899v1_alt	190869	250	7
chr8_KI270901v1_alt	136959	21	0
chr8_KI270900v1_alt	318687	70	2
chr11_KI270902v1_alt	106711	14	0
chr11_KI270903v1_alt	214625	8	2
chr12_KI270904v1_alt	572349	86	1
chr15_KI270906v1_alt	196384	16	0
chr15_KI270905v1_alt	5161414	551	15
chr17_KI270907v1_alt	137721	22	1
chr17_KI270910v1_alt	157099	40	0
chr17_KI270909v1_alt	325800	2487	35
chr17_JH159148v1_alt	88070	6	0
chr17_KI270908v1_alt	1423190	266	5
chr18_KI270912v1_alt	174061	23	1
chr18_KI270911v1_alt	157710	16	2
chr19_GL949747v2_alt	729520	33	2
chr22_KB663609v1_alt	74013	6	0
chrX_KI270913v1_alt	274009	38	1
chr19_KI270914v1_alt	205194	0	0
chr19_KI270915v1_alt	170665	0	0
chr19_KI270916v1_alt	184516	1	0
chr19_KI270917v1_alt	190932	4	0
chr19_KI270918v1_alt	123111	0	0
chr19_KI270919v1_alt	170701	2	0
chr19_KI270920v1_alt	198005	2	0
chr19_KI270921v1_alt	282224	7	1
chr19_KI270922v1_alt	187935	2	0
chr19_KI270923v1_alt	189352	9	0
chr3_KI270924v1_alt	166540	51	0
chr4_KI270925v1_alt	555799	851	9
chr6_GL000252v2_alt	4604811	264	7
chr8_KI270926v1_alt	229282	52	2
chr11_KI270927v1_alt	218612	19	0
chr19_GL949748v2_alt	1064304	17	1
chr22_KI270928v1_alt	176103	14	0
chr19_KI270929v1_alt	186203	2	0
chr19_KI270930v1_alt	200773	0	0
chr19_KI270931v1_alt	170148	0	0
chr19_KI270932v1_alt	215732	2	0
chr19_KI270933v1_alt	170537	2	0
chr19_GL000209v2_alt	177381	0	0
chr3_KI270934v1_alt	163458	23	2
chr6_GL000253v2_alt	4677643	255	8
chr19_GL949749v2_alt	1091841	28	2
chr3_KI270935v1_alt	197351	44	3
chr6_GL000254v2_alt	4827813	313	7
chr19_GL949750v2_alt	1066390	15	1
chr3_KI270936v1_alt	164170	24	0
chr6_GL000255v2_alt	4606388	309	8
chr19_GL949751v2_alt	1002683	21	0
chr3_KI270937v1_alt	165607	26	1
chr6_GL000256v2_alt	4929269	365	9
chr19_GL949752v1_alt	987100	61	0
chr6_KI270758v1_alt	76752	3	1
chr19_GL949753v2_alt	796479	38	3
chr19_KI270938v1_alt	1066800	68	2
chrM	16569	377	9
chrUn_KI270302v1	2274	1	1
chrUn_KI270304v1	2165	0	0
chrUn_KI270303v1	1942	0	0
chrUn_KI270305v1	1472	0	0
chrUn_KI270322v1	21476	2	0
chrUn_KI270320v1	4416	2	0
chrUn_KI270310v1	1201	0	0
chrUn_KI270316v1	1444	0	0
chrUn_KI270315v1	2276	0	0
chrUn_KI270312v1	998	0	0
chrUn_KI270311v1	12399	0	0
chrUn_KI270317v1	37690	4	0
chrUn_KI270412v1	1179	0	0
chrUn_KI270411v1	2646	0	0
chrUn_KI270414v1	2489	0	0
chrUn_KI270419v1	1029	0	0
chrUn_KI270418v1	2145	0	0
chrUn_KI270420v1	2321	0	0
chrUn_KI270424v1	2140	0	0
chrUn_KI270417v1	2043	2	0
chrUn_KI270422v1	1445	0	0
chrUn_KI270423v1	981	0	0
chrUn_KI270425v1	1884	0	0
chrUn_KI270429v1	1361	0	0
chrUn_KI270442v1	392061	243	4
chrUn_KI270466v1	1233	0	0
chrUn_KI270465v1	1774	0	0
chrUn_KI270467v1	3920	4	0
chrUn_KI270435v1	92983	14	0
chrUn_KI270438v1	112505	288	4
chrUn_KI270468v1	4055	0	0
chrUn_KI270510v1	2415	0	0
chrUn_KI270509v1	2318	0	0
chrUn_KI270518v1	2186	0	0
chrUn_KI270508v1	1951	0	0
chrUn_KI270516v1	1300	2	0
chrUn_KI270512v1	22689	2	0
chrUn_KI270519v1	138126	19	0
chrUn_KI270522v1	5674	0	0
chrUn_KI270511v1	8127	2	0
chrUn_KI270515v1	6361	0	0
chrUn_KI270507v1	5353	0	0
chrUn_KI270517v1	3253	0	0
chrUn_KI270529v1	1899	0	0
chrUn_KI270528v1	2983	0	0
chrUn_KI270530v1	2168	0	0
chrUn_KI270539v1	993	0	0
chrUn_KI270538v1	91309	5	0
chrUn_KI270544v1	1202	0	0
chrUn_KI270548v1	1599	0	0
chrUn_KI270583v1	1400	0	0
chrUn_KI270587v1	2969	0	0
chrUn_KI270580v1	1553	2	0
chrUn_KI270581v1	7046	0	0
chrUn_KI270579v1	31033	4	0
chrUn_KI270589v1	44474	10	0
chrUn_KI270590v1	4685	2	0
chrUn_KI270584v1	4513	0	0
chrUn_KI270582v1	6504	0	0
chrUn_KI270588v1	6158	2	0
chrUn_KI270593v1	3041	0	0
chrUn_KI270591v1	5796	2	0
chrUn_KI270330v1	1652	2	0
chrUn_KI270329v1	1040	0	0
chrUn_KI270334v1	1368	0	0
chrUn_KI270333v1	2699	0	0
chrUn_KI270335v1	1048	0	0
chrUn_KI270338v1	1428	2	0
chrUn_KI270340v1	1428	0	0
chrUn_KI270336v1	1026	0	0
chrUn_KI270337v1	1121	0	0
chrUn_KI270363v1	1803	0	0
chrUn_KI270364v1	2855	0	0
chrUn_KI270362v1	3530	0	0
chrUn_KI270366v1	8320	0	0
chrUn_KI270378v1	1048	0	0
chrUn_KI270379v1	1045	0	0
chrUn_KI270389v1	1298	0	0
chrUn_KI270390v1	2387	0	0
chrUn_KI270387v1	1537	0	0
chrUn_KI270395v1	1143	0	0
chrUn_KI270396v1	1880	0	0
chrUn_KI270388v1	1216	0	0
chrUn_KI270394v1	970	0	0
chrUn_KI270386v1	1788	0	0
chrUn_KI270391v1	1484	0	0
chrUn_KI270383v1	1750	0	0
chrUn_KI270393v1	1308	0	0
chrUn_KI270384v1	1658	2	0
chrUn_KI270392v1	971	0	0
chrUn_KI270381v1	1930	0	0
chrUn_KI270385v1	990	0	0
chrUn_KI270382v1	4215	0	0
chrUn_KI270376v1	1136	0	0
chrUn_KI270374v1	2656	0	0
chrUn_KI270372v1	1650	0	0
chrUn_KI270373v1	1451	0	0
chrUn_KI270375v1	2378	0	0
chrUn_KI270371v1	2805	2	0
chrUn_KI270448v1	7992	2	0
chrUn_KI270521v1	7642	0	0
chrUn_GL000195v1	182896	31	2
chrUn_GL000219v1	179198	47	2
chrUn_GL000220v1	161802	379	19
chrUn_GL000224v1	179693	217	4
chrUn_KI270741v1	157432	97	0
chrUn_GL000226v1	15008	6	0
chrUn_GL000213v1	164239	11	0
chrUn_KI270743v1	210658	91	1
chrUn_KI270744v1	168472	138	5
chrUn_KI270745v1	41891	12	0
chrUn_KI270746v1	66486	21	0
chrUn_KI270747v1	198735	18	0
chrUn_KI270748v1	93321	56	0
chrUn_KI270749v1	158759	40	2
chrUn_KI270750v1	148850	53	3
chrUn_KI270751v1	150742	90	1
chrUn_KI270752v1	27745	0	0
chrUn_KI270753v1	62944	18	0
chrUn_KI270754v1	40191	37	0
chrUn_KI270755v1	36723	2	0
chrUn_KI270756v1	79590	18	0
chrUn_KI270757v1	71251	26	0
chrUn_GL000214v1	137718	152	2
chrUn_KI270742v1	186739	61	3
chrUn_GL000216v2	176608	238	3
chrUn_GL000218v1	161147	103	5
chrX	156040895	216103	3400
chrY	57227415	99314	1587
chrY_KI270740v1_random	37240	0	0
chr1_KQ031383v1_fix	467143	24	0
chr1_KQ983255v1_alt	278659	32	1
chr1_KN538361v1_fix	305542	75	2
chr1_KQ458383v1_alt	349938	59	3
chr1_KN196473v1_fix	166200	33	0
chr1_KZ208904v1_alt	166136	25	0
chr1_KN196472v1_fix	186494	89	1
chr1_KZ208905v1_alt	140355	4	0
chr1_KQ458382v1_alt	141019	9	0
chr1_KV880763v1_alt	551020	53	0
chr1_KN196474v1_fix	122022	22	0
chr1_KN538360v1_fix	460100	95	1
chr1_KZ208906v1_fix	330031	63	4
chr1_KQ458384v1_alt	212205	24	2
chr2_KQ031384v1_fix	481245	88	1
chr2_KZ208907v1_alt	181658	16	0
chr2_KQ983256v1_alt	535088	95	1
chr2_KZ208908v1_alt	140361	23	1
chr2_KN538363v1_fix	365499	113	1
chr2_KN538362v1_fix	208149	39	1
chr3_KV766192v1_fix	411654	40	2
chr3_KN196475v1_fix	451168	76	1
chr3_KQ031385v1_fix	373699	82	2
chr3_KN538364v1_fix	415308	105	5
chr3_KZ208909v1_alt	175849	44	1
chr3_KQ031386v1_fix	165718	14	0
chr3_KN196476v1_fix	305979	18	0
chr4_KQ090013v1_alt	90922	74	0
chr4_KQ090014v1_alt	163749	12	0
chr4_KQ090015v1_alt	236512	28	0
chr4_KV766193v1_alt	420675	66	2
chr4_KQ983257v1_fix	230434	71	4
chr4_KQ983258v1_alt	205407	33	0
chr5_KZ208910v1_alt	135987	20	0
chr5_KN196477v1_alt	139087	12	0
chr5_KV575243v1_alt	362221	56	0
chr5_KV575244v1_fix	673059	3796	48
chr6_KZ208911v1_fix	242796	62	3
chr6_KQ090017v1_alt	82315	4	0
chr6_KQ031387v1_fix	320750	15	0
chr6_KN196478v1_fix	268330	26	3
chr6_KQ090016v1_fix	245716	34	0
chr6_KV766194v1_fix	139427	27	1
chr7_KV880764v1_fix	142129	27	1
chr7_KV880765v1_fix	468267	64	1
chr7_KZ208912v1_fix	589656	53	1
chr7_KZ208913v1_alt	680662	143	1
chr7_KQ031388v1_fix	179932	3	0
chr8_KZ208915v1_fix	6367528	1550	26
chr8_KV880767v1_fix	265876	48	0
chr8_KV880766v1_fix	156998	12	0
chr8_KZ208914v1_fix	165120	38	0
chr9_KQ090018v1_alt	163882	30	2
chr9_KQ090019v1_alt	134099	7	1
chr9_KN196479v1_fix	330164	210	8
chr10_KN538367v1_fix	420164	22	0
chr10_KQ090020v1_alt	185507	18	0
chr10_KN196480v1_fix	277797	67	3
chr10_KQ090021v1_fix	264545	35836	495
chr10_KN538366v1_fix	85284	25	0
chr10_KN538365v1_fix	14347	2	0
chr11_KQ759759v1_fix	196940	24	1
chr11_KN538368v1_alt	203552	7	1
chr11_KV766195v1_fix	140877	18	0
chr11_KQ090022v1_fix	181958	35	0
chr11_KN196481v1_fix	108875	40	0
chr12_KQ090023v1_alt	109323	14	0
chr12_KZ208916v1_fix	1046838	378	10
chr12_KN538369v1_fix	541038	147	6
chr12_KN196482v1_fix	211377	9	1
chr12_KZ208918v1_alt	174808	36	1
chr12_KQ759760v1_fix	315610	14	0
chr12_KZ208917v1_fix	64689	21	1
chr12_KN538370v1_fix	86533	29	1
chr13_KN538372v1_fix	356766	152	2
chr13_KQ090024v1_alt	168146	10	0
chr13_KN196483v1_fix	35455	8	0
chr13_KN538373v1_fix	148762	24	0
chr13_KQ090025v1_alt	123480	14	0
chr13_KN538371v1_fix	206320	76	2
chr14_KZ208920v1_fix	690932	183	1
chr14_KZ208919v1_alt	171798	53	0
chr15_KN538374v1_fix	4998962	593	16
chr15_KQ031389v1_alt	2365364	76	3
chr16_KQ090026v1_alt	59016	19	3
chr16_KV880768v1_fix	1927115	766	12
chr16_KQ090027v1_alt	267463	27	0
chr16_KZ208921v1_alt	78609	36	0
chr16_KQ031390v1_alt	169136	17	1
chr17_KV766196v1_fix	281919	54	2
chr17_KV575245v1_fix	154723	59	3
chr17_KV766198v1_alt	276292	91	0
chr17_KV766197v1_alt	246895	27	0
chr18_KQ458385v1_alt	205101	23	1
chr18_KQ090028v1_fix	407387	73	1
chr18_KZ208922v1_fix	93070	6	0
chr19_KQ458386v1_fix	405389	125	4
chr19_KN196484v1_fix	370917	129	1
chr19_KV575246v1_alt	163926	0	0
chr19_KV575247v1_alt	170206	2	0
chr19_KV575248v1_alt	168131	0	0
chr19_KV575249v1_alt	293522	2	0
chr19_KV575250v1_alt	241058	2	0
chr19_KV575251v1_alt	159285	2	0
chr19_KV575252v1_alt	178197	5	0
chr19_KV575253v1_alt	166713	3	0
chr19_KV575254v1_alt	99845	0	0
chr19_KV575255v1_alt	161095	0	0
chr19_KV575256v1_alt	223118	2	0
chr19_KV575257v1_alt	100553	0	0
chr19_KV575259v1_alt	171263	0	0
chr19_KV575260v1_alt	145691	4	0
chr19_KV575258v1_alt	156965	0	0
chr22_KN196485v1_alt	156562	16	0
chr22_KQ458387v1_alt	155930	14	1
chr22_KQ458388v1_alt	174749	9	0
chr22_KN196486v1_alt	153027	27	0
chr22_KQ759761v1_alt	145162	6	0
chr22_KQ759762v1_fix	101037	12	0
chrX_KV766199v1_alt	188004	4	0
chrY_KZ208923v1_fix	48370	2	0
chrY_KZ208924v1_fix	209722	171	0
chrY_KN196487v1_fix	101150	396	6
chr1_KZ559100v1_fix	44955	6	0
chr3_KZ559104v1_fix	105527	4	0
chr3_KZ559105v1_alt	195063	17	0
chr3_KZ559103v1_alt	302885	49	0
chr3_KZ559102v1_alt	197752	14	0
chr3_KZ559101v1_alt	164041	10	0
chr7_KZ559106v1_alt	172555	10	0
chr8_KZ559107v1_alt	103072	11	1
chr11_KZ559109v1_fix	279644	59	0
chr11_KZ559108v1_fix	305244	14	0
chr11_KZ559111v1_alt	181167	33	1
chr11_KZ559110v1_alt	301637	46	0
chr12_KZ559112v1_alt	154139	25	0
chr16_KZ559113v1_fix	480415	69	2
chr17_KZ559114v1_alt	116753	14	0
chr18_KZ559116v1_alt	163186	30	0
chr18_KZ559115v1_fix	230843	17	0
chr2_ML143342v1_fix	84043	6	0
chr2_ML143341v1_fix	145975	22	0
chr3_ML143343v1_alt	215443	32	0
chr4_ML143344v1_fix	235734	51	1
chr4_ML143347v1_fix	176674	27	1
chr4_ML143346v1_fix	53476	2	0
chr4_ML143348v1_fix	125549	5	0
chr4_ML143345v1_fix	341066	230	2
chr4_ML143349v1_fix	276109	11	1
chr5_ML143350v1_fix	89956	9	0
chr6_ML143351v1_fix	73265	0	0
chr7_ML143352v1_fix	254759	286	5
chr9_ML143353v1_fix	25408	4	0
chr10_ML143354v1_fix	454963	2404	33
chr10_ML143355v1_fix	292944	95	1
chr11_ML143358v1_fix	270122	65	2
chr11_ML143360v1_fix	170928	36	0
chr11_ML143359v1_fix	217075	65	0
chr11_ML143357v1_fix	165419	30	1
chr11_ML143356v1_fix	45257	1	0
chr12_ML143362v1_fix	192531	51	3
chr12_ML143361v1_fix	297568	73	1
chr13_ML143366v1_fix	409912	58	0
chr13_ML143363v1_fix	7309	0	0
chr13_ML143364v1_fix	158944	49	1
chr13_ML143365v1_fix	65394	6	0
chr14_ML143367v1_fix	399183	48	0
chr14_ML143368v1_alt	264228	17	0
chr15_ML143372v1_fix	396515	69	3
chr15_ML143371v1_fix	5500449	39684	531
chr15_ML143370v1_fix	369264	85	5
chr15_ML143369v1_fix	97763	47	0
chr16_ML143373v1_fix	270967	226	3
chr17_ML143374v1_fix	137908	43	1
chr17_ML143375v1_fix	56695	17	1
chr19_ML143376v1_fix	493165	151	6
chr21_ML143377v1_fix	519485	517	17
chr22_ML143380v1_fix	412368	78	0
chr22_ML143378v1_fix	461303	46	1
chr22_ML143379v1_fix	12295	0	0
chrX_ML143385v1_fix	17435	0	0
chrX_ML143382v1_fix	28824	0	0
chrX_ML143383v1_fix	68192	8	0
chrX_ML143381v1_fix	403128	57	0
chrX_ML143384v1_fix	14678	0	0
chr1_MU273333v1_fix	1572686	335	6
chr1_MU273330v1_alt	516764	83	0
chr1_MU273335v1_fix	211934	66	6
chr1_MU273336v1_fix	250447	20	0
chr1_MU273331v1_alt	847441	58	0
chr1_MU273334v1_fix	210426	34	0
chr1_MU273332v1_alt	335159	44	0
chr2_MU273344v1_fix	244725	43	3
chr2_MU273345v1_fix	174385	22	0
chr2_MU273343v1_fix	489404	91	1
chr2_MU273340v1_alt	284971	46	0
chr2_MU273337v1_alt	431782	50	1
chr2_MU273342v1_fix	955087	141	2
chr2_MU273339v1_alt	500581	82	3
chr2_MU273338v1_alt	535251	113	1
chr2_MU273341v1_fix	120381	11	1
chr3_MU273347v1_fix	301310	74	2
chr3_MU273348v1_fix	475876	81	1
chr3_MU273346v1_fix	469342	38	0
chr4_MU273351v1_fix	205691	21	1
chr4_MU273349v1_alt	308682	57	1
chr4_MU273350v1_fix	113364	4	0
chr5_MU273354v1_fix	2101585	390	9
chr5_MU273353v1_fix	208405	55	0
chr5_MU273356v1_alt	302485	30	2
chr5_MU273355v1_fix	508332	87	1
chr5_MU273352v1_fix	34400	28	0
chr6_MU273357v1_alt	383128	41	0
chr7_MU273358v1_alt	464417	51	0
chr8_MU273362v1_fix	429744	75	2
chr8_MU273359v1_fix	150302	25	1
chr8_MU273361v1_fix	106905	12	0
chr8_MU273363v1_fix	207371	34	0
chr8_MU273360v1_fix	39290	10	0
chr9_MU273366v1_fix	569668	57	1
chr9_MU273364v1_fix	340717	51	0
chr9_MU273365v1_fix	482250	62	1
chr10_MU273367v1_fix	196262	2007	22
chr11_KQ759759v2_fix	204999	22	2
chr11_MU273369v1_fix	434831	80	4
chr11_MU273371v1_fix	122722	6	0
chr11_MU273370v1_fix	344606	20	0
chr11_MU273368v1_alt	261194	17	1
chr12_MU273372v1_fix	104537	29	0
chr14_MU273373v1_fix	722645	87	2
chr15_MU273375v1_alt	204007	65	0
chr15_MU273374v1_fix	1154574	267	9
chr16_MU273376v1_fix	87715	23	1
chr16_MU273377v1_fix	334997	83	2
chr17_MU273380v1_fix	538541	157228	2097
chr17_MU273378v1_alt	372839	39	0
chr17_MU273383v1_fix	172609	26	0
chr17_MU273379v1_fix	234878	56	2
chr17_MU273382v1_fix	187626	39	1
chr17_MU273381v1_fix	144689	58	0
chr19_MU273386v1_fix	226166	48	2
chr19_MU273387v1_alt	89211	18	1
chr19_MU273384v1_fix	333754	84	0
chr19_MU273385v1_fix	137818	49	1
chr20_MU273388v1_fix	273725	57	0
chr20_MU273389v1_fix	355731	70662	1181
chr21_MU273390v1_fix	336752	30	0
chr21_MU273391v1_fix	1020778	140	3
chr21_MU273392v1_fix	189707	37	2
chr22_KQ759762v2_fix	101040	15	0
chrX_MU273397v1_alt	330493	73	5
chrX_MU273393v1_fix	68810	2	0
chrX_MU273394v1_fix	140567	30	1
chrX_MU273396v1_alt	294119	25	1
chrX_MU273395v1_alt	619716	37	4
chrY_MU273398v1_fix	865743	139	5
*	0	0	154890
