# This file was produced by samtools stats (1.21+htslib-1.21) and can be plotted using plot-bamstats
# This file contains statistics for all reads.
# The command line was:  stats /users/PYS1149/joyita/Geval/post_aligned/SRR11389057_fixed_sorted.bam
# CHK, Checksum	[2]Read Names	[3]Sequences	[4]Qualities
# CHK, CRC32 of reads which passed filtering followed by addition (32bit overflow)
CHK	a9749d48	973acb98	6f4d41aa
# Summary Numbers. Use `grep ^SN | cut -f 2-` to extract this part.
SN	raw total sequences:	26056502	# excluding supplementary and secondary reads
SN	filtered sequences:	0
SN	sequences:	26056502
SN	is sorted:	1
SN	1st fragments:	13028251
SN	last fragments:	13028251
SN	reads mapped:	25488091
SN	reads mapped and paired:	25074570	# paired-end technology bit set + both mates mapped
SN	reads unmapped:	568411
SN	reads properly paired:	24871766	# proper-pair bit set
SN	reads paired:	26056502	# paired-end technology bit set
SN	reads duplicated:	0	# PCR or optical duplicate bit set
SN	reads MQ0:	1245345	# mapped and MQ=0
SN	reads QC failed:	0
SN	non-primary alignments:	21262
SN	supplementary alignments:	0
SN	total length:	1806488217	# ignores clipping
SN	total first fragment length:	914683155	# ignores clipping
SN	total last fragment length:	891805062	# ignores clipping
SN	bases mapped:	1799689347	# ignores clipping
SN	bases mapped (cigar):	1796710137	# more accurate
SN	bases trimmed:	0
SN	bases duplicated:	0
SN	mismatches:	2808390	# from NM fields
SN	error rate:	1.563073e-03	# mismatches / bases mapped (cigar)
SN	average length:	69
SN	average first fragment length:	70
SN	average last fragment length:	68
SN	maximum length:	81
SN	maximum first fragment length:	81
SN	maximum last fragment length:	81
SN	average quality:	34.9
SN	insert size average:	69.8
SN	insert size standard deviation:	34.4
SN	inward oriented pairs:	4312330
SN	outward oriented pairs:	8150361
SN	pairs with other orientation:	2891
SN	pairs on different chromosomes:	71703
SN	percentage of properly paired reads (%):	95.5
# First Fragment Qualities. Use `grep ^FFQ | cut -f 2-` to extract this part.
# Columns correspond to qualities and rows to cycles. First column is the cycle number.
FFQ	1	0	0	30	0	0	0	0	0	0	0	0	0	0	0	205851	0	0	0	0	0	0	73331	0	0	0	0	0	7346	0	0	0	0	542780	0	0	0	12198913	0
FFQ	2	0	0	7	0	0	0	0	0	0	0	0	0	0	0	210870	0	0	0	0	0	0	71718	0	0	0	0	0	10975	0	0	0	0	553359	0	0	0	12176207	0
FFQ	3	0	0	11	0	0	0	0	0	0	0	0	0	0	0	216412	0	0	0	0	0	0	68582	0	0	0	0	0	14178	0	0	0	0	561892	0	0	0	12156719	0
FFQ	4	0	0	0	0	0	0	0	0	0	0	0	0	0	0	223581	0	0	0	0	0	0	67990	0	0	0	0	0	17505	0	0	0	0	567448	0	0	0	12135408	0
FFQ	5	0	0	60	0	0	0	0	0	0	0	0	0	0	0	231025	0	0	0	0	0	0	65561	0	0	0	0	0	23837	0	0	0	0	571261	0	0	0	12113423	0
FFQ	6	0	0	113	0	0	0	0	0	0	0	0	0	0	0	241463	0	0	0	0	0	0	64000	0	0	0	0	0	28115	0	0	0	0	574869	0	0	0	12089150	0
FFQ	7	0	0	120	0	0	0	0	0	0	0	0	0	0	0	253860	0	0	0	0	0	0	62142	0	0	0	0	0	36172	0	0	0	0	579504	0	0	0	12058815	0
FFQ	8	0	0	350	0	0	0	0	0	0	0	0	0	0	0	252963	0	0	0	0	0	0	55931	0	0	0	0	0	43457	0	0	0	0	573383	0	0	0	12057415	0
FFQ	9	0	0	183	0	0	0	0	0	0	0	0	0	0	0	255639	0	0	0	0	0	0	53779	0	0	0	0	0	48371	0	0	0	0	569993	0	0	0	12048228	0
FFQ	10	0	0	12	0	0	0	0	0	0	0	0	0	0	0	258038	0	0	0	0	0	0	51458	0	0	0	0	0	54025	0	0	0	0	568466	0	0	0	12036671	0
FFQ	11	0	0	0	0	0	0	0	0	0	0	0	0	0	0	262107	0	0	0	0	0	0	49835	0	0	0	0	0	56801	0	0	0	0	567829	0	0	0	12024582	0
FFQ	12	0	0	29	0	0	0	0	0	0	0	0	0	0	0	267831	0	0	0	0	0	0	46130	0	0	0	0	0	64212	0	0	0	0	572640	0	0	0	12002907	0
FFQ	13	0	0	172	0	0	0	0	0	0	0	0	0	0	0	276485	0	0	0	0	0	0	43428	0	0	0	0	0	69513	0	0	0	0	574720	0	0	0	11981645	0
FFQ	14	0	0	175	0	0	0	0	0	0	0	0	0	0	0	282018	0	0	0	0	0	0	42335	0	0	0	0	0	73763	0	0	0	0	575305	0	0	0	11964738	0
FFQ	15	0	0	306	0	0	0	0	0	0	0	0	0	0	0	287342	0	0	0	0	0	0	39189	0	0	0	0	0	76631	0	0	0	0	579092	0	0	0	11948125	0
FFQ	16	0	0	410	0	0	0	0	0	0	0	0	0	0	0	284679	0	0	0	0	0	0	38183	0	0	0	0	0	76718	0	0	0	0	578793	0	0	0	11944457	0
FFQ	17	0	0	41	0	0	0	0	0	0	0	0	0	0	0	289854	0	0	0	0	0	0	38382	0	0	0	0	0	78057	0	0	0	0	583915	0	0	0	11925410	0
FFQ	18	0	0	74	0	0	0	0	0	0	0	0	0	0	0	287266	0	0	0	0	0	0	35604	0	0	0	0	0	79471	0	0	0	0	581999	0	0	0	11923859	0
FFQ	19	0	0	1	0	0	0	0	0	0	0	0	0	0	0	291312	0	0	0	0	0	0	33681	0	0	0	0	0	79872	0	0	0	0	581655	0	0	0	11914249	0
FFQ	20	0	0	10	0	0	0	0	0	0	0	0	0	0	0	293813	0	0	0	0	0	0	32854	0	0	0	0	0	81752	0	0	0	0	586684	0	0	0	11898231	0
FFQ	21	0	0	0	0	0	0	0	0	0	0	0	0	0	0	294913	0	0	0	0	0	0	31361	0	0	0	0	0	81823	0	0	0	0	589993	0	0	0	11887835	0
FFQ	22	0	0	60	0	0	0	0	0	0	0	0	0	0	0	303791	0	0	0	0	0	0	30780	0	0	0	0	0	82572	0	0	0	0	599272	0	0	0	11861946	0
FFQ	23	0	0	102	0	0	0	0	0	0	0	0	0	0	0	304994	0	0	0	0	0	0	27368	0	0	0	0	0	94188	0	0	0	0	610178	0	0	0	11834118	0
FFQ	24	0	0	21	0	0	0	0	0	0	0	0	0	0	0	317140	0	0	0	0	0	0	30478	0	0	0	0	0	88053	0	0	0	0	600732	0	0	0	11826871	0
FFQ	25	0	0	61	0	0	0	0	0	0	0	0	0	0	0	313408	0	0	0	0	0	0	29465	0	0	0	0	0	94964	0	0	0	0	604376	0	0	0	11813332	0
FFQ	26	0	0	24	0	0	0	0	0	0	0	0	0	0	0	319017	0	0	0	0	0	0	32017	0	0	0	0	0	91326	0	0	0	0	599265	0	0	0	11805861	0
FFQ	27	0	0	18	0	0	0	0	0	0	0	0	0	0	0	315136	0	0	0	0	0	0	31560	0	0	0	0	0	89101	0	0	0	0	594376	0	0	0	11809719	0
FFQ	28	0	0	46	0	0	0	0	0	0	0	0	0	0	0	318295	0	0	0	0	0	0	36247	0	0	0	0	0	95237	0	0	0	0	589256	0	0	0	11792943	0
FFQ	29	0	0	70	0	0	0	0	0	0	0	0	0	0	0	316194	0	0	0	0	0	0	39439	0	0	0	0	0	94142	0	0	0	0	574912	0	0	0	11799584	0
FFQ	30	0	0	53	0	0	0	0	0	0	0	0	0	0	0	317833	0	0	0	0	0	0	43505	0	0	0	0	0	95662	0	0	0	0	571581	0	0	0	11787746	0
FFQ	31	0	0	42	0	0	0	0	0	0	0	0	0	0	0	322283	0	0	0	0	0	0	47490	0	0	0	0	0	102613	0	0	0	0	571157	0	0	0	11741279	0
FFQ	32	0	0	0	0	0	0	0	0	0	0	0	0	0	0	326844	0	0	0	0	0	0	52514	0	0	0	0	0	112155	0	0	0	0	573602	0	0	0	11684682	0
FFQ	33	0	0	111	0	0	0	0	0	0	0	0	0	0	0	327350	0	0	0	0	0	0	60127	0	0	0	0	0	118998	0	0	0	0	562918	0	0	0	11640735	0
FFQ	34	0	0	161	0	0	0	0	0	0	0	0	0	0	0	333221	0	0	0	0	0	0	66842	0	0	0	0	0	127699	0	0	0	0	555787	0	0	0	11583722	0
FFQ	35	0	0	311	0	0	0	0	0	0	0	0	0	0	0	327685	0	0	0	0	0	0	70746	0	0	0	0	0	135217	0	0	0	0	552198	0	0	0	11535593	0
FFQ	36	0	0	30	0	0	0	0	0	0	0	0	0	0	0	326700	0	0	0	0	0	0	73566	0	0	0	0	0	137978	0	0	0	0	545084	0	0	0	11486998	0
FFQ	37	0	0	57	0	0	0	0	0	0	0	0	0	0	0	326773	0	0	0	0	0	0	77427	0	0	0	0	0	145422	0	0	0	0	543722	0	0	0	11421286	0
FFQ	38	0	0	4	0	0	0	0	0	0	0	0	0	0	0	323970	0	0	0	0	0	0	80079	0	0	0	0	0	150109	0	0	0	0	546217	0	0	0	11353757	0
FFQ	39	0	0	19	0	0	0	0	0	0	0	0	0	0	0	327000	0	0	0	0	0	0	83863	0	0	0	0	0	156926	0	0	0	0	562153	0	0	0	11261299	0
FFQ	40	0	0	13	0	0	0	0	0	0	0	0	0	0	0	328926	0	0	0	0	0	0	85264	0	0	0	0	0	165436	0	0	0	0	582489	0	0	0	11159966	0
FFQ	41	0	0	34	0	0	0	0	0	0	0	0	0	0	0	332519	0	0	0	0	0	0	86450	0	0	0	0	0	168664	0	0	0	0	596564	0	0	0	11064514	0
FFQ	42	0	0	56	0	0	0	0	0	0	0	0	0	0	0	338067	0	0	0	0	0	0	91226	0	0	0	0	0	178532	0	0	0	0	626834	0	0	0	10937510	0
FFQ	43	0	0	72	0	0	0	0	0	0	0	0	0	0	0	341931	0	0	0	0	0	0	92018	0	0	0	0	0	187315	0	0	0	0	662684	0	0	0	10807564	0
FFQ	44	0	0	32	0	0	0	0	0	0	0	0	0	0	0	332642	0	0	0	0	0	0	89915	0	0	0	0	0	187690	0	0	0	0	664621	0	0	0	10730991	0
FFQ	45	0	0	9	0	0	0	0	0	0	0	0	0	0	0	333391	0	0	0	0	0	0	88099	0	0	0	0	0	190537	0	0	0	0	682757	0	0	0	10623257	0
FFQ	46	0	0	0	0	0	0	0	0	0	0	0	0	0	0	337517	0	0	0	0	0	0	88621	0	0	0	0	0	198811	0	0	0	0	737489	0	0	0	10462876	0
FFQ	47	0	0	0	0	0	0	0	0	0	0	0	0	0	0	335471	0	0	0	0	0	0	88380	0	0	0	0	0	202799	0	0	0	0	759035	0	0	0	10343868	0
FFQ	48	0	0	69	0	0	0	0	0	0	0	0	0	0	0	337209	0	0	0	0	0	0	88602	0	0	0	0	0	207711	0	0	0	0	780003	0	0	0	10215008	0
FFQ	49	0	0	103	0	0	0	0	0	0	0	0	0	0	0	338772	0	0	0	0	0	0	89152	0	0	0	0	0	218715	0	0	0	0	825452	0	0	0	10054495	0
FFQ	50	0	0	97	0	0	0	0	0	0	0	0	0	0	0	332772	0	0	0	0	0	0	87237	0	0	0	0	0	221337	0	0	0	0	852132	0	0	0	9927228	0
FFQ	51	0	0	45	0	0	0	0	0	0	0	0	0	0	0	335077	0	0	0	0	0	0	85029	0	0	0	0	0	228534	0	0	0	0	882446	0	0	0	9777504	0
FFQ	52	0	0	18	0	0	0	0	0	0	0	0	0	0	0	333130	0	0	0	0	0	0	82828	0	0	0	0	0	230154	0	0	0	0	887540	0	0	0	9657863	0
FFQ	53	0	0	0	0	0	0	0	0	0	0	0	0	0	0	326380	0	0	0	0	0	0	82245	0	0	0	0	0	234318	0	0	0	0	894546	0	0	0	9535655	0
FFQ	54	0	0	27	0	0	0	0	0	0	0	0	0	0	0	324340	0	0	0	0	0	0	80983	0	0	0	0	0	237782	0	0	0	0	907645	0	0	0	9399452	0
FFQ	55	0	0	1	0	0	0	0	0	0	0	0	0	0	0	322501	0	0	0	0	0	0	77789	0	0	0	0	0	241305	0	0	0	0	919970	0	0	0	9264802	0
FFQ	56	0	0	1	0	0	0	0	0	0	0	0	0	0	0	321880	0	0	0	0	0	0	82178	0	0	0	0	0	252012	0	0	0	0	946265	0	0	0	9096929	0
FFQ	57	0	0	8	0	0	0	0	0	0	0	0	0	0	0	318128	0	0	0	0	0	0	81463	0	0	0	0	0	257765	0	0	0	0	950095	0	0	0	8962152	0
FFQ	58	0	0	9	0	0	0	0	0	0	0	0	0	0	0	314771	0	0	0	0	0	0	80278	0	0	0	0	0	264785	0	0	0	0	963178	0	0	0	8813967	0
FFQ	59	0	0	38	0	0	0	0	0	0	0	0	0	0	0	314366	0	0	0	0	0	0	79652	0	0	0	0	0	274343	0	0	0	0	977297	0	0	0	8652779	0
FFQ	60	0	0	5	0	0	0	0	0	0	0	0	0	0	0	317237	0	0	0	0	0	0	78855	0	0	0	0	0	274752	0	0	0	0	978983	0	0	0	8510221	0
FFQ	61	0	0	38	0	0	0	0	0	0	0	0	0	0	0	314085	0	0	0	0	0	0	79041	0	0	0	0	0	281536	0	0	0	0	987376	0	0	0	8355635	0
FFQ	62	0	0	26	0	0	0	0	0	0	0	0	0	0	0	308336	0	0	0	0	0	0	76724	0	0	0	0	0	280933	0	0	0	0	973305	0	0	0	8234150	0
FFQ	63	0	0	48	0	0	0	0	0	0	0	0	0	0	0	307017	0	0	0	0	0	0	76517	0	0	0	0	0	285305	0	0	0	0	968759	0	0	0	8090251	0
FFQ	64	0	0	8	0	0	0	0	0	0	0	0	0	0	0	304131	0	0	0	0	0	0	73909	0	0	0	0	0	283987	0	0	0	0	952949	0	0	0	7966715	0
FFQ	65	0	0	0	0	0	0	0	0	0	0	0	0	0	0	299230	0	0	0	0	0	0	72710	0	0	0	0	0	281947	0	0	0	0	939871	0	0	0	7841106	0
FFQ	66	0	0	0	0	0	0	0	0	0	0	0	0	0	0	297340	0	0	0	0	0	0	73787	0	0	0	0	0	281728	0	0	0	0	926423	0	0	0	7706536	0
FFQ	67	0	0	7	0	0	0	0	0	0	0	0	0	0	0	296542	0	0	0	0	0	0	72364	0	0	0	0	0	278942	0	0	0	0	908500	0	0	0	7575916	0
FFQ	68	0	0	30	0	0	0	0	0	0	0	0	0	0	0	296709	0	0	0	0	0	0	73699	0	0	0	0	0	278702	0	0	0	0	901605	0	0	0	7430330	0
FFQ	69	0	0	31	0	0	0	0	0	0	0	0	0	0	0	285702	0	0	0	0	0	0	73727	0	0	0	0	0	272120	0	0	0	0	875289	0	0	0	7320355	0
FFQ	70	0	0	32	0	0	0	0	0	0	0	0	0	0	0	282980	0	0	0	0	0	0	74296	0	0	0	0	0	267620	0	0	0	0	860781	0	0	0	7186210	0
FFQ	71	0	0	38	0	0	0	0	0	0	0	0	0	0	0	279648	0	0	0	0	0	0	75485	0	0	0	0	0	265718	0	0	0	0	851200	0	0	0	7040119	0
FFQ	72	0	0	23	0	0	0	0	0	0	0	0	0	0	0	280843	0	0	0	0	0	0	77701	0	0	0	0	0	264911	0	0	0	0	848489	0	0	0	6880686	0
FFQ	73	0	0	63	0	0	0	0	0	0	0	0	0	0	0	276119	0	0	0	0	0	0	77948	0	0	0	0	0	262901	0	0	0	0	836042	0	0	0	6749034	0
FFQ	74	0	0	29	0	0	0	0	0	0	0	0	0	0	0	272974	0	0	0	0	0	0	78762	0	0	0	0	0	260832	0	0	0	0	829178	0	0	0	6605442	0
FFQ	75	0	0	10	0	0	0	0	0	0	0	0	0	0	0	269372	0	0	0	0	0	0	81456	0	0	0	0	0	261735	0	0	0	0	835007	0	0	0	6444604	0
FFQ	76	0	0	34	0	0	0	0	0	0	0	0	0	0	0	264761	0	0	0	0	0	0	81818	0	0	0	0	0	260600	0	0	0	0	826924	0	0	0	6297197	0
FFQ	77	0	0	66	0	0	0	0	0	0	0	0	0	0	0	260538	0	0	0	0	0	0	83947	0	0	0	0	0	263628	0	0	0	0	837158	0	0	0	6124227	0
FFQ	78	0	0	7	0	0	0	0	0	0	0	0	0	0	0	250025	0	0	0	0	0	0	82845	0	0	0	0	0	262500	0	0	0	0	817668	0	0	0	5969004	0
FFQ	79	0	0	2	0	0	0	0	0	0	0	0	0	0	0	224363	0	0	0	0	0	0	81976	0	0	0	0	0	262130	0	0	0	0	804027	0	0	0	5692909	0
FFQ	80	0	0	0	0	0	0	0	0	0	0	0	0	0	0	152417	0	0	0	0	0	0	78017	0	0	0	0	0	248029	0	0	0	0	736959	0	0	0	5109339	0
FFQ	81	0	0	0	0	0	0	0	0	0	0	0	0	0	0	0	0	0	0	0	0	0	118539	0	0	0	0	0	455960	0	0	0	0	1162246	0	0	0	2676110	0
# Last Fragment Qualities. Use `grep ^LFQ | cut -f 2-` to extract this part.
# Columns correspond to qualities and rows to cycles. First column is the cycle number.
LFQ	1	0	0	182	0	0	0	0	0	0	0	0	0	0	0	387695	0	0	0	0	0	0	157820	0	0	0	0	0	34501	0	0	0	0	560691	0	0	0	11887362	0
LFQ	2	0	0	96	0	0	0	0	0	0	0	0	0	0	0	380843	0	0	0	0	0	0	152772	0	0	0	0	0	39309	0	0	0	0	552121	0	0	0	11880412	0
LFQ	3	0	0	165	0	0	0	0	0	0	0	0	0	0	0	385883	0	0	0	0	0	0	146594	0	0	0	0	0	43439	0	0	0	0	548772	0	0	0	11858184	0
LFQ	4	0	0	30	0	0	0	0	0	0	0	0	0	0	0	404133	0	0	0	0	0	0	140985	0	0	0	0	0	47436	0	0	0	0	555841	0	0	0	11812503	0
LFQ	5	0	0	44	0	0	0	0	0	0	0	0	0	0	0	424857	0	0	0	0	0	0	126669	0	0	0	0	0	49156	0	0	0	0	553765	0	0	0	11783443	0
LFQ	6	0	0	137	0	0	0	0	0	0	0	0	0	0	0	418296	0	0	0	0	0	0	124614	0	0	0	0	0	47052	0	0	0	0	534480	0	0	0	11791731	0
LFQ	7	0	0	447	0	0	0	0	0	0	0	0	0	0	0	418238	0	0	0	0	0	0	121985	0	0	0	0	0	45465	0	0	0	0	523707	0	0	0	11784883	0
LFQ	8	0	0	90	0	0	0	0	0	0	0	0	0	0	0	411906	0	0	0	0	0	0	121512	0	0	0	0	0	45098	0	0	0	0	510986	0	0	0	11783778	0
LFQ	9	0	0	315	0	0	0	0	0	0	0	0	0	0	0	411415	0	0	0	0	0	0	119862	0	0	0	0	0	44365	0	0	0	0	505236	0	0	0	11771617	0
LFQ	10	0	0	787	0	0	0	0	0	0	0	0	0	0	0	416362	0	0	0	0	0	0	118433	0	0	0	0	0	42448	0	0	0	0	505486	0	0	0	11749755	0
LFQ	11	0	0	923	0	0	0	0	0	0	0	0	0	0	0	407903	0	0	0	0	0	0	118345	0	0	0	0	0	44898	0	0	0	0	507113	0	0	0	11735830	0
LFQ	12	0	0	133	0	0	0	0	0	0	0	0	0	0	0	416221	0	0	0	0	0	0	112800	0	0	0	0	0	45671	0	0	0	0	512699	0	0	0	11709097	0
LFQ	13	0	0	371	0	0	0	0	0	0	0	0	0	0	0	416534	0	0	0	0	0	0	103930	0	0	0	0	0	46693	0	0	0	0	512994	0	0	0	11698549	0
LFQ	14	0	0	295	0	0	0	0	0	0	0	0	0	0	0	420597	0	0	0	0	0	0	96701	0	0	0	0	0	46199	0	0	0	0	510500	0	0	0	11687482	0
LFQ	15	0	0	200	0	0	0	0	0	0	0	0	0	0	0	428009	0	0	0	0	0	0	94951	0	0	0	0	0	48081	0	0	0	0	517417	0	0	0	11656220	0
LFQ	16	0	0	299	0	0	0	0	0	0	0	0	0	0	0	428411	0	0	0	0	0	0	92075	0	0	0	0	0	48488	0	0	0	0	516432	0	0	0	11642255	0
LFQ	17	0	0	181	0	0	0	0	0	0	0	0	0	0	0	428273	0	0	0	0	0	0	91220	0	0	0	0	0	48264	0	0	0	0	510535	0	0	0	11632774	0
LFQ	18	0	0	274	0	0	0	0	0	0	0	0	0	0	0	429944	0	0	0	0	0	0	91370	0	0	0	0	0	48351	0	0	0	0	506213	0	0	0	11618598	0
LFQ	19	0	0	361	0	0	0	0	0	0	0	0	0	0	0	428694	0	0	0	0	0	0	91945	0	0	0	0	0	50600	0	0	0	0	499183	0	0	0	11607979	0
LFQ	20	0	0	211	0	0	0	0	0	0	0	0	0	0	0	431011	0	0	0	0	0	0	94758	0	0	0	0	0	52273	0	0	0	0	494595	0	0	0	11589891	0
LFQ	21	0	0	113	0	0	0	0	0	0	0	0	0	0	0	423136	0	0	0	0	0	0	94881	0	0	0	0	0	54384	0	0	0	0	485005	0	0	0	11589981	0
LFQ	22	0	0	152	0	0	0	0	0	0	0	0	0	0	0	417303	0	0	0	0	0	0	97442	0	0	0	0	0	59136	0	0	0	0	480083	0	0	0	11578115	0
LFQ	23	0	0	8	0	0	0	0	0	0	0	0	0	0	0	409949	0	0	0	0	0	0	98053	0	0	0	0	0	61612	0	0	0	0	477189	0	0	0	11570307	0
LFQ	24	0	0	44	0	0	0	0	0	0	0	0	0	0	0	414276	0	0	0	0	0	0	100176	0	0	0	0	0	69043	0	0	0	0	479928	0	0	0	11538444	0
LFQ	25	0	0	52	0	0	0	0	0	0	0	0	0	0	0	434941	0	0	0	0	0	0	95907	0	0	0	0	0	71568	0	0	0	0	492638	0	0	0	11491188	0
LFQ	26	0	0	574	0	0	0	0	0	0	0	0	0	0	0	428537	0	0	0	0	0	0	97603	0	0	0	0	0	73917	0	0	0	0	482171	0	0	0	11488410	0
LFQ	27	0	0	185	0	0	0	0	0	0	0	0	0	0	0	439779	0	0	0	0	0	0	96348	0	0	0	0	0	80101	0	0	0	0	482722	0	0	0	11456394	0
LFQ	28	0	0	46	0	0	0	0	0	0	0	0	0	0	0	436555	0	0	0	0	0	0	96674	0	0	0	0	0	77155	0	0	0	0	477125	0	0	0	11452502	0
LFQ	29	0	0	151	0	0	0	0	0	0	0	0	0	0	0	433199	0	0	0	0	0	0	97263	0	0	0	0	0	82508	0	0	0	0	470797	0	0	0	11440917	0
LFQ	30	0	0	292	0	0	0	0	0	0	0	0	0	0	0	433044	0	0	0	0	0	0	97304	0	0	0	0	0	82782	0	0	0	0	476263	0	0	0	11419809	0
LFQ	31	0	0	280	0	0	0	0	0	0	0	0	0	0	0	429732	0	0	0	0	0	0	100715	0	0	0	0	0	90203	0	0	0	0	475682	0	0	0	11375038	0
LFQ	32	0	0	3	0	0	0	0	0	0	0	0	0	0	0	429768	0	0	0	0	0	0	105790	0	0	0	0	0	89977	0	0	0	0	474854	0	0	0	11330406	0
LFQ	33	0	0	184	0	0	0	0	0	0	0	0	0	0	0	424662	0	0	0	0	0	0	109306	0	0	0	0	0	92670	0	0	0	0	485854	0	0	0	11272908	0
LFQ	34	0	0	248	0	0	0	0	0	0	0	0	0	0	0	426845	0	0	0	0	0	0	108189	0	0	0	0	0	100856	0	0	0	0	503995	0	0	0	11197859	0
LFQ	35	0	0	1689	0	0	0	0	0	0	0	0	0	0	0	429122	0	0	0	0	0	0	107664	0	0	0	0	0	103502	0	0	0	0	519605	0	0	0	11126193	0
LFQ	36	0	0	294	0	0	0	0	0	0	0	0	0	0	0	418495	0	0	0	0	0	0	102956	0	0	0	0	0	106540	0	0	0	0	533722	0	0	0	11070671	0
LFQ	37	0	0	102	0	0	0	0	0	0	0	0	0	0	0	410433	0	0	0	0	0	0	99191	0	0	0	0	0	112435	0	0	0	0	563891	0	0	0	10987041	0
LFQ	38	0	0	35	0	0	0	0	0	0	0	0	0	0	0	416247	0	0	0	0	0	0	96890	0	0	0	0	0	113205	0	0	0	0	585339	0	0	0	10897519	0
LFQ	39	0	0	11	0	0	0	0	0	0	0	0	0	0	0	417602	0	0	0	0	0	0	97118	0	0	0	0	0	115739	0	0	0	0	600046	0	0	0	10813267	0
LFQ	40	0	0	322	0	0	0	0	0	0	0	0	0	0	0	425209	0	0	0	0	0	0	95549	0	0	0	0	0	119725	0	0	0	0	614857	0	0	0	10716127	0
LFQ	41	0	0	224	0	0	0	0	0	0	0	0	0	0	0	424173	0	0	0	0	0	0	90646	0	0	0	0	0	124067	0	0	0	0	652149	0	0	0	10604838	0
LFQ	42	0	0	499	0	0	0	0	0	0	0	0	0	0	0	417501	0	0	0	0	0	0	89143	0	0	0	0	0	123536	0	0	0	0	658640	0	0	0	10528116	0
LFQ	43	0	0	440	0	0	0	0	0	0	0	0	0	0	0	415916	0	0	0	0	0	0	91889	0	0	0	0	0	133596	0	0	0	0	674885	0	0	0	10418043	0
LFQ	44	0	0	608	0	0	0	0	0	0	0	0	0	0	0	421742	0	0	0	0	0	0	89460	0	0	0	0	0	147494	0	0	0	0	708138	0	0	0	10279747	0
LFQ	45	0	0	13	0	0	0	0	0	0	0	0	0	0	0	418384	0	0	0	0	0	0	85747	0	0	0	0	0	157246	0	0	0	0	725160	0	0	0	10171405	0
LFQ	46	0	0	3	0	0	0	0	0	0	0	0	0	0	0	417990	0	0	0	0	0	0	86645	0	0	0	0	0	162138	0	0	0	0	724822	0	0	0	10072606	0
LFQ	47	0	0	596	0	0	0	0	0	0	0	0	0	0	0	418868	0	0	0	0	0	0	86612	0	0	0	0	0	160699	0	0	0	0	727202	0	0	0	9973017	0
LFQ	48	0	0	299	0	0	0	0	0	0	0	0	0	0	0	414698	0	0	0	0	0	0	83566	0	0	0	0	0	172289	0	0	0	0	725818	0	0	0	9868880	0
LFQ	49	0	0	682	0	0	0	0	0	0	0	0	0	0	0	410246	0	0	0	0	0	0	78648	0	0	0	0	0	169687	0	0	0	0	722213	0	0	0	9781796	0
LFQ	50	0	0	674	0	0	0	0	0	0	0	0	0	0	0	406434	0	0	0	0	0	0	78553	0	0	0	0	0	183322	0	0	0	0	715005	0	0	0	9673142	0
LFQ	51	0	0	170	0	0	0	0	0	0	0	0	0	0	0	399795	0	0	0	0	0	0	79020	0	0	0	0	0	189515	0	0	0	0	708955	0	0	0	9568106	0
LFQ	52	0	0	214	0	0	0	0	0	0	0	0	0	0	0	389371	0	0	0	0	0	0	78845	0	0	0	0	0	185362	0	0	0	0	702336	0	0	0	9472683	0
LFQ	53	0	0	13	0	0	0	0	0	0	0	0	0	0	0	380126	0	0	0	0	0	0	75202	0	0	0	0	0	189699	0	0	0	0	688153	0	0	0	9377292	0
LFQ	54	0	0	252	0	0	0	0	0	0	0	0	0	0	0	383093	0	0	0	0	0	0	75448	0	0	0	0	0	193887	0	0	0	0	689841	0	0	0	9244935	0
LFQ	55	0	0	485	0	0	0	0	0	0	0	0	0	0	0	382329	0	0	0	0	0	0	74544	0	0	0	0	0	195299	0	0	0	0	693014	0	0	0	9117361	0
LFQ	56	0	0	449	0	0	0	0	0	0	0	0	0	0	0	380316	0	0	0	0	0	0	71101	0	0	0	0	0	198527	0	0	0	0	687090	0	0	0	8998052	0
LFQ	57	0	0	215	0	0	0	0	0	0	0	0	0	0	0	380121	0	0	0	0	0	0	69294	0	0	0	0	0	198325	0	0	0	0	685494	0	0	0	8872981	0
LFQ	58	0	0	52	0	0	0	0	0	0	0	0	0	0	0	378282	0	0	0	0	0	0	66557	0	0	0	0	0	201205	0	0	0	0	684479	0	0	0	8743426	0
LFQ	59	0	0	17	0	0	0	0	0	0	0	0	0	0	0	373197	0	0	0	0	0	0	64142	0	0	0	0	0	199871	0	0	0	0	675338	0	0	0	8623225	0
LFQ	60	0	0	145	0	0	0	0	0	0	0	0	0	0	0	370409	0	0	0	0	0	0	62052	0	0	0	0	0	200745	0	0	0	0	669544	0	0	0	8495066	0
LFQ	61	0	0	164	0	0	0	0	0	0	0	0	0	0	0	378886	0	0	0	0	0	0	62738	0	0	0	0	0	205684	0	0	0	0	676682	0	0	0	8332371	0
LFQ	62	0	0	306	0	0	0	0	0	0	0	0	0	0	0	377506	0	0	0	0	0	0	62931	0	0	0	0	0	204931	0	0	0	0	674884	0	0	0	8192705	0
LFQ	63	0	0	643	0	0	0	0	0	0	0	0	0	0	0	372813	0	0	0	0	0	0	57431	0	0	0	0	0	198569	0	0	0	0	662497	0	0	0	8077196	0
LFQ	64	0	0	578	0	0	0	0	0	0	0	0	0	0	0	364242	0	0	0	0	0	0	55947	0	0	0	0	0	193367	0	0	0	0	649242	0	0	0	7961267	0
LFQ	65	0	0	264	0	0	0	0	0	0	0	0	0	0	0	363205	0	0	0	0	0	0	55674	0	0	0	0	0	190585	0	0	0	0	647681	0	0	0	7822991	0
LFQ	66	0	0	0	0	0	0	0	0	0	0	0	0	0	0	360530	0	0	0	0	0	0	56634	0	0	0	0	0	192427	0	0	0	0	652081	0	0	0	7672816	0
LFQ	67	0	0	92	0	0	0	0	0	0	0	0	0	0	0	351450	0	0	0	0	0	0	54575	0	0	0	0	0	189613	0	0	0	0	639910	0	0	0	7548751	0
LFQ	68	0	0	87	0	0	0	0	0	0	0	0	0	0	0	335770	0	0	0	0	0	0	50023	0	0	0	0	0	183117	0	0	0	0	621991	0	0	0	7446242	0
LFQ	69	0	0	53	0	0	0	0	0	0	0	0	0	0	0	328594	0	0	0	0	0	0	48287	0	0	0	0	0	178568	0	0	0	0	611336	0	0	0	7320589	0
LFQ	70	0	0	105	0	0	0	0	0	0	0	0	0	0	0	325791	0	0	0	0	0	0	49074	0	0	0	0	0	179798	0	0	0	0	611267	0	0	0	7170145	0
LFQ	71	0	0	33	0	0	0	0	0	0	0	0	0	0	0	326557	0	0	0	0	0	0	49188	0	0	0	0	0	182748	0	0	0	0	615700	0	0	0	7007114	0
LFQ	72	0	0	2	0	0	0	0	0	0	0	0	0	0	0	323754	0	0	0	0	0	0	49016	0	0	0	0	0	181345	0	0	0	0	611494	0	0	0	6861235	0
LFQ	73	0	0	0	0	0	0	0	0	0	0	0	0	0	0	315239	0	0	0	0	0	0	47149	0	0	0	0	0	179788	0	0	0	0	609357	0	0	0	6726354	0
LFQ	74	0	0	0	0	0	0	0	0	0	0	0	0	0	0	298516	0	0	0	0	0	0	44641	0	0	0	0	0	174606	0	0	0	0	593441	0	0	0	6612401	0
LFQ	75	0	0	6	0	0	0	0	0	0	0	0	0	0	0	298163	0	0	0	0	0	0	43318	0	0	0	0	0	175146	0	0	0	0	591576	0	0	0	6460312	0
LFQ	76	0	0	2	0	0	0	0	0	0	0	0	0	0	0	296792	0	0	0	0	0	0	43314	0	0	0	0	0	172635	0	0	0	0	589822	0	0	0	6305688	0
LFQ	77	0	0	16	0	0	0	0	0	0	0	0	0	0	0	293077	0	0	0	0	0	0	44057	0	0	0	0	0	174059	0	0	0	0	586973	0	0	0	6149469	0
LFQ	78	0	0	3	0	0	0	0	0	0	0	0	0	0	0	279801	0	0	0	0	0	0	43269	0	0	0	0	0	173702	0	0	0	0	579265	0	0	0	5985333	0
LFQ	79	0	0	0	0	0	0	0	0	0	0	0	0	0	0	256863	0	0	0	0	0	0	43515	0	0	0	0	0	175813	0	0	0	0	565040	0	0	0	5703959	0
LFQ	80	0	0	36	0	0	0	0	0	0	0	0	0	0	0	167283	0	0	0	0	0	0	39715	0	0	0	0	0	158187	0	0	0	0	505941	0	0	0	5153097	0
LFQ	81	0	0	0	0	0	0	0	0	0	0	0	0	0	0	0	0	0	0	0	0	0	88027	0	0	0	0	0	295231	0	0	0	0	912061	0	0	0	2875904	0
# GC Content of first fragments. Use `grep ^GCF | cut -f 2-` to extract this part.
GCF	0.50	4319
GCF	1.76	4317
GCF	2.76	4316
GCF	3.27	4317
GCF	3.77	4332
GCF	4.27	4337
GCF	4.77	4335
GCF	5.28	4331
GCF	5.78	4315
GCF	6.28	4309
GCF	6.78	4300
GCF	7.29	4312
GCF	7.79	4313
GCF	8.29	4318
GCF	8.79	4337
GCF	9.30	4346
GCF	9.80	4339
GCF	10.30	4382
GCF	10.80	4394
GCF	11.31	4455
GCF	11.81	4490
GCF	12.31	4586
GCF	12.81	4603
GCF	13.32	4653
GCF	13.82	4687
GCF	14.32	4799
GCF	14.82	4850
GCF	15.33	4882
GCF	15.83	4935
GCF	16.33	4982
GCF	16.83	5251
GCF	17.34	5351
GCF	17.84	5427
GCF	18.34	5581
GCF	18.84	5702
GCF	19.35	5745
GCF	19.85	6521
GCF	20.35	6600
GCF	20.85	6890
GCF	21.36	7212
GCF	21.86	7294
GCF	22.36	8147
GCF	22.86	8508
GCF	23.37	9122
GCF	23.87	9874
GCF	24.37	9972
GCF	24.87	12751
GCF	25.38	12977
GCF	25.88	14897
GCF	26.38	16351
GCF	26.88	16982
GCF	27.39	21739
GCF	27.89	22842
GCF	28.39	27466
GCF	28.89	31240
GCF	29.40	37563
GCF	29.90	41796
GCF	30.40	44727
GCF	30.90	53601
GCF	31.41	62526
GCF	31.91	75012
GCF	32.41	84248
GCF	32.91	89726
GCF	33.42	109722
GCF	33.92	123701
GCF	34.42	150051
GCF	34.92	168220
GCF	35.43	180424
GCF	35.93	210453
GCF	36.43	229927
GCF	36.93	260828
GCF	37.44	285230
GCF	37.94	301203
GCF	38.44	329649
GCF	38.94	350790
GCF	39.45	383741
GCF	39.95	405769
GCF	40.45	419289
GCF	40.95	445834
GCF	41.46	464346
GCF	41.96	487889
GCF	42.46	505836
GCF	42.96	528435
GCF	43.47	536527
GCF	43.97	552784
GCF	44.47	564540
GCF	44.97	571384
GCF	45.48	588071
GCF	45.98	593487
GCF	46.48	599732
GCF	46.98	608777
GCF	47.49	617199
GCF	47.99	627876
GCF	48.49	634117
GCF	48.99	635117
GCF	49.50	636933
GCF	50.00	643487
GCF	50.50	643827
GCF	51.01	640244
GCF	51.51	640166
GCF	52.01	636463
GCF	52.51	633188
GCF	53.02	629290
GCF	53.52	626310
GCF	54.02	624372
GCF	54.52	631162
GCF	55.03	631744
GCF	55.53	633670
GCF	56.03	632874
GCF	56.53	631364
GCF	57.04	634516
GCF	57.54	633218
GCF	58.04	633463
GCF	58.54	633255
GCF	59.05	634173
GCF	59.55	632179
GCF	60.05	629034
GCF	60.55	621316
GCF	61.06	612390
GCF	61.56	596584
GCF	62.06	587883
GCF	62.56	574653
GCF	63.07	554773
GCF	63.57	542577
GCF	64.07	518443
GCF	64.57	509133
GCF	65.08	488420
GCF	65.58	460970
GCF	66.08	449503
GCF	66.58	418716
GCF	67.09	411226
GCF	67.59	393593
GCF	68.09	366229
GCF	68.59	345280
GCF	69.10	313344
GCF	69.60	296956
GCF	70.10	277908
GCF	70.60	255285
GCF	71.11	241158
GCF	71.61	215747
GCF	72.11	204183
GCF	72.61	177879
GCF	73.12	168321
GCF	73.62	159711
GCF	74.12	148077
GCF	74.62	144398
GCF	75.13	132758
GCF	75.63	127248
GCF	76.13	120625
GCF	76.63	111087
GCF	77.14	106407
GCF	77.64	94430
GCF	78.14	90092
GCF	78.64	83227
GCF	79.15	74553
GCF	79.65	70937
GCF	80.15	60399
GCF	80.65	57782
GCF	81.16	53789
GCF	81.66	49052
GCF	82.16	46796
GCF	82.66	41676
GCF	83.17	38434
GCF	83.67	36441
GCF	84.17	33493
GCF	84.67	31521
GCF	85.18	29143
GCF	85.68	27291
GCF	86.18	25628
GCF	86.68	24382
GCF	87.19	23507
GCF	87.69	21743
GCF	88.19	20988
GCF	88.69	19857
GCF	89.20	19576
GCF	89.70	19212
GCF	90.20	18512
GCF	90.70	17823
GCF	91.21	17477
GCF	91.71	17014
GCF	92.21	16625
GCF	92.71	16224
GCF	93.22	15987
GCF	93.72	15748
GCF	94.22	15473
GCF	94.72	15379
GCF	95.23	15141
GCF	95.73	15028
GCF	96.23	14867
GCF	96.73	14657
GCF	97.24	14498
GCF	97.74	14441
GCF	98.24	14443
GCF	99.25	14558
# GC Content of last fragments. Use `grep ^GCL | cut -f 2-` to extract this part.
GCL	0.50	17544
GCL	1.26	17541
GCL	1.76	17542
GCL	2.26	17541
GCL	3.02	17540
GCL	3.77	17544
GCL	4.27	17565
GCL	4.77	17566
GCL	5.28	17585
GCL	5.78	17565
GCL	6.28	17578
GCL	6.78	17604
GCL	7.29	17667
GCL	7.79	17681
GCL	8.29	17685
GCL	8.79	17697
GCL	9.30	17765
GCL	9.80	17887
GCL	10.30	17924
GCL	10.80	17945
GCL	11.31	18140
GCL	11.81	18215
GCL	12.31	18560
GCL	12.81	18584
GCL	13.32	18674
GCL	13.82	18735
GCL	14.32	19359
GCL	14.82	19455
GCL	15.33	19648
GCL	15.83	19737
GCL	16.33	19782
GCL	16.83	20908
GCL	17.34	21067
GCL	17.84	21201
GCL	18.34	21670
GCL	18.84	21899
GCL	19.35	22028
GCL	19.85	24274
GCL	20.35	24355
GCL	20.85	24727
GCL	21.36	25157
GCL	21.86	25327
GCL	22.36	26795
GCL	22.86	27489
GCL	23.37	28238
GCL	23.87	29105
GCL	24.37	29273
GCL	24.87	35065
GCL	25.38	35504
GCL	25.88	37787
GCL	26.38	39483
GCL	26.88	40493
GCL	27.39	45524
GCL	27.89	46908
GCL	28.39	52674
GCL	28.89	56409
GCL	29.40	62982
GCL	29.90	68131
GCL	30.40	70976
GCL	30.90	81325
GCL	31.41	91465
GCL	31.91	103160
GCL	32.41	111374
GCL	32.91	116991
GCL	33.42	144766
GCL	33.92	160506
GCL	34.42	186725
GCL	34.92	203994
GCL	35.43	217388
GCL	35.93	246844
GCL	36.43	266186
GCL	36.93	296918
GCL	37.44	320816
GCL	37.94	338880
GCL	38.44	367081
GCL	38.94	389873
GCL	39.45	422265
GCL	39.95	446435
GCL	40.45	460367
GCL	40.95	482967
GCL	41.46	500021
GCL	41.96	524483
GCL	42.46	539330
GCL	42.96	560178
GCL	43.47	569677
GCL	43.97	586535
GCL	44.47	606610
GCL	44.97	614394
GCL	45.48	628115
GCL	45.98	633068
GCL	46.48	638511
GCL	46.98	646615
GCL	47.49	653282
GCL	47.99	663499
GCL	48.49	670604
GCL	48.99	672294
GCL	49.50	673292
GCL	50.00	686709
GCL	50.50	690572
GCL	51.01	686289
GCL	51.51	687168
GCL	52.01	679481
GCL	52.51	675086
GCL	53.02	674087
GCL	53.52	670073
GCL	54.02	669092
GCL	54.52	673526
GCL	55.03	676000
GCL	55.53	680251
GCL	56.03	680057
GCL	56.53	678970
GCL	57.04	683030
GCL	57.54	680844
GCL	58.04	680357
GCL	58.54	680530
GCL	59.05	684106
GCL	59.55	679978
GCL	60.05	672963
GCL	60.55	669072
GCL	61.06	657814
GCL	61.56	638751
GCL	62.06	629692
GCL	62.56	617636
GCL	63.07	598739
GCL	63.57	585858
GCL	64.07	562007
GCL	64.57	552136
GCL	65.08	533574
GCL	65.58	505855
GCL	66.08	493779
GCL	66.58	465450
GCL	67.09	456231
GCL	67.59	439219
GCL	68.09	409307
GCL	68.59	388705
GCL	69.10	358915
GCL	69.60	341978
GCL	70.10	324131
GCL	70.60	301062
GCL	71.11	287454
GCL	71.61	259834
GCL	72.11	248086
GCL	72.61	221520
GCL	73.12	212450
GCL	73.62	204107
GCL	74.12	193005
GCL	74.62	189801
GCL	75.13	174228
GCL	75.63	169399
GCL	76.13	162441
GCL	76.63	151972
GCL	77.14	146737
GCL	77.64	134105
GCL	78.14	130842
GCL	78.64	123983
GCL	79.15	114576
GCL	79.65	110639
GCL	80.15	97592
GCL	80.65	94372
GCL	81.16	90024
GCL	81.66	84140
GCL	82.16	82022
GCL	82.66	77094
GCL	83.17	71931
GCL	83.67	70289
GCL	84.17	67530
GCL	84.67	65317
GCL	85.18	63104
GCL	85.68	59367
GCL	86.18	57939
GCL	86.68	56491
GCL	87.19	55598
GCL	87.69	52986
GCL	88.19	52112
GCL	88.69	50583
GCL	89.20	50293
GCL	89.70	49926
GCL	90.20	48809
GCL	90.70	47848
GCL	91.21	47648
GCL	91.71	47116
GCL	92.21	46686
GCL	92.71	46344
GCL	93.22	46024
GCL	93.72	45677
GCL	94.22	45338
GCL	94.72	45258
GCL	95.23	45084
GCL	95.73	44984
GCL	96.23	44890
GCL	96.73	44787
GCL	97.24	44771
GCL	97.74	44825
GCL	98.24	44906
GCL	99.25	45058
# ACGT content per cycle. Use `grep ^GCC | cut -f 2-` to extract this part. The columns are: cycle; A,C,G,T base counts as a percentage of all A/C/G/T bases [%]; and N and O counts as a percentage of all A/C/G/T bases [%]
GCC	1	23.84	26.59	26.34	23.23	0.00	0.00
GCC	2	23.65	26.81	26.41	23.13	0.00	0.00
GCC	3	23.78	26.59	26.34	23.29	0.00	0.00
GCC	4	23.73	26.69	26.34	23.24	0.00	0.00
GCC	5	23.60	26.69	26.51	23.20	0.00	0.00
GCC	6	23.79	26.61	26.34	23.27	0.00	0.00
GCC	7	23.67	26.72	26.37	23.24	0.00	0.00
GCC	8	23.51	26.91	26.49	23.09	0.00	0.00
GCC	9	23.69	26.78	26.26	23.26	0.00	0.00
GCC	10	23.63	26.77	26.37	23.22	0.00	0.00
GCC	11	23.47	26.89	26.47	23.17	0.00	0.00
GCC	12	23.66	26.71	26.35	23.28	0.00	0.00
GCC	13	23.62	26.76	26.35	23.27	0.00	0.00
GCC	14	23.52	26.97	26.39	23.12	0.00	0.00
GCC	15	23.59	26.76	26.39	23.26	0.00	0.00
GCC	16	23.61	26.88	26.40	23.11	0.00	0.00
GCC	17	23.43	27.04	26.47	23.05	0.00	0.00
GCC	18	23.55	26.86	26.36	23.23	0.00	0.00
GCC	19	23.63	26.88	26.33	23.15	0.00	0.00
GCC	20	23.46	26.90	26.48	23.16	0.00	0.00
GCC	21	23.62	26.80	26.38	23.20	0.00	0.00
GCC	22	23.58	26.82	26.40	23.20	0.00	0.00
GCC	23	23.50	26.90	26.51	23.09	0.00	0.00
GCC	24	23.64	26.76	26.41	23.19	0.00	0.00
GCC	25	23.50	26.82	26.46	23.22	0.00	0.00
GCC	26	23.42	26.95	26.57	23.06	0.00	0.00
GCC	27	23.53	26.85	26.31	23.31	0.00	0.00
GCC	28	23.55	26.91	26.38	23.16	0.00	0.00
GCC	29	23.51	26.93	26.54	23.02	0.00	0.00
GCC	30	23.65	26.85	26.36	23.14	0.00	0.00
GCC	31	23.62	26.84	26.37	23.16	0.00	0.00
GCC	32	23.52	26.89	26.49	23.10	0.00	0.00
GCC	33	23.62	26.77	26.33	23.27	0.00	0.00
GCC	34	23.65	26.78	26.36	23.21	0.00	0.00
GCC	35	23.51	26.92	26.43	23.15	0.01	0.00
GCC	36	23.68	26.74	26.29	23.28	0.00	0.00
GCC	37	23.49	26.77	26.42	23.31	0.00	0.00
GCC	38	23.54	26.84	26.46	23.16	0.00	0.00
GCC	39	23.66	26.81	26.24	23.29	0.00	0.00
GCC	40	23.67	26.80	26.36	23.17	0.00	0.00
GCC	41	23.59	26.77	26.40	23.24	0.00	0.00
GCC	42	23.77	26.61	26.26	23.36	0.00	0.00
GCC	43	23.63	26.75	26.25	23.37	0.00	0.00
GCC	44	23.65	26.79	26.38	23.18	0.00	0.00
GCC	45	23.70	26.71	26.27	23.32	0.00	0.00
GCC	46	23.76	26.72	26.20	23.32	0.00	0.00
GCC	47	23.67	26.73	26.38	23.23	0.00	0.00
GCC	48	23.75	26.69	26.18	23.38	0.00	0.00
GCC	49	23.68	26.71	26.28	23.33	0.00	0.00
GCC	50	23.67	26.76	26.38	23.19	0.00	0.00
GCC	51	23.81	26.59	26.24	23.37	0.00	0.00
GCC	52	23.71	26.63	26.26	23.40	0.00	0.00
GCC	53	23.73	26.69	26.29	23.28	0.00	0.00
GCC	54	23.85	26.55	26.18	23.42	0.00	0.00
GCC	55	23.71	26.56	26.24	23.49	0.00	0.00
GCC	56	23.77	26.71	26.21	23.31	0.00	0.00
GCC	57	23.83	26.64	26.14	23.38	0.00	0.00
GCC	58	23.79	26.59	26.15	23.47	0.00	0.00
GCC	59	23.63	26.64	26.30	23.43	0.00	0.00
GCC	60	23.74	26.56	26.22	23.48	0.00	0.00
GCC	61	23.89	26.52	26.23	23.36	0.00	0.00
GCC	62	23.70	26.60	26.34	23.36	0.00	0.00
GCC	63	23.84	26.49	26.20	23.46	0.00	0.00
GCC	64	23.92	26.53	26.18	23.36	0.00	0.00
GCC	65	23.80	26.59	26.18	23.43	0.00	0.00
GCC	66	23.93	26.56	26.09	23.42	0.00	0.00
GCC	67	23.88	26.50	26.14	23.48	0.00	0.00
GCC	68	23.75	26.62	26.29	23.34	0.00	0.00
GCC	69	23.94	26.42	26.23	23.41	0.00	0.00
GCC	70	23.91	26.58	26.10	23.41	0.00	0.00
GCC	71	23.75	26.70	26.20	23.36	0.00	0.00
GCC	72	23.86	26.49	26.24	23.41	0.00	0.00
GCC	73	23.86	26.47	26.13	23.55	0.00	0.00
GCC	74	23.78	26.59	26.24	23.39	0.00	0.00
GCC	75	23.89	26.38	26.22	23.51	0.00	0.00
GCC	76	23.85	26.46	26.22	23.48	0.00	0.00
GCC	77	23.75	26.54	26.26	23.45	0.00	0.00
GCC	78	23.78	26.56	26.26	23.40	0.00	0.00
GCC	79	23.43	26.91	26.67	22.99	0.00	0.00
GCC	80	21.94	28.42	28.07	21.58	0.00	0.00
GCC	81	17.21	33.25	32.64	16.90	0.00	0.00
# ACGT content per cycle, read oriented. Use `grep ^GCT | cut -f 2-` to extract this part. The columns are: cycle; A,C,G,T base counts as a percentage of all A/C/G/T bases [%]
GCT	1	23.01	26.63	26.30	24.06
GCT	2	23.07	26.66	26.56	23.70
GCT	3	23.10	26.58	26.35	23.97
GCT	4	23.02	26.70	26.33	23.95
GCT	5	23.09	26.71	26.48	23.71
GCT	6	23.16	26.68	26.27	23.90
GCT	7	23.04	26.74	26.34	23.88
GCT	8	23.01	26.84	26.56	23.59
GCT	9	23.20	26.67	26.37	23.76
GCT	10	23.10	26.77	26.37	23.76
GCT	11	23.12	26.69	26.67	23.52
GCT	12	23.20	26.63	26.42	23.74
GCT	13	23.14	26.77	26.34	23.75
GCT	14	23.08	26.64	26.72	23.56
GCT	15	23.11	26.60	26.55	23.74
GCT	16	22.99	26.75	26.53	23.73
GCT	17	23.03	26.82	26.69	23.45
GCT	18	23.24	26.63	26.59	23.54
GCT	19	23.17	26.70	26.52	23.61
GCT	20	23.21	26.69	26.69	23.41
GCT	21	23.28	26.58	26.60	23.54
GCT	22	23.22	26.69	26.53	23.56
GCT	23	23.20	26.67	26.74	23.39
GCT	24	23.36	26.50	26.67	23.47
GCT	25	23.19	26.58	26.70	23.52
GCT	26	23.17	26.68	26.84	23.31
GCT	27	23.40	26.56	26.60	23.44
GCT	28	23.20	26.56	26.72	23.51
GCT	29	23.30	26.55	26.92	23.23
GCT	30	23.45	26.43	26.79	23.33
GCT	31	23.35	26.52	26.69	23.43
GCT	32	23.47	26.50	26.89	23.15
GCT	33	23.52	26.41	26.69	23.37
GCT	34	23.40	26.46	26.68	23.47
GCT	35	23.38	26.57	26.78	23.27
GCT	36	23.58	26.31	26.73	23.38
GCT	37	23.41	26.45	26.74	23.40
GCT	38	23.45	26.45	26.85	23.25
GCT	39	23.55	26.30	26.75	23.40
GCT	40	23.47	26.41	26.76	23.36
GCT	41	23.61	26.31	26.86	23.22
GCT	42	23.73	26.18	26.69	23.39
GCT	43	23.61	26.29	26.71	23.39
GCT	44	23.64	26.30	26.87	23.19
GCT	45	23.85	26.22	26.76	23.18
GCT	46	23.66	26.25	26.66	23.42
GCT	47	23.63	26.33	26.78	23.26
GCT	48	23.78	26.15	26.72	23.35
GCT	49	23.58	26.26	26.74	23.42
GCT	50	23.70	26.18	26.97	23.15
GCT	51	23.80	26.07	26.75	23.38
GCT	52	23.77	26.19	26.70	23.34
GCT	53	23.80	26.14	26.84	23.21
GCT	54	23.89	25.97	26.76	23.38
GCT	55	23.79	26.11	26.69	23.42
GCT	56	23.78	26.16	26.76	23.30
GCT	57	23.89	26.07	26.71	23.33
GCT	58	23.81	26.04	26.71	23.45
GCT	59	23.80	26.09	26.85	23.26
GCT	60	23.91	26.03	26.76	23.31
GCT	61	23.91	26.02	26.73	23.34
GCT	62	23.83	26.08	26.86	23.22
GCT	63	24.01	25.98	26.72	23.29
GCT	64	23.89	26.05	26.67	23.40
GCT	65	23.96	25.91	26.85	23.27
GCT	66	23.92	25.88	26.78	23.43
GCT	67	23.93	25.94	26.70	23.43
GCT	68	23.80	25.97	26.94	23.29
GCT	69	24.01	25.95	26.70	23.34
GCT	70	23.91	25.98	26.70	23.41
GCT	71	23.89	25.98	26.91	23.22
GCT	72	23.92	26.07	26.66	23.35
GCT	73	23.93	25.91	26.69	23.47
GCT	74	23.93	25.96	26.87	23.24
GCT	75	23.98	25.92	26.68	23.42
GCT	76	23.95	25.93	26.74	23.38
GCT	77	23.75	25.97	26.83	23.45
GCT	78	23.68	26.06	26.76	23.50
GCT	79	22.28	26.61	26.97	24.14
GCT	80	17.57	28.80	27.68	25.95
GCT	81	0.00	37.72	28.17	34.11
# ACGT content per cycle for first fragments. Use `grep ^FBC | cut -f 2-` to extract this part. The columns are: cycle; A,C,G,T base counts as a percentage of all A/C/G/T bases [%]; and N and O counts as a percentage of all A/C/G/T bases [%]
FBC	1	23.88	26.59	26.21	23.32	0.00	0.00
FBC	2	23.73	26.82	26.28	23.18	0.00	0.00
FBC	3	23.82	26.57	26.20	23.40	0.00	0.00
FBC	4	23.73	26.65	26.30	23.32	0.00	0.00
FBC	5	23.68	26.69	26.39	23.25	0.00	0.00
FBC	6	23.87	26.58	26.20	23.35	0.00	0.00
FBC	7	23.69	26.74	26.27	23.29	0.00	0.00
FBC	8	23.55	26.97	26.34	23.14	0.00	0.00
FBC	9	23.75	26.77	26.13	23.34	0.00	0.00
FBC	10	23.73	26.75	26.28	23.24	0.00	0.00
FBC	11	23.51	26.92	26.38	23.19	0.00	0.00
FBC	12	23.76	26.71	26.23	23.31	0.00	0.00
FBC	13	23.61	26.83	26.27	23.29	0.00	0.00
FBC	14	23.55	26.98	26.29	23.18	0.00	0.00
FBC	15	23.64	26.79	26.28	23.29	0.00	0.00
FBC	16	23.60	26.92	26.34	23.14	0.00	0.00
FBC	17	23.48	27.07	26.37	23.07	0.00	0.00
FBC	18	23.55	26.88	26.29	23.28	0.00	0.00
FBC	19	23.66	26.89	26.25	23.21	0.00	0.00
FBC	20	23.46	26.92	26.43	23.19	0.00	0.00
FBC	21	23.65	26.81	26.31	23.23	0.00	0.00
FBC	22	23.59	26.85	26.33	23.22	0.00	0.00
FBC	23	23.54	26.93	26.45	23.08	0.00	0.00
FBC	24	23.66	26.75	26.36	23.22	0.00	0.00
FBC	25	23.47	26.85	26.40	23.28	0.00	0.00
FBC	26	23.42	27.02	26.51	23.05	0.00	0.00
FBC	27	23.56	26.87	26.23	23.34	0.00	0.00
FBC	28	23.57	26.94	26.32	23.17	0.00	0.00
FBC	29	23.51	26.96	26.49	23.05	0.00	0.00
FBC	30	23.64	26.86	26.31	23.18	0.00	0.00
FBC	31	23.66	26.83	26.33	23.18	0.00	0.00
FBC	32	23.53	26.95	26.43	23.10	0.00	0.00
FBC	33	23.67	26.79	26.29	23.24	0.00	0.00
FBC	34	23.66	26.81	26.31	23.22	0.00	0.00
FBC	35	23.52	26.96	26.37	23.14	0.00	0.00
FBC	36	23.71	26.79	26.26	23.25	0.00	0.00
FBC	37	23.48	26.79	26.43	23.30	0.00	0.00
FBC	38	23.50	26.82	26.50	23.18	0.00	0.00
FBC	39	23.73	26.83	26.18	23.26	0.00	0.00
FBC	40	23.65	26.82	26.31	23.21	0.00	0.00
FBC	41	23.65	26.77	26.38	23.19	0.00	0.00
FBC	42	23.77	26.63	26.30	23.30	0.00	0.00
FBC	43	23.58	26.79	26.22	23.41	0.00	0.00
FBC	44	23.64	26.84	26.36	23.16	0.00	0.00
FBC	45	23.71	26.72	26.28	23.29	0.00	0.00
FBC	46	23.74	26.77	26.17	23.32	0.00	0.00
FBC	47	23.64	26.78	26.32	23.26	0.00	0.00
FBC	48	23.73	26.73	26.18	23.36	0.00	0.00
FBC	49	23.64	26.76	26.27	23.33	0.00	0.00
FBC	50	23.69	26.78	26.32	23.21	0.00	0.00
FBC	51	23.81	26.59	26.22	23.39	0.00	0.00
FBC	52	23.73	26.68	26.22	23.37	0.00	0.00
FBC	53	23.73	26.78	26.21	23.28	0.00	0.00
FBC	54	23.81	26.58	26.16	23.45	0.00	0.00
FBC	55	23.71	26.63	26.19	23.46	0.00	0.00
FBC	56	23.78	26.80	26.12	23.30	0.00	0.00
FBC	57	23.84	26.64	26.17	23.35	0.00	0.00
FBC	58	23.78	26.61	26.21	23.40	0.00	0.00
FBC	59	23.69	26.66	26.28	23.38	0.00	0.00
FBC	60	23.78	26.58	26.23	23.42	0.00	0.00
FBC	61	23.88	26.53	26.23	23.35	0.00	0.00
FBC	62	23.70	26.63	26.29	23.37	0.00	0.00
FBC	63	23.80	26.53	26.21	23.46	0.00	0.00
FBC	64	23.88	26.53	26.21	23.37	0.00	0.00
FBC	65	23.79	26.60	26.16	23.45	0.00	0.00
FBC	66	23.94	26.60	26.08	23.39	0.00	0.00
FBC	67	23.83	26.56	26.15	23.46	0.00	0.00
FBC	68	23.74	26.69	26.24	23.34	0.00	0.00
FBC	69	23.93	26.41	26.27	23.39	0.00	0.00
FBC	70	23.87	26.65	26.09	23.39	0.00	0.00
FBC	71	23.75	26.71	26.18	23.36	0.00	0.00
FBC	72	23.87	26.46	26.21	23.46	0.00	0.00
FBC	73	23.86	26.47	26.15	23.52	0.00	0.00
FBC	74	23.79	26.61	26.16	23.44	0.00	0.00
FBC	75	23.89	26.37	26.20	23.54	0.00	0.00
FBC	76	23.87	26.50	26.18	23.45	0.00	0.00
FBC	77	23.74	26.60	26.22	23.45	0.00	0.00
FBC	78	23.77	26.57	26.28	23.38	0.00	0.00
FBC	79	23.42	26.96	26.65	22.97	0.00	0.00
FBC	80	21.87	28.52	28.00	21.61	0.00	0.00
FBC	81	16.94	33.34	32.60	17.12	0.00	0.00
# ACGT raw counters for first fragments. Use `grep ^FTC | cut -f 2-` to extract this part. The columns are: A,C,G,T,N base counters
FTC	216207524	245119346	240787289	212564573	4423
# ACGT content per cycle for last fragments. Use `grep ^LBC | cut -f 2-` to extract this part. The columns are: cycle; A,C,G,T base counts as a percentage of all A/C/G/T bases [%]; and N and O counts as a percentage of all A/C/G/T bases [%]
LBC	1	23.80	26.59	26.47	23.14	0.00	0.00
LBC	2	23.57	26.81	26.54	23.08	0.00	0.00
LBC	3	23.74	26.61	26.47	23.18	0.00	0.00
LBC	4	23.73	26.72	26.39	23.16	0.00	0.00
LBC	5	23.53	26.69	26.63	23.15	0.00	0.00
LBC	6	23.70	26.63	26.48	23.18	0.00	0.00
LBC	7	23.65	26.69	26.46	23.19	0.00	0.00
LBC	8	23.47	26.84	26.64	23.05	0.00	0.00
LBC	9	23.63	26.79	26.39	23.19	0.00	0.00
LBC	10	23.53	26.80	26.46	23.20	0.01	0.00
LBC	11	23.42	26.87	26.55	23.16	0.01	0.00
LBC	12	23.57	26.70	26.47	23.26	0.00	0.00
LBC	13	23.64	26.68	26.43	23.24	0.00	0.00
LBC	14	23.49	26.96	26.50	23.05	0.00	0.00
LBC	15	23.55	26.72	26.51	23.22	0.00	0.00
LBC	16	23.62	26.84	26.46	23.08	0.00	0.00
LBC	17	23.38	27.02	26.57	23.04	0.00	0.00
LBC	18	23.55	26.83	26.43	23.18	0.00	0.00
LBC	19	23.61	26.88	26.42	23.09	0.00	0.00
LBC	20	23.45	26.88	26.54	23.13	0.00	0.00
LBC	21	23.60	26.79	26.44	23.17	0.00	0.00
LBC	22	23.58	26.79	26.46	23.17	0.00	0.00
LBC	23	23.45	26.87	26.58	23.10	0.00	0.00
LBC	24	23.61	26.76	26.46	23.16	0.00	0.00
LBC	25	23.52	26.79	26.53	23.16	0.00	0.00
LBC	26	23.43	26.87	26.64	23.06	0.00	0.00
LBC	27	23.50	26.83	26.40	23.27	0.00	0.00
LBC	28	23.54	26.88	26.43	23.15	0.00	0.00
LBC	29	23.52	26.89	26.60	22.99	0.00	0.00
LBC	30	23.65	26.85	26.41	23.09	0.00	0.00
LBC	31	23.59	26.85	26.41	23.15	0.00	0.00
LBC	32	23.51	26.84	26.55	23.10	0.00	0.00
LBC	33	23.57	26.74	26.38	23.31	0.00	0.00
LBC	34	23.63	26.75	26.40	23.21	0.00	0.00
LBC	35	23.49	26.88	26.49	23.15	0.01	0.00
LBC	36	23.65	26.70	26.33	23.31	0.00	0.00
LBC	37	23.50	26.75	26.42	23.33	0.00	0.00
LBC	38	23.58	26.85	26.43	23.14	0.00	0.00
LBC	39	23.59	26.79	26.30	23.32	0.00	0.00
LBC	40	23.69	26.78	26.42	23.12	0.00	0.00
LBC	41	23.52	26.77	26.42	23.29	0.00	0.00
LBC	42	23.77	26.60	26.22	23.42	0.00	0.00
LBC	43	23.68	26.70	26.29	23.33	0.00	0.00
LBC	44	23.66	26.74	26.39	23.20	0.01	0.00
LBC	45	23.69	26.69	26.27	23.35	0.00	0.00
LBC	46	23.79	26.66	26.23	23.33	0.00	0.00
LBC	47	23.69	26.68	26.43	23.19	0.01	0.00
LBC	48	23.77	26.65	26.18	23.39	0.00	0.00
LBC	49	23.71	26.67	26.29	23.33	0.01	0.00
LBC	50	23.64	26.75	26.44	23.16	0.01	0.00
LBC	51	23.80	26.59	26.25	23.36	0.00	0.00
LBC	52	23.69	26.59	26.29	23.43	0.00	0.00
LBC	53	23.73	26.60	26.38	23.29	0.00	0.00
LBC	54	23.88	26.53	26.20	23.39	0.00	0.00
LBC	55	23.71	26.49	26.28	23.53	0.00	0.00
LBC	56	23.76	26.63	26.29	23.32	0.00	0.00
LBC	57	23.82	26.64	26.11	23.43	0.00	0.00
LBC	58	23.80	26.57	26.09	23.54	0.00	0.00
LBC	59	23.58	26.63	26.32	23.48	0.00	0.00
LBC	60	23.70	26.54	26.22	23.54	0.00	0.00
LBC	61	23.90	26.51	26.22	23.37	0.00	0.00
LBC	62	23.69	26.57	26.40	23.35	0.00	0.00
LBC	63	23.89	26.46	26.19	23.45	0.01	0.00
LBC	64	23.97	26.54	26.15	23.35	0.01	0.00
LBC	65	23.82	26.58	26.19	23.41	0.00	0.00
LBC	66	23.92	26.52	26.11	23.44	0.00	0.00
LBC	67	23.93	26.44	26.13	23.50	0.00	0.00
LBC	68	23.76	26.55	26.35	23.34	0.00	0.00
LBC	69	23.95	26.44	26.18	23.44	0.00	0.00
LBC	70	23.95	26.51	26.11	23.43	0.00	0.00
LBC	71	23.74	26.68	26.22	23.36	0.00	0.00
LBC	72	23.85	26.52	26.28	23.35	0.00	0.00
LBC	73	23.85	26.47	26.11	23.57	0.00	0.00
LBC	74	23.77	26.56	26.33	23.34	0.00	0.00
LBC	75	23.89	26.39	26.24	23.48	0.00	0.00
LBC	76	23.82	26.42	26.25	23.51	0.00	0.00
LBC	77	23.75	26.48	26.31	23.45	0.00	0.00
LBC	78	23.78	26.54	26.25	23.43	0.00	0.00
LBC	79	23.44	26.85	26.69	23.01	0.00	0.00
LBC	80	22.01	28.31	28.15	21.54	0.00	0.00
LBC	81	17.50	33.16	32.69	16.66	0.00	0.00
# ACGT raw counters for last fragments. Use `grep ^LTC | cut -f 2-` to extract this part. The columns are: A,C,G,T,N base counters
LTC	210593061	238539186	235662795	206991254	18766
# Insert sizes. Use `grep ^IS | cut -f 2-` to extract this part. The columns are: insert size, pairs total, inward oriented pairs, outward oriented pairs, other pairs
IS	0	0	0	0	0
IS	1	88	0	0	88
IS	2	39	0	37	2
IS	3	23	0	21	2
IS	4	26	0	25	1
IS	5	26	0	25	1
IS	6	45	0	44	1
IS	7	63	0	63	0
IS	8	80	0	80	0
IS	9	82	0	82	0
IS	10	22126	0	22125	1
IS	11	26020	0	26018	2
IS	12	30156	0	30154	2
IS	13	33178	0	33177	1
IS	14	36167	0	36167	0
IS	15	41406	0	41406	0
IS	16	45760	0	45759	1
IS	17	50588	0	50588	0
IS	18	52423	0	52423	0
IS	19	59160	235	58925	0
IS	20	63567	285	63282	0
IS	21	66309	167	66142	0
IS	22	70122	163	69958	1
IS	23	75592	297	75295	0
IS	24	77350	269	77080	1
IS	25	81984	312	81672	0
IS	26	85453	361	85092	0
IS	27	90414	452	89959	3
IS	28	91651	488	91162	1
IS	29	95593	587	95001	5
IS	30	101892	668	101221	3
IS	31	107890	823	107064	3
IS	32	109634	827	108803	4
IS	33	114363	944	113412	7
IS	34	115826	1081	114735	10
IS	35	119481	1195	118285	1
IS	36	121750	1286	120459	5
IS	37	125405	1412	123993	0
IS	38	132062	1650	130411	1
IS	39	131778	1676	130100	2
IS	40	135786	1818	133964	4
IS	41	137906	1957	135947	2
IS	42	139023	1975	137046	2
IS	43	139836	2153	137680	3
IS	44	140054	2277	137777	0
IS	45	141646	2446	139195	5
IS	46	146448	2629	143814	5
IS	47	144192	2793	141398	1
IS	48	146884	2980	143901	3
IS	49	148555	3064	145491	0
IS	50	153039	3328	149708	3
IS	51	153996	3608	150387	1
IS	52	146092	2844	143246	2
IS	53	155500	4029	151466	5
IS	54	155990	4173	151816	1
IS	55	161327	4577	156747	3
IS	56	156370	4490	151879	1
IS	57	158956	5012	153944	0
IS	58	155535	4811	150720	4
IS	59	159146	5293	153847	6
IS	60	160042	5327	154707	8
IS	61	158482	5255	153219	8
IS	62	156511	5556	150941	14
IS	63	154235	5469	148766	0
IS	64	154678	5686	148975	17
IS	65	154981	5831	149142	8
IS	66	149696	5724	143959	13
IS	67	146915	5704	141208	3
IS	68	147849	5771	142078	0
IS	69	148005	5986	142007	12
IS	70	146720	6218	140502	0
IS	71	145637	6429	139208	0
IS	72	140698	6157	134535	6
IS	73	139700	6176	133524	0
IS	74	137793	6345	131437	11
IS	75	132305	5948	126357	0
IS	76	130810	6359	124443	8
IS	77	127998	6574	121424	0
IS	78	124821	8321	116499	1
IS	79	124310	14545	109763	2
IS	80	124460	34018	90441	1
IS	81	115803	80318	35455	30
IS	82	115186	115048	133	5
IS	83	115649	115523	120	6
IS	84	111255	111233	21	1
IS	85	106030	106022	7	1
IS	86	106458	106449	5	4
IS	87	100446	100439	6	1
IS	88	100514	100497	8	9
IS	89	93720	93719	0	1
IS	90	91846	91840	0	6
IS	91	95517	95517	0	0
IS	92	90119	90118	1	0
IS	93	88635	88623	0	12
IS	94	82612	82611	0	1
IS	95	79293	79292	0	1
IS	96	78281	78279	0	2
IS	97	74417	74417	0	0
IS	98	71915	71912	0	3
IS	99	69219	69201	0	18
IS	100	69232	69228	0	4
IS	101	68710	68709	0	1
IS	102	64989	64986	1	2
IS	103	62527	62518	9	0
IS	104	61001	60990	11	0
IS	105	59994	59992	0	2
IS	106	58118	58118	0	0
IS	107	54134	54134	0	0
IS	108	54216	54216	0	0
IS	109	49776	49771	0	5
IS	110	51132	51132	0	0
IS	111	48216	48215	0	1
IS	112	47377	47373	0	4
IS	113	46049	46046	0	3
IS	114	45796	45796	0	0
IS	115	42424	42398	0	26
IS	116	42792	42792	0	0
IS	117	41267	41267	0	0
IS	118	39981	39979	0	2
IS	119	37261	37255	0	6
IS	120	37656	37655	1	0
IS	121	35417	35417	0	0
IS	122	37060	37057	0	3
IS	123	34695	34695	0	0
IS	124	35337	35331	3	3
IS	125	33372	33371	0	1
IS	126	32867	32867	0	0
IS	127	29850	29843	0	7
IS	128	30602	30602	0	0
IS	129	28635	28635	0	0
IS	130	27893	27892	0	1
IS	131	26364	26364	0	0
IS	132	26218	26218	0	0
IS	133	25329	25329	0	0
IS	134	24723	24723	0	0
IS	135	24563	24562	0	1
IS	136	22561	22561	0	0
IS	137	24234	24234	0	0
IS	138	23215	23214	0	1
IS	139	21037	21037	0	0
IS	140	20915	20915	0	0
IS	141	20267	20267	0	0
IS	142	20857	20857	0	0
IS	143	18562	18561	0	1
IS	144	19151	19151	0	0
IS	145	17744	17744	0	0
IS	146	19365	19365	0	0
IS	147	18179	18179	0	0
IS	148	16882	16882	0	0
IS	149	17267	17267	0	0
IS	150	15828	15828	0	0
IS	151	15516	15516	0	0
IS	152	15397	15396	0	1
IS	153	13701	13699	0	2
IS	154	13966	13965	0	1
IS	155	13119	13118	0	1
IS	156	14209	14199	0	10
IS	157	12996	12996	0	0
IS	158	12809	12806	0	3
IS	159	12515	12514	0	1
IS	160	12656	12656	0	0
IS	161	10957	10957	0	0
IS	162	11508	11508	0	0
IS	163	10806	10804	0	2
IS	164	11590	11590	0	0
IS	165	9975	9975	0	0
IS	166	10072	10072	0	0
IS	167	9581	9581	0	0
IS	168	9789	9789	0	0
IS	169	9577	9577	0	0
IS	170	8714	8714	0	0
IS	171	8837	8836	0	1
IS	172	8882	8882	0	0
IS	173	7851	7851	0	0
IS	174	7998	7998	0	0
IS	175	7246	7246	0	0
IS	176	7073	7072	0	1
IS	177	7236	7236	0	0
IS	178	6318	6318	0	0
IS	179	6746	6746	0	0
IS	180	6780	6780	0	0
IS	181	6275	6275	0	0
IS	182	6533	6533	0	0
IS	183	5768	5768	0	0
IS	184	6374	6374	0	0
IS	185	5699	5693	0	6
IS	186	5386	5386	0	0
IS	187	4932	4932	0	0
IS	188	4813	4813	0	0
IS	189	4903	4903	0	0
# Read lengths. Use `grep ^RL | cut -f 2-` to extract this part. The columns are: read length, count
RL	1	27813
RL	2	27858
RL	3	27971
RL	4	29759
RL	5	29081
RL	6	28682
RL	7	28469
RL	8	27866
RL	9	27062
RL	10	25775
RL	11	25796
RL	12	25336
RL	13	24926
RL	14	24545
RL	15	24363
RL	16	24294
RL	17	23883
RL	18	23491
RL	19	23449
RL	20	22658
RL	21	22773
RL	22	22586
RL	23	22860
RL	24	23306
RL	25	23178
RL	26	23283
RL	27	23358
RL	28	22905
RL	29	23302
RL	30	69360
RL	31	75919
RL	32	84772
RL	33	90399
RL	34	95899
RL	35	106491
RL	36	115254
RL	37	124409
RL	38	128328
RL	39	141160
RL	40	149041
RL	41	155182
RL	42	163307
RL	43	173273
RL	44	177075
RL	45	186487
RL	46	192971
RL	47	202395
RL	48	204191
RL	49	212028
RL	50	223737
RL	51	233852
RL	52	236715
RL	53	245944
RL	54	248285
RL	55	254600
RL	56	258759
RL	57	265052
RL	58	276724
RL	59	276251
RL	60	283778
RL	61	287499
RL	62	289691
RL	63	290704
RL	64	291078
RL	65	294962
RL	66	303640
RL	67	298357
RL	68	303654
RL	69	306552
RL	70	314551
RL	71	314049
RL	72	299505
RL	73	309172
RL	74	310117
RL	75	321118
RL	76	322372
RL	77	373793
RL	78	632825
RL	79	1461577
RL	80	3764942
RL	81	8584078
# Read lengths - first fragments. Use `grep ^FRL | cut -f 2-` to extract this part. The columns are: read length, count
FRL	1	5115
FRL	2	5342
FRL	3	5862
FRL	4	6765
FRL	5	7457
FRL	6	7097
FRL	7	7114
FRL	8	7306
FRL	9	7523
FRL	10	7516
FRL	11	7405
FRL	12	7786
FRL	13	7629
FRL	14	7649
FRL	15	7445
FRL	16	7581
FRL	17	7386
FRL	18	7503
FRL	19	7426
FRL	20	7419
FRL	21	7504
FRL	22	7473
FRL	23	7653
FRL	24	7689
FRL	25	8096
FRL	26	7600
FRL	27	7886
FRL	28	7683
FRL	29	7961
FRL	30	31516
FRL	31	35067
FRL	32	39558
FRL	33	42807
FRL	34	45682
FRL	35	51394
FRL	36	55669
FRL	37	60551
FRL	38	62876
FRL	39	69166
FRL	40	73349
FRL	41	76520
FRL	42	80641
FRL	43	85693
FRL	44	87841
FRL	45	92736
FRL	46	95761
FRL	47	100951
FRL	48	101913
FRL	49	105886
FRL	50	112168
FRL	51	117102
FRL	52	118389
FRL	53	122915
FRL	54	123861
FRL	55	127103
FRL	56	129654
FRL	57	132623
FRL	58	138513
FRL	59	138422
FRL	60	142342
FRL	61	144237
FRL	62	145577
FRL	63	146198
FRL	64	146835
FRL	65	149050
FRL	66	153543
FRL	67	151196
FRL	68	153851
FRL	69	155305
FRL	70	159711
FRL	71	159555
FRL	72	150546
FRL	73	154890
FRL	74	155033
FRL	75	160850
FRL	76	161770
FRL	77	187515
FRL	78	316642
FRL	79	740646
FRL	80	1911906
FRL	81	4412855
# Read lengths - last fragments. Use `grep ^LRL | cut -f 2-` to extract this part. The columns are: read length, count
LRL	1	22698
LRL	2	22516
LRL	3	22109
LRL	4	22994
LRL	5	21624
LRL	6	21585
LRL	7	21355
LRL	8	20560
LRL	9	19539
LRL	10	18259
LRL	11	18391
LRL	12	17550
LRL	13	17297
LRL	14	16896
LRL	15	16918
LRL	16	16713
LRL	17	16497
LRL	18	15988
LRL	19	16023
LRL	20	15239
LRL	21	15269
LRL	22	15113
LRL	23	15207
LRL	24	15617
LRL	25	15082
LRL	26	15683
LRL	27	15472
LRL	28	15222
LRL	29	15341
LRL	30	37844
LRL	31	40852
LRL	32	45214
LRL	33	47592
LRL	34	50217
LRL	35	55097
LRL	36	59585
LRL	37	63858
LRL	38	65452
LRL	39	71994
LRL	40	75692
LRL	41	78662
LRL	42	82666
LRL	43	87580
LRL	44	89234
LRL	45	93751
LRL	46	97210
LRL	47	101444
LRL	48	102278
LRL	49	106142
LRL	50	111569
LRL	51	116750
LRL	52	118326
LRL	53	123029
LRL	54	124424
LRL	55	127497
LRL	56	129105
LRL	57	132429
LRL	58	138211
LRL	59	137829
LRL	60	141436
LRL	61	143262
LRL	62	144114
LRL	63	144506
LRL	64	144243
LRL	65	145912
LRL	66	150097
LRL	67	147161
LRL	68	149803
LRL	69	151247
LRL	70	154840
LRL	71	154494
LRL	72	148959
LRL	73	154282
LRL	74	155084
LRL	75	160268
LRL	76	160602
LRL	77	186278
LRL	78	316183
LRL	79	720931
LRL	80	1853036
LRL	81	4171223
# Mapping qualities for reads !(UNMAP|SECOND|SUPPL|QCFAIL|DUP). Use `grep ^MAPQ | cut -f 2-` to extract this part. The columns are: mapq, count
MAPQ	0	1245345
MAPQ	1	2116
MAPQ	2	1266
MAPQ	3	5031
MAPQ	4	1485
MAPQ	5	1134
MAPQ	6	1793
MAPQ	7	2668
MAPQ	8	1595
MAPQ	9	22455
MAPQ	10	1557
MAPQ	11	2204
MAPQ	12	1755
MAPQ	13	2873
MAPQ	14	1714
MAPQ	15	5501
MAPQ	16	1675
MAPQ	17	1624
MAPQ	18	1907
MAPQ	19	3352
MAPQ	20	3000
MAPQ	21	7053
MAPQ	22	4493
MAPQ	23	3354
MAPQ	24	4650
MAPQ	25	7252
MAPQ	26	1074
MAPQ	27	31865
MAPQ	28	2423
MAPQ	29	1133
MAPQ	30	2439
MAPQ	31	2422
MAPQ	32	1224
MAPQ	33	7081
MAPQ	34	1557
MAPQ	35	1169
MAPQ	36	1555
MAPQ	37	2561
MAPQ	38	1379
MAPQ	39	8122
MAPQ	40	74246
MAPQ	41	3126
MAPQ	42	3725
MAPQ	43	6152
MAPQ	44	4493
MAPQ	45	12388
MAPQ	46	18580
MAPQ	47	5974
MAPQ	48	10020
MAPQ	49	13863
MAPQ	50	10309
MAPQ	51	43290
MAPQ	52	26600
MAPQ	53	13185
MAPQ	54	16497
MAPQ	55	8900
MAPQ	56	6835
MAPQ	57	17260
MAPQ	58	16227
MAPQ	59	4871
MAPQ	60	23766694
# Indel distribution. Use `grep ^ID | cut -f 2-` to extract this part. The columns are: length, number of insertions, number of deletions
ID	1	9615	37759
ID	2	5112	7896
ID	3	3127	8148
ID	4	2410	1899
ID	5	1179	904
ID	6	1753	1026
ID	7	17	37
ID	8	136	126
ID	9	278	876
ID	10	15	23
ID	11	30	18
ID	12	30	199
ID	13	20	13
ID	14	48	20
ID	15	327	31
ID	16	0	58
ID	17	0	5
ID	18	24	315
ID	19	1	0
ID	20	0	4
ID	21	0	18
ID	22	0	12
ID	24	0	26
ID	26	0	1
ID	27	0	2
# Indels per cycle. Use `grep ^IC | cut -f 2-` to extract this part. The columns are: cycle, number of insertions (fwd), .. (rev) , number of deletions (fwd), .. (rev)
IC	2	0	0	0	1
IC	3	0	0	141	142
IC	4	60	60	131	216
IC	5	99	95	280	302
IC	6	94	82	242	321
IC	7	98	135	285	303
IC	8	87	185	354	371
IC	9	141	135	348	370
IC	10	217	154	428	369
IC	11	187	161	377	396
IC	12	152	121	362	391
IC	13	208	216	437	394
IC	14	222	160	387	391
IC	15	151	180	385	379
IC	16	158	126	425	419
IC	17	165	173	509	518
IC	18	179	191	506	480
IC	19	215	207	461	465
IC	20	198	233	423	444
IC	21	170	207	493	427
IC	22	187	190	391	399
IC	23	231	154	469	457
IC	24	297	276	495	521
IC	25	221	232	498	403
IC	26	202	150	428	501
IC	27	184	201	478	420
IC	28	268	221	513	481
IC	29	233	188	525	445
IC	30	206	205	508	515
IC	31	175	212	565	489
IC	32	194	228	469	480
IC	33	184	182	490	600
IC	34	230	160	430	449
IC	35	214	180	412	511
IC	36	228	210	436	432
IC	37	158	188	472	474
IC	38	156	165	508	379
IC	39	215	168	488	445
IC	40	265	273	442	432
IC	41	249	162	554	388
IC	42	186	201	498	447
IC	43	188	181	422	495
IC	44	200	231	499	428
IC	45	247	208	441	405
IC	46	191	186	400	365
IC	47	220	178	442	409
IC	48	191	182	447	504
IC	49	190	192	453	426
IC	50	153	226	516	547
IC	51	134	160	454	398
IC	52	174	156	499	421
IC	53	152	131	403	400
IC	54	174	131	426	434
IC	55	166	161	429	422
IC	56	215	217	538	460
IC	57	100	146	425	372
IC	58	178	160	456	394
IC	59	209	235	381	342
IC	60	173	157	360	364
IC	61	183	108	394	414
IC	62	147	123	363	313
IC	63	112	97	354	365
IC	64	114	66	401	416
IC	65	110	121	370	354
IC	66	129	170	341	347
IC	67	157	164	317	271
IC	68	140	104	429	285
IC	69	111	75	298	262
IC	70	85	75	277	265
IC	71	102	53	278	380
IC	72	100	74	227	290
IC	73	49	86	264	243
IC	74	31	39	190	210
IC	75	50	60	189	184
IC	76	79	87	140	146
IC	77	59	50	134	124
IC	78	45	23	123	71
# Coverage distribution. Use `grep ^COV | cut -f 2-` to extract this part.
COV	[1-1]	1	10373601
COV	[2-2]	2	11646052
COV	[3-3]	3	786798
COV	[4-4]	4	1935365
COV	[5-5]	5	243592
COV	[6-6]	6	411500
COV	[7-7]	7	123479
COV	[8-8]	8	141889
COV	[9-9]	9	78521
COV	[10-10]	10	74781
COV	[11-11]	11	53957
COV	[12-12]	12	49687
COV	[13-13]	13	37594
COV	[14-14]	14	36194
COV	[15-15]	15	29857
COV	[16-16]	16	27579
COV	[17-17]	17	23270
COV	[18-18]	18	21121
COV	[19-19]	19	19022
COV	[20-20]	20	17379
COV	[21-21]	21	16097
COV	[22-22]	22	15041
COV	[23-23]	23	13919
COV	[24-24]	24	12942
COV	[25-25]	25	12021
COV	[26-26]	26	11008
COV	[27-27]	27	10413
COV	[28-28]	28	9974
COV	[29-29]	29	9282
COV	[30-30]	30	8817
COV	[31-31]	31	8244
COV	[32-32]	32	7904
COV	[33-33]	33	7378
COV	[34-34]	34	7227
COV	[35-35]	35	6761
COV	[36-36]	36	6397
COV	[37-37]	37	6137
COV	[38-38]	38	6194
COV	[39-39]	39	5713
COV	[40-40]	40	5536
COV	[41-41]	41	5415
COV	[42-42]	42	5204
COV	[43-43]	43	4893
COV	[44-44]	44	4880
COV	[45-45]	45	4851
COV	[46-46]	46	4632
COV	[47-47]	47	4508
COV	[48-48]	48	4111
COV	[49-49]	49	4003
COV	[50-50]	50	4042
COV	[51-51]	51	3851
COV	[52-52]	52	3774
COV	[53-53]	53	3844
COV	[54-54]	54	3810
COV	[55-55]	55	3585
COV	[56-56]	56	3523
COV	[57-57]	57	3309
COV	[58-58]	58	3400
COV	[59-59]	59	3284
COV	[60-60]	60	3142
COV	[61-61]	61	3270
COV	[62-62]	62	3169
COV	[63-63]	63	3078
COV	[64-64]	64	2977
COV	[65-65]	65	2952
COV	[66-66]	66	2874
COV	[67-67]	67	2802
COV	[68-68]	68	2836
COV	[69-69]	69	2663
COV	[70-70]	70	2785
COV	[71-71]	71	2560
COV	[72-72]	72	2553
COV	[73-73]	73	2520
COV	[74-74]	74	2593
COV	[75-75]	75	2454
COV	[76-76]	76	2465
COV	[77-77]	77	2364
COV	[78-78]	78	2348
COV	[79-79]	79	2365
COV	[80-80]	80	2182
COV	[81-81]	81	2080
COV	[82-82]	82	2070
COV	[83-83]	83	2128
COV	[84-84]	84	2045
COV	[85-85]	85	1945
COV	[86-86]	86	2018
COV	[87-87]	87	1903
COV	[88-88]	88	2016
COV	[89-89]	89	2035
COV	[90-90]	90	2001
COV	[91-91]	91	1874
COV	[92-92]	92	1909
COV	[93-93]	93	2048
COV	[94-94]	94	1765
COV	[95-95]	95	1837
COV	[96-96]	96	1858
COV	[97-97]	97	1830
COV	[98-98]	98	1706
COV	[99-99]	99	1711
COV	[100-100]	100	1761
COV	[101-101]	101	1693
COV	[102-102]	102	1694
COV	[103-103]	103	1656
COV	[104-104]	104	1688
COV	[105-105]	105	1575
COV	[106-106]	106	1657
COV	[107-107]	107	1665
COV	[108-108]	108	1620
COV	[109-109]	109	1539
COV	[110-110]	110	1534
COV	[111-111]	111	1557
COV	[112-112]	112	1488
COV	[113-113]	113	1489
COV	[114-114]	114	1493
COV	[115-115]	115	1491
COV	[116-116]	116	1490
COV	[117-117]	117	1394
COV	[118-118]	118	1322
COV	[119-119]	119	1481
COV	[120-120]	120	1470
COV	[121-121]	121	1301
COV	[122-122]	122	1349
COV	[123-123]	123	1337
COV	[124-124]	124	1388
COV	[125-125]	125	1376
COV	[126-126]	126	1376
COV	[127-127]	127	1265
COV	[128-128]	128	1307
COV	[129-129]	129	1300
COV	[130-130]	130	1186
COV	[131-131]	131	1246
COV	[132-132]	132	1344
COV	[133-133]	133	1263
COV	[134-134]	134	1231
COV	[135-135]	135	1211
COV	[136-136]	136	1222
COV	[137-137]	137	1222
COV	[138-138]	138	1250
COV	[139-139]	139	1186
COV	[140-140]	140	1174
COV	[141-141]	141	1143
COV	[142-142]	142	1174
COV	[143-143]	143	1169
COV	[144-144]	144	1198
COV	[145-145]	145	1139
COV	[146-146]	146	1155
COV	[147-147]	147	1083
COV	[148-148]	148	1141
COV	[149-149]	149	997
COV	[150-150]	150	1086
COV	[151-151]	151	1065
COV	[152-152]	152	1098
COV	[153-153]	153	1111
COV	[154-154]	154	1028
COV	[155-155]	155	1125
COV	[156-156]	156	1117
COV	[157-157]	157	1125
COV	[158-158]	158	1105
COV	[159-159]	159	1099
COV	[160-160]	160	1018
COV	[161-161]	161	1067
COV	[162-162]	162	1084
COV	[163-163]	163	1065
COV	[164-164]	164	1016
COV	[165-165]	165	1017
COV	[166-166]	166	999
COV	[167-167]	167	1019
COV	[168-168]	168	1076
COV	[169-169]	169	961
COV	[170-170]	170	982
COV	[171-171]	171	903
COV	[172-172]	172	926
COV	[173-173]	173	919
COV	[174-174]	174	932
COV	[175-175]	175	889
COV	[176-176]	176	924
COV	[177-177]	177	937
COV	[178-178]	178	915
COV	[179-179]	179	902
COV	[180-180]	180	986
COV	[181-181]	181	966
COV	[182-182]	182	876
COV	[183-183]	183	879
COV	[184-184]	184	821
COV	[185-185]	185	894
COV	[186-186]	186	838
COV	[187-187]	187	891
COV	[188-188]	188	817
COV	[189-189]	189	827
COV	[190-190]	190	866
COV	[191-191]	191	826
COV	[192-192]	192	925
COV	[193-193]	193	860
COV	[194-194]	194	831
COV	[195-195]	195	845
COV	[196-196]	196	828
COV	[197-197]	197	830
COV	[198-198]	198	867
COV	[199-199]	199	865
COV	[200-200]	200	876
COV	[201-201]	201	805
COV	[202-202]	202	830
COV	[203-203]	203	813
COV	[204-204]	204	831
COV	[205-205]	205	797
COV	[206-206]	206	794
COV	[207-207]	207	820
COV	[208-208]	208	761
COV	[209-209]	209	739
COV	[210-210]	210	825
COV	[211-211]	211	784
COV	[212-212]	212	760
COV	[213-213]	213	809
COV	[214-214]	214	794
COV	[215-215]	215	785
COV	[216-216]	216	793
COV	[217-217]	217	846
COV	[218-218]	218	751
COV	[219-219]	219	766
COV	[220-220]	220	769
COV	[221-221]	221	767
COV	[222-222]	222	799
COV	[223-223]	223	809
COV	[224-224]	224	752
COV	[225-225]	225	744
COV	[226-226]	226	779
COV	[227-227]	227	792
COV	[228-228]	228	722
COV	[229-229]	229	795
COV	[230-230]	230	680
COV	[231-231]	231	752
COV	[232-232]	232	749
COV	[233-233]	233	714
COV	[234-234]	234	701
COV	[235-235]	235	682
COV	[236-236]	236	721
COV	[237-237]	237	680
COV	[238-238]	238	775
COV	[239-239]	239	720
COV	[240-240]	240	746
COV	[241-241]	241	656
COV	[242-242]	242	695
COV	[243-243]	243	679
COV	[244-244]	244	727
COV	[245-245]	245	684
COV	[246-246]	246	698
COV	[247-247]	247	723
COV	[248-248]	248	637
COV	[249-249]	249	695
COV	[250-250]	250	622
COV	[251-251]	251	732
COV	[252-252]	252	660
COV	[253-253]	253	665
COV	[254-254]	254	703
COV	[255-255]	255	699
COV	[256-256]	256	709
COV	[257-257]	257	647
COV	[258-258]	258	650
COV	[259-259]	259	656
COV	[260-260]	260	641
COV	[261-261]	261	641
COV	[262-262]	262	661
COV	[263-263]	263	680
COV	[264-264]	264	644
COV	[265-265]	265	618
COV	[266-266]	266	641
COV	[267-267]	267	615
COV	[268-268]	268	599
COV	[269-269]	269	620
COV	[270-270]	270	573
COV	[271-271]	271	601
COV	[272-272]	272	638
COV	[273-273]	273	615
COV	[274-274]	274	612
COV	[275-275]	275	618
COV	[276-276]	276	565
COV	[277-277]	277	617
COV	[278-278]	278	623
COV	[279-279]	279	624
COV	[280-280]	280	611
COV	[281-281]	281	632
COV	[282-282]	282	566
COV	[283-283]	283	576
COV	[284-284]	284	602
COV	[285-285]	285	585
COV	[286-286]	286	586
COV	[287-287]	287	605
COV	[288-288]	288	590
COV	[289-289]	289	576
COV	[290-290]	290	588
COV	[291-291]	291	576
COV	[292-292]	292	570
COV	[293-293]	293	580
COV	[294-294]	294	547
COV	[295-295]	295	534
COV	[296-296]	296	578
COV	[297-297]	297	589
COV	[298-298]	298	576
COV	[299-299]	299	565
COV	[300-300]	300	557
COV	[301-301]	301	545
COV	[302-302]	302	547
COV	[303-303]	303	579
COV	[304-304]	304	541
COV	[305-305]	305	572
COV	[306-306]	306	615
COV	[307-307]	307	511
COV	[308-308]	308	518
COV	[309-309]	309	556
COV	[310-310]	310	544
COV	[311-311]	311	536
COV	[312-312]	312	561
COV	[313-313]	313	542
COV	[314-314]	314	523
COV	[315-315]	315	519
COV	[316-316]	316	545
COV	[317-317]	317	520
COV	[318-318]	318	564
COV	[319-319]	319	519
COV	[320-320]	320	493
COV	[321-321]	321	528
COV	[322-322]	322	510
COV	[323-323]	323	479
COV	[324-324]	324	527
COV	[325-325]	325	508
COV	[326-326]	326	543
COV	[327-327]	327	511
COV	[328-328]	328	535
COV	[329-329]	329	579
COV	[330-330]	330	540
COV	[331-331]	331	530
COV	[332-332]	332	518
COV	[333-333]	333	553
COV	[334-334]	334	532
COV	[335-335]	335	527
COV	[336-336]	336	541
COV	[337-337]	337	500
COV	[338-338]	338	476
COV	[339-339]	339	529
COV	[340-340]	340	500
COV	[341-341]	341	499
COV	[342-342]	342	519
COV	[343-343]	343	465
COV	[344-344]	344	484
COV	[345-345]	345	530
COV	[346-346]	346	464
COV	[347-347]	347	482
COV	[348-348]	348	525
COV	[349-349]	349	496
COV	[350-350]	350	472
COV	[351-351]	351	500
COV	[352-352]	352	486
COV	[353-353]	353	483
COV	[354-354]	354	439
COV	[355-355]	355	471
COV	[356-356]	356	462
COV	[357-357]	357	498
COV	[358-358]	358	460
COV	[359-359]	359	465
COV	[360-360]	360	462
COV	[361-361]	361	464
COV	[362-362]	362	523
COV	[363-363]	363	483
COV	[364-364]	364	455
COV	[365-365]	365	480
COV	[366-366]	366	482
COV	[367-367]	367	493
COV	[368-368]	368	496
COV	[369-369]	369	489
COV	[370-370]	370	468
COV	[371-371]	371	444
COV	[372-372]	372	479
COV	[373-373]	373	500
COV	[374-374]	374	466
COV	[375-375]	375	500
COV	[376-376]	376	466
COV	[377-377]	377	441
COV	[378-378]	378	441
COV	[379-379]	379	482
COV	[380-380]	380	493
COV	[381-381]	381	477
COV	[382-382]	382	467
COV	[383-383]	383	434
COV	[384-384]	384	420
COV	[385-385]	385	435
COV	[386-386]	386	462
COV	[387-387]	387	443
COV	[388-388]	388	462
COV	[389-389]	389	430
COV	[390-390]	390	488
COV	[391-391]	391	447
COV	[392-392]	392	449
COV	[393-393]	393	443
COV	[394-394]	394	422
COV	[395-395]	395	426
COV	[396-396]	396	486
COV	[397-397]	397	464
COV	[398-398]	398	445
COV	[399-399]	399	454
COV	[400-400]	400	452
COV	[401-401]	401	429
COV	[402-402]	402	436
COV	[403-403]	403	454
COV	[404-404]	404	428
COV	[405-405]	405	453
COV	[406-406]	406	447
COV	[407-407]	407	426
COV	[408-408]	408	425
COV	[409-409]	409	460
COV	[410-410]	410	424
COV	[411-411]	411	449
COV	[412-412]	412	421
COV	[413-413]	413	394
COV	[414-414]	414	420
COV	[415-415]	415	430
COV	[416-416]	416	459
COV	[417-417]	417	422
COV	[418-418]	418	454
COV	[419-419]	419	457
COV	[420-420]	420	416
COV	[421-421]	421	462
COV	[422-422]	422	395
COV	[423-423]	423	436
COV	[424-424]	424	426
COV	[425-425]	425	454
COV	[426-426]	426	403
COV	[427-427]	427	401
COV	[428-428]	428	435
COV	[429-429]	429	391
COV	[430-430]	430	474
COV	[431-431]	431	412
COV	[432-432]	432	406
COV	[433-433]	433	414
COV	[434-434]	434	422
COV	[435-435]	435	456
COV	[436-436]	436	392
COV	[437-437]	437	424
COV	[438-438]	438	443
COV	[439-439]	439	398
COV	[440-440]	440	402
COV	[441-441]	441	429
COV	[442-442]	442	409
COV	[443-443]	443	462
COV	[444-444]	444	436
COV	[445-445]	445	419
COV	[446-446]	446	435
COV	[447-447]	447	415
COV	[448-448]	448	384
COV	[449-449]	449	423
COV	[450-450]	450	404
COV	[451-451]	451	396
COV	[452-452]	452	442
COV	[453-453]	453	389
COV	[454-454]	454	382
COV	[455-455]	455	413
COV	[456-456]	456	378
COV	[457-457]	457	445
COV	[458-458]	458	393
COV	[459-459]	459	369
COV	[460-460]	460	422
COV	[461-461]	461	392
COV	[462-462]	462	362
COV	[463-463]	463	389
COV	[464-464]	464	381
COV	[465-465]	465	375
COV	[466-466]	466	364
COV	[467-467]	467	389
COV	[468-468]	468	414
COV	[469-469]	469	408
COV	[470-470]	470	428
COV	[471-471]	471	403
COV	[472-472]	472	398
COV	[473-473]	473	460
COV	[474-474]	474	371
COV	[475-475]	475	356
COV	[476-476]	476	411
COV	[477-477]	477	398
COV	[478-478]	478	377
COV	[479-479]	479	392
COV	[480-480]	480	394
COV	[481-481]	481	389
COV	[482-482]	482	370
COV	[483-483]	483	397
COV	[484-484]	484	371
COV	[485-485]	485	416
COV	[486-486]	486	390
COV	[487-487]	487	407
COV	[488-488]	488	428
COV	[489-489]	489	394
COV	[490-490]	490	396
COV	[491-491]	491	400
COV	[492-492]	492	429
COV	[493-493]	493	371
COV	[494-494]	494	374
COV	[495-495]	495	379
COV	[496-496]	496	391
COV	[497-497]	497	379
COV	[498-498]	498	396
COV	[499-499]	499	378
COV	[500-500]	500	395
COV	[501-501]	501	352
COV	[502-502]	502	361
COV	[503-503]	503	380
COV	[504-504]	504	355
COV	[505-505]	505	356
COV	[506-506]	506	359
COV	[507-507]	507	406
COV	[508-508]	508	381
COV	[509-509]	509	369
COV	[510-510]	510	386
COV	[511-511]	511	339
COV	[512-512]	512	358
COV	[513-513]	513	357
COV	[514-514]	514	345
COV	[515-515]	515	399
COV	[516-516]	516	374
COV	[517-517]	517	397
COV	[518-518]	518	336
COV	[519-519]	519	383
COV	[520-520]	520	371
COV	[521-521]	521	341
COV	[522-522]	522	377
COV	[523-523]	523	352
COV	[524-524]	524	373
COV	[525-525]	525	378
COV	[526-526]	526	369
COV	[527-527]	527	385
COV	[528-528]	528	350
COV	[529-529]	529	344
COV	[530-530]	530	370
COV	[531-531]	531	376
COV	[532-532]	532	379
COV	[533-533]	533	350
COV	[534-534]	534	335
COV	[535-535]	535	380
COV	[536-536]	536	354
COV	[537-537]	537	351
COV	[538-538]	538	358
COV	[539-539]	539	312
COV	[540-540]	540	371
COV	[541-541]	541	371
COV	[542-542]	542	341
COV	[543-543]	543	358
COV	[544-544]	544	350
COV	[545-545]	545	330
COV	[546-546]	546	361
COV	[547-547]	547	375
COV	[548-548]	548	343
COV	[549-549]	549	354
COV	[550-550]	550	329
COV	[551-551]	551	343
COV	[552-552]	552	348
COV	[553-553]	553	344
COV	[554-554]	554	358
COV	[555-555]	555	371
COV	[556-556]	556	345
COV	[557-557]	557	368
COV	[558-558]	558	337
COV	[559-559]	559	292
COV	[560-560]	560	304
COV	[561-561]	561	353
COV	[562-562]	562	336
COV	[563-563]	563	319
COV	[564-564]	564	316
COV	[565-565]	565	344
COV	[566-566]	566	393
COV	[567-567]	567	361
COV	[568-568]	568	331
COV	[569-569]	569	359
COV	[570-570]	570	356
COV	[571-571]	571	359
COV	[572-572]	572	369
COV	[573-573]	573	347
COV	[574-574]	574	345
COV	[575-575]	575	327
COV	[576-576]	576	330
COV	[577-577]	577	356
COV	[578-578]	578	336
COV	[579-579]	579	350
COV	[580-580]	580	350
COV	[581-581]	581	369
COV	[582-582]	582	369
COV	[583-583]	583	367
COV	[584-584]	584	334
COV	[585-585]	585	325
COV	[586-586]	586	374
COV	[587-587]	587	324
COV	[588-588]	588	359
COV	[589-589]	589	372
COV	[590-590]	590	350
COV	[591-591]	591	316
COV	[592-592]	592	349
COV	[593-593]	593	311
COV	[594-594]	594	321
COV	[595-595]	595	334
COV	[596-596]	596	342
COV	[597-597]	597	324
COV	[598-598]	598	365
COV	[599-599]	599	330
COV	[600-600]	600	357
COV	[601-601]	601	319
COV	[602-602]	602	328
COV	[603-603]	603	334
COV	[604-604]	604	342
COV	[605-605]	605	322
COV	[606-606]	606	324
COV	[607-607]	607	317
COV	[608-608]	608	301
COV	[609-609]	609	305
COV	[610-610]	610	355
COV	[611-611]	611	352
COV	[612-612]	612	340
COV	[613-613]	613	326
COV	[614-614]	614	355
COV	[615-615]	615	356
COV	[616-616]	616	322
COV	[617-617]	617	328
COV	[618-618]	618	321
COV	[619-619]	619	331
COV	[620-620]	620	319
COV	[621-621]	621	330
COV	[622-622]	622	317
COV	[623-623]	623	355
COV	[624-624]	624	302
COV	[625-625]	625	317
COV	[626-626]	626	312
COV	[627-627]	627	316
COV	[628-628]	628	302
COV	[629-629]	629	311
COV	[630-630]	630	306
COV	[631-631]	631	374
COV	[632-632]	632	319
COV	[633-633]	633	310
COV	[634-634]	634	295
COV	[635-635]	635	340
COV	[636-636]	636	306
COV	[637-637]	637	319
COV	[638-638]	638	336
COV	[639-639]	639	349
COV	[640-640]	640	333
COV	[641-641]	641	314
COV	[642-642]	642	286
COV	[643-643]	643	298
COV	[644-644]	644	296
COV	[645-645]	645	337
COV	[646-646]	646	330
COV	[647-647]	647	344
COV	[648-648]	648	332
COV	[649-649]	649	326
COV	[650-650]	650	337
COV	[651-651]	651	315
COV	[652-652]	652	308
COV	[653-653]	653	310
COV	[654-654]	654	299
COV	[655-655]	655	277
COV	[656-656]	656	310
COV	[657-657]	657	305
COV	[658-658]	658	325
COV	[659-659]	659	306
COV	[660-660]	660	295
COV	[661-661]	661	313
COV	[662-662]	662	348
COV	[663-663]	663	307
COV	[664-664]	664	344
COV	[665-665]	665	305
COV	[666-666]	666	283
COV	[667-667]	667	322
COV	[668-668]	668	316
COV	[669-669]	669	335
COV	[670-670]	670	293
COV	[671-671]	671	317
COV	[672-672]	672	315
COV	[673-673]	673	323
COV	[674-674]	674	337
COV	[675-675]	675	301
COV	[676-676]	676	317
COV	[677-677]	677	311
COV	[678-678]	678	264
COV	[679-679]	679	325
COV	[680-680]	680	327
COV	[681-681]	681	304
COV	[682-682]	682	281
COV	[683-683]	683	292
COV	[684-684]	684	291
COV	[685-685]	685	319
COV	[686-686]	686	333
COV	[687-687]	687	290
COV	[688-688]	688	291
COV	[689-689]	689	328
COV	[690-690]	690	285
COV	[691-691]	691	284
COV	[692-692]	692	266
COV	[693-693]	693	307
COV	[694-694]	694	293
COV	[695-695]	695	316
COV	[696-696]	696	294
COV	[697-697]	697	328
COV	[698-698]	698	283
COV	[699-699]	699	299
COV	[700-700]	700	314
COV	[701-701]	701	281
COV	[702-702]	702	287
COV	[703-703]	703	274
COV	[704-704]	704	323
COV	[705-705]	705	328
COV	[706-706]	706	327
COV	[707-707]	707	287
COV	[708-708]	708	320
COV	[709-709]	709	287
COV	[710-710]	710	296
COV	[711-711]	711	311
COV	[712-712]	712	296
COV	[713-713]	713	276
COV	[714-714]	714	316
COV	[715-715]	715	288
COV	[716-716]	716	316
COV	[717-717]	717	301
COV	[718-718]	718	297
COV	[719-719]	719	297
COV	[720-720]	720	295
COV	[721-721]	721	293
COV	[722-722]	722	247
COV	[723-723]	723	301
COV	[724-724]	724	283
COV	[725-725]	725	312
COV	[726-726]	726	291
COV	[727-727]	727	323
COV	[728-728]	728	282
COV	[729-729]	729	267
COV	[730-730]	730	309
COV	[731-731]	731	310
COV	[732-732]	732	285
COV	[733-733]	733	286
COV	[734-734]	734	298
COV	[735-735]	735	252
COV	[736-736]	736	292
COV	[737-737]	737	283
COV	[738-738]	738	278
COV	[739-739]	739	292
COV	[740-740]	740	280
COV	[741-741]	741	266
COV	[742-742]	742	301
COV	[743-743]	743	300
COV	[744-744]	744	270
COV	[745-745]	745	290
COV	[746-746]	746	253
COV	[747-747]	747	260
COV	[748-748]	748	293
COV	[749-749]	749	308
COV	[750-750]	750	295
COV	[751-751]	751	319
COV	[752-752]	752	319
COV	[753-753]	753	294
COV	[754-754]	754	306
COV	[755-755]	755	282
COV	[756-756]	756	300
COV	[757-757]	757	288
COV	[758-758]	758	294
COV	[759-759]	759	289
COV	[760-760]	760	279
COV	[761-761]	761	273
COV	[762-762]	762	268
COV	[763-763]	763	279
COV	[764-764]	764	318
COV	[765-765]	765	297
COV	[766-766]	766	272
COV	[767-767]	767	290
COV	[768-768]	768	290
COV	[769-769]	769	278
COV	[770-770]	770	290
COV	[771-771]	771	275
COV	[772-772]	772	249
COV	[773-773]	773	294
COV	[774-774]	774	297
COV	[775-775]	775	283
COV	[776-776]	776	314
COV	[777-777]	777	270
COV	[778-778]	778	325
COV	[779-779]	779	225
COV	[780-780]	780	293
COV	[781-781]	781	265
COV	[782-782]	782	278
COV	[783-783]	783	268
COV	[784-784]	784	271
COV	[785-785]	785	291
COV	[786-786]	786	268
COV	[787-787]	787	261
COV	[788-788]	788	289
COV	[789-789]	789	269
COV	[790-790]	790	257
COV	[791-791]	791	295
COV	[792-792]	792	316
COV	[793-793]	793	262
COV	[794-794]	794	276
COV	[795-795]	795	269
COV	[796-796]	796	285
COV	[797-797]	797	261
COV	[798-798]	798	290
COV	[799-799]	799	289
COV	[800-800]	800	273
COV	[801-801]	801	267
COV	[802-802]	802	286
COV	[803-803]	803	275
COV	[804-804]	804	283
COV	[805-805]	805	261
COV	[806-806]	806	278
COV	[807-807]	807	273
COV	[808-808]	808	297
COV	[809-809]	809	264
COV	[810-810]	810	298
COV	[811-811]	811	283
COV	[812-812]	812	247
COV	[813-813]	813	258
COV	[814-814]	814	272
COV	[815-815]	815	246
COV	[816-816]	816	275
COV	[817-817]	817	274
COV	[818-818]	818	279
COV	[819-819]	819	281
COV	[820-820]	820	291
COV	[821-821]	821	263
COV	[822-822]	822	273
COV	[823-823]	823	276
COV	[824-824]	824	289
COV	[825-825]	825	281
COV	[826-826]	826	273
COV	[827-827]	827	266
COV	[828-828]	828	273
COV	[829-829]	829	260
COV	[830-830]	830	268
COV	[831-831]	831	258
COV	[832-832]	832	266
COV	[833-833]	833	245
COV	[834-834]	834	274
COV	[835-835]	835	266
COV	[836-836]	836	294
COV	[837-837]	837	282
COV	[838-838]	838	302
COV	[839-839]	839	263
COV	[840-840]	840	248
COV	[841-841]	841	302
COV	[842-842]	842	258
COV	[843-843]	843	284
COV	[844-844]	844	269
COV	[845-845]	845	247
COV	[846-846]	846	281
COV	[847-847]	847	247
COV	[848-848]	848	260
COV	[849-849]	849	271
COV	[850-850]	850	266
COV	[851-851]	851	262
COV	[852-852]	852	266
COV	[853-853]	853	307
COV	[854-854]	854	273
COV	[855-855]	855	275
COV	[856-856]	856	281
COV	[857-857]	857	264
COV	[858-858]	858	278
COV	[859-859]	859	244
COV	[860-860]	860	267
COV	[861-861]	861	246
COV	[862-862]	862	297
COV	[863-863]	863	278
COV	[864-864]	864	287
COV	[865-865]	865	277
COV	[866-866]	866	286
COV	[867-867]	867	246
COV	[868-868]	868	289
COV	[869-869]	869	264
COV	[870-870]	870	276
COV	[871-871]	871	264
COV	[872-872]	872	284
COV	[873-873]	873	279
COV	[874-874]	874	276
COV	[875-875]	875	274
COV	[876-876]	876	281
COV	[877-877]	877	261
COV	[878-878]	878	256
COV	[879-879]	879	270
COV	[880-880]	880	294
COV	[881-881]	881	239
COV	[882-882]	882	266
COV	[883-883]	883	285
COV	[884-884]	884	266
COV	[885-885]	885	284
COV	[886-886]	886	285
COV	[887-887]	887	257
COV	[888-888]	888	283
COV	[889-889]	889	268
COV	[890-890]	890	246
COV	[891-891]	891	305
COV	[892-892]	892	266
COV	[893-893]	893	280
COV	[894-894]	894	250
COV	[895-895]	895	254
COV	[896-896]	896	289
COV	[897-897]	897	251
COV	[898-898]	898	260
COV	[899-899]	899	268
COV	[900-900]	900	287
COV	[901-901]	901	275
COV	[902-902]	902	274
COV	[903-903]	903	225
COV	[904-904]	904	278
COV	[905-905]	905	261
COV	[906-906]	906	292
COV	[907-907]	907	241
COV	[908-908]	908	243
COV	[909-909]	909	236
COV	[910-910]	910	281
COV	[911-911]	911	248
COV	[912-912]	912	300
COV	[913-913]	913	259
COV	[914-914]	914	243
COV	[915-915]	915	282
COV	[916-916]	916	265
COV	[917-917]	917	257
COV	[918-918]	918	285
COV	[919-919]	919	253
COV	[920-920]	920	269
COV	[921-921]	921	273
COV	[922-922]	922	267
COV	[923-923]	923	245
COV	[924-924]	924	273
COV	[925-925]	925	295
COV	[926-926]	926	297
COV	[927-927]	927	264
COV	[928-928]	928	253
COV	[929-929]	929	236
COV	[930-930]	930	256
COV	[931-931]	931	247
COV	[932-932]	932	232
COV	[933-933]	933	244
COV	[934-934]	934	281
COV	[935-935]	935	263
COV	[936-936]	936	234
COV	[937-937]	937	258
COV	[938-938]	938	256
COV	[939-939]	939	270
COV	[940-940]	940	256
COV	[941-941]	941	277
COV	[942-942]	942	295
COV	[943-943]	943	258
COV	[944-944]	944	273
COV	[945-945]	945	284
COV	[946-946]	946	256
COV	[947-947]	947	233
COV	[948-948]	948	242
COV	[949-949]	949	251
COV	[950-950]	950	274
COV	[951-951]	951	242
COV	[952-952]	952	257
COV	[953-953]	953	248
COV	[954-954]	954	254
COV	[955-955]	955	258
COV	[956-956]	956	244
COV	[957-957]	957	270
COV	[958-958]	958	268
COV	[959-959]	959	277
COV	[960-960]	960	276
COV	[961-961]	961	262
COV	[962-962]	962	277
COV	[963-963]	963	284
COV	[964-964]	964	255
COV	[965-965]	965	258
COV	[966-966]	966	249
COV	[967-967]	967	247
COV	[968-968]	968	231
COV	[969-969]	969	282
COV	[970-970]	970	281
COV	[971-971]	971	243
COV	[972-972]	972	268
COV	[973-973]	973	269
COV	[974-974]	974	272
COV	[975-975]	975	262
COV	[976-976]	976	261
COV	[977-977]	977	262
COV	[978-978]	978	247
COV	[979-979]	979	271
COV	[980-980]	980	239
COV	[981-981]	981	253
COV	[982-982]	982	236
COV	[983-983]	983	263
COV	[984-984]	984	205
COV	[985-985]	985	254
COV	[986-986]	986	258
COV	[987-987]	987	256
COV	[988-988]	988	285
COV	[989-989]	989	240
COV	[990-990]	990	280
COV	[991-991]	991	234
COV	[992-992]	992	228
COV	[993-993]	993	237
COV	[994-994]	994	258
COV	[995-995]	995	255
COV	[996-996]	996	265
COV	[997-997]	997	242
COV	[998-998]	998	247
COV	[999-999]	999	260
COV	[1000-1000]	1000	272
COV	[1000<]	1000	541879
# GC-depth. Use `grep ^GCD | cut -f 2-` to extract this part. The columns are: GC%, unique sequence percentiles, 10th, 25th, 50th, 75th and 90th depth percentile
GCD	0.0	0.006	0.000	0.002	0.003	0.003	0.003
GCD	1.4	0.007	0.007	0.007	0.007	0.007	0.007
GCD	4.0	0.009	0.003	0.003	0.003	0.003	0.003
GCD	6.0	0.010	0.003	0.003	0.003	0.003	0.003
GCD	7.0	0.011	0.003	0.003	0.003	0.003	0.003
GCD	8.0	0.013	0.003	0.003	0.003	0.003	0.003
GCD	9.0	0.018	0.003	0.005	0.007	0.007	0.007
GCD	10.0	0.021	0.003	0.003	0.003	0.003	0.003
GCD	12.0	0.023	0.003	0.003	0.003	0.003	0.003
GCD	13.0	0.028	0.003	0.003	0.007	0.007	0.007
GCD	14.0	0.030	0.007	0.007	0.007	0.007	0.007
GCD	15.0	0.031	0.003	0.003	0.003	0.003	0.003
GCD	16.0	0.037	0.003	0.005	0.007	0.010	0.014
GCD	17.0	0.042	0.003	0.005	0.007	0.007	0.007
GCD	18.0	0.047	0.003	0.003	0.007	0.010	0.014
GCD	19.0	0.052	0.003	0.005	0.007	0.007	0.007
GCD	20.0	0.059	0.003	0.003	0.007	0.007	0.007
GCD	21.0	0.064	0.003	0.005	0.007	0.009	0.010
GCD	22.0	0.076	0.003	0.004	0.007	0.007	0.012
GCD	23.0	0.085	0.003	0.007	0.007	0.009	0.014
GCD	24.0	0.095	0.004	0.007	0.007	0.013	0.049
GCD	25.0	0.117	0.007	0.007	0.007	0.009	0.014
GCD	26.0	0.147	0.003	0.007	0.007	0.008	0.014
GCD	27.0	0.186	0.007	0.007	0.007	0.007	0.014
GCD	28.0	0.244	0.006	0.007	0.007	0.010	0.014
GCD	29.0	0.322	0.007	0.007	0.007	0.014	0.021
GCD	30.0	0.437	0.007	0.007	0.007	0.014	0.016
GCD	31.0	0.604	0.007	0.007	0.007	0.014	0.021
GCD	32.0	0.828	0.007	0.007	0.007	0.014	0.021
GCD	33.0	1.147	0.007	0.007	0.009	0.014	0.021
GCD	34.0	1.610	0.007	0.007	0.014	0.021	0.024
GCD	35.0	2.385	0.007	0.007	0.014	0.017	0.028
GCD	36.0	3.414	0.007	0.007	0.014	0.021	0.028
GCD	37.0	4.723	0.007	0.007	0.014	0.021	0.035
GCD	38.0	6.564	0.007	0.007	0.014	0.024	0.035
GCD	39.0	8.829	0.007	0.010	0.017	0.028	0.042
GCD	40.0	11.769	0.007	0.012	0.017	0.028	0.042
GCD	41.0	15.112	0.007	0.014	0.021	0.028	0.049
GCD	42.0	18.821	0.007	0.014	0.021	0.031	0.049
GCD	43.0	23.028	0.007	0.014	0.021	0.035	0.052
GCD	44.0	27.510	0.007	0.014	0.021	0.035	0.052
GCD	45.0	32.340	0.007	0.014	0.021	0.035	0.055
GCD	46.0	37.456	0.007	0.014	0.021	0.035	0.052
GCD	47.0	42.864	0.007	0.014	0.024	0.035	0.055
GCD	48.0	48.329	0.010	0.014	0.028	0.038	0.055
GCD	49.0	53.758	0.010	0.014	0.028	0.038	0.055
GCD	50.0	59.246	0.014	0.017	0.028	0.042	0.055
GCD	51.0	64.438	0.010	0.014	0.028	0.042	0.055
GCD	52.0	69.312	0.010	0.017	0.028	0.042	0.059
GCD	53.0	73.821	0.010	0.017	0.028	0.042	0.062
GCD	54.0	77.864	0.010	0.014	0.028	0.042	0.062
GCD	55.0	81.470	0.007	0.014	0.028	0.042	0.062
GCD	56.0	84.692	0.007	0.014	0.028	0.042	0.062
GCD	57.0	87.464	0.007	0.014	0.028	0.042	0.062
GCD	58.0	89.821	0.007	0.014	0.028	0.042	0.069
GCD	59.0	91.779	0.007	0.014	0.028	0.042	0.069
GCD	60.0	93.347	0.007	0.014	0.028	0.045	0.073
GCD	61.0	94.584	0.007	0.014	0.028	0.045	0.080
GCD	62.0	95.572	0.007	0.014	0.028	0.045	0.080
GCD	63.0	96.376	0.007	0.014	0.031	0.049	0.096
GCD	64.0	96.997	0.007	0.014	0.028	0.052	0.118
GCD	65.0	97.503	0.007	0.014	0.028	0.055	0.107
GCD	66.0	97.949	0.007	0.017	0.035	0.059	0.111
GCD	67.0	98.315	0.007	0.014	0.035	0.062	0.107
GCD	68.0	98.642	0.007	0.014	0.031	0.069	0.149
GCD	69.0	98.894	0.007	0.017	0.042	0.082	0.136
GCD	70.0	99.100	0.007	0.014	0.035	0.062	0.141
GCD	71.0	99.264	0.007	0.016	0.042	0.090	0.229
GCD	72.0	99.405	0.007	0.017	0.049	0.090	0.187
GCD	73.0	99.511	0.007	0.014	0.043	0.090	0.355
GCD	74.0	99.604	0.007	0.015	0.057	0.144	0.362
GCD	75.0	99.692	0.007	0.021	0.045	0.114	0.341
GCD	76.0	99.768	0.014	0.021	0.061	0.108	0.257
GCD	77.0	99.825	0.007	0.014	0.049	0.080	0.175
GCD	78.0	99.872	0.007	0.007	0.040	0.104	0.186
GCD	79.0	99.902	0.007	0.010	0.035	0.104	0.257
GCD	80.0	99.931	0.007	0.017	0.042	0.109	0.243
GCD	81.0	99.942	0.004	0.007	0.014	0.035	0.070
GCD	82.0	99.952	0.007	0.007	0.017	0.045	0.122
GCD	83.0	99.963	0.007	0.007	0.024	0.083	0.151
GCD	84.0	99.971	0.007	0.014	0.038	0.052	0.104
GCD	85.0	99.976	0.014	0.017	0.024	0.123	0.184
GCD	86.0	99.983	0.007	0.007	0.028	0.055	0.059
GCD	87.0	99.989	0.003	0.006	0.012	0.030	0.059
GCD	89.0	99.991	0.021	0.021	0.109	0.198	0.198
GCD	90.0	99.994	0.007	0.007	0.066	0.270	0.270
GCD	91.0	99.995	0.003	0.003	0.003	0.003	0.003
GCD	94.0	99.997	0.007	0.007	0.328	0.648	0.648
GCD	96.0	99.998	0.024	0.024	0.024	0.024	0.024
GCD	97.0	100.000	0.017	0.017	0.293	0.569	0.569
