## htsjdk.samtools.metrics.StringHeader
# CollectOxoGMetrics --INPUT /users/PYS1149/joyita/Geval/post_aligned/SRR11389057_fixed_sorted.bam --OUTPUT /users/PYS1149/joyita/Geval/metrics/SRR11389057_OxoGMetrics.txt --REFERENCE_SEQUENCE /users/PYS1149/joyita/Geval/ref/hg38.p14.fa --MINIMUM_QUALITY_SCORE 20 --MINIMUM_MAPPING_QUALITY 30 --MINIMUM_INSERT_SIZE 60 --MAXIMUM_INSERT_SIZE 600 --INCLUDE_NON_PF_READS true --USE_OQ true --CONTEXT_SIZE 1 --STOP_AFTER 2147483647 --VERBOSITY INFO --QUIET false --VALIDATION_STRINGENCY STRICT --COMPRESSION_LEVEL 2 --MAX_RECORDS_IN_RAM 500000 --CREATE_INDEX false --CREATE_MD5_FILE false --GA4GH_CLIENT_SECRETS client_secrets.json --help false --version false --showHidden false --USE_JDK_DEFLATER false --USE_JDK_INFLATER false
## htsjdk.samtools.metrics.StringHeader
# Started on: Sat Apr 05 07:18:27 EDT 2025

## METRICS CLASS	picard.analysis.CollectOxoGMetrics$CpcgMetrics
SAMPLE_ALIAS	LIBRARY	CONTEXT	TOTAL_SITES	TOTAL_BASES	REF_NONOXO_BASES	REF_OXO_BASES	REF_TOTAL_BASES	ALT_NONOXO_BASES	ALT_OXO_BASES	OXIDATION_ERROR_RATE	OXIDATION_Q	C_REF_REF_BASES	G_REF_REF_BASES	C_REF_ALT_BASES	G_REF_ALT_BASES	C_REF_OXO_ERROR_RATE	C_REF_OXO_Q	G_REF_OXO_ERROR_RATE	G_REF_OXO_Q
SRR11389057	1	CCA	556091	50074176	25057101	25011452	50068553	2805	2818	0	65.856705	25861302	24207251	2992	2631	0.000007	51.545247	0	100
SRR11389057	1	ACC	345495	32092871	16066135	16022967	32089102	1711	2058	0.000011	49.660791	16162871	15926231	1253	2516	0	100	0.00008	40.945492
SRR11389057	1	CCC	464096	44436481	22305912	22125266	44431178	2977	2326	0	76.477397	22768671	21662507	3058	2245	0.000031	45.133602	0	100
SRR11389057	1	GCA	432115	42096891	20964180	21124224	42088404	3911	4576	0.000016	48.014284	21265121	20823283	3634	4853	0	100	0.000062	42.066206
SRR11389057	1	TCT	489979	40256359	20060687	20191715	40252402	1870	2087	0.000005	52.683748	19921282	20331120	1883	2074	0	100	0.000007	51.256572
SRR11389057	1	ACG	79148	12657774	6312805	6343752	12656557	624	593	0	71.023573	6268386	6388171	827	390	0.000071	41.495506	0	100
SRR11389057	1	CCG	133553	22095718	11039924	11051577	22091501	2191	2026	0	73.443081	11115566	10975935	2504	1713	0.000069	41.600534	0	100
SRR11389057	1	GCC	443905	44620208	22342384	22272470	44614854	2907	2447	0	76.495316	22493498	22121356	3575	1779	0.000078	41.051525	0	100
SRR11389057	1	GCG	118971	18669247	9257110	9409741	18666851	954	1442	0.000026	45.82707	9471362	9195489	1218	1178	0	63.082375	0	100
SRR11389057	1	ACT	371389	29102043	14513974	14585892	29099866	1095	1082	0	74.639235	14375777	14724089	1113	1064	0.000005	52.874686	0	100
SRR11389057	1	TCA	461815	37163935	18561000	18597311	37158311	2587	3037	0.000012	49.169092	18859409	18298902	3166	2458	0.000034	44.744547	0	100
SRR11389057	1	CCT	550130	46401339	23230572	23163656	46394228	3516	3595	0.000002	57.689034	23221560	23172668	3488	3623	0	100	0.000006	52.117705
SRR11389057	1	TCC	455588	42617324	21358028	21254622	42612650	2421	2253	0	76.295862	21909735	20702915	2402	2272	0	100	0	69.533342
SRR11389057	1	GCT	439692	42136382	20956396	21175572	42131968	2182	2232	0.000001	59.256872	20530093	21601875	2222	2192	0.000007	51.702284	0	100
SRR11389057	1	TCG	80359	12964687	6443143	6519310	12962453	1058	1176	0.000009	50.4088	6340379	6622074	1018	1216	0	100	0.000023	46.37101
SRR11389057	1	ACA	453068	35273792	17588355	17681625	35269980	2043	1769	0	75.474521	17997080	17272900	1927	1885	0	100	0.000002	56.867409


