## htsjdk.samtools.metrics.StringHeader
# CollectOxoGMetrics --INPUT /users/PYS1149/joyita/Geval/post_aligned/SRR11389067_fixed_sorted.bam --OUTPUT /users/PYS1149/joyita/Geval/metrics/SRR11389067_OxoGMetrics.txt --REFERENCE_SEQUENCE /users/PYS1149/joyita/Geval/ref/hg38.p14.fa --MINIMUM_QUALITY_SCORE 20 --MINIMUM_MAPPING_QUALITY 30 --MINIMUM_INSERT_SIZE 60 --MAXIMUM_INSERT_SIZE 600 --INCLUDE_NON_PF_READS true --USE_OQ true --CONTEXT_SIZE 1 --STOP_AFTER 2147483647 --VERBOSITY INFO --QUIET false --VALIDATION_STRINGENCY STRICT --COMPRESSION_LEVEL 2 --MAX_RECORDS_IN_RAM 500000 --CREATE_INDEX false --CREATE_MD5_FILE false --GA4GH_CLIENT_SECRETS client_secrets.json --help false --version false --showHidden false --USE_JDK_DEFLATER false --USE_JDK_INFLATER false
## htsjdk.samtools.metrics.StringHeader
# Started on: Sat Apr 05 07:30:35 EDT 2025

## METRICS CLASS	picard.analysis.CollectOxoGMetrics$CpcgMetrics
SAMPLE_ALIAS	LIBRARY	CONTEXT	TOTAL_SITES	TOTAL_BASES	REF_NONOXO_BASES	REF_OXO_BASES	REF_TOTAL_BASES	ALT_NONOXO_BASES	ALT_OXO_BASES	OXIDATION_ERROR_RATE	OXIDATION_Q	C_REF_REF_BASES	G_REF_REF_BASES	C_REF_ALT_BASES	G_REF_ALT_BASES	C_REF_OXO_ERROR_RATE	C_REF_OXO_Q	G_REF_OXO_ERROR_RATE	G_REF_OXO_Q
SRR11389067	1	CCA	452260	39434191	19771632	19658506	39430138	2103	1950	0	75.958729	20108784	19321354	2144	1909	0.000008	51.070228	0	100
SRR11389067	1	ACC	281930	25196570	12643627	12550299	25193926	1271	1373	0.000004	53.927413	12453306	12740620	1044	1600	0	100	0.000042	43.794404
SRR11389067	1	CCC	363640	33111772	16700819	16406611	33107430	2340	2002	0	75.199824	16887666	16219764	2623	1719	0.000049	43.069263	0	100
SRR11389067	1	GCA	354832	33770662	16791953	16974198	33766151	2136	2375	0.000007	51.501417	17012941	16753210	1849	2662	0	100	0.00005	42.993005
SRR11389067	1	TCT	386320	31288937	15677697	15608891	31286588	1270	1079	0	74.953908	15976609	15309979	1264	1085	0.000008	50.83777	0	100
SRR11389067	1	ACG	64239	10019270	4994922	5023062	10017984	662	624	0	70.008361	4869191	5148793	756	530	0.000052	42.814014	0	100
SRR11389067	1	CCG	103004	16147610	8088167	8056191	16144358	1727	1525	0	72.081083	8133632	8010726	1975	1277	0.000083	40.789686	0	100
SRR11389067	1	GCC	348913	33107773	16600374	16503185	33103559	2152	2062	0	75.1993	16607538	16496021	2986	1228	0.000105	39.774525	0	100
SRR11389067	1	GCG	90450	13612727	6738720	6871819	13610539	1069	1119	0.000004	54.349751	6903692	6706847	1508	680	0.000117	39.317863	0	100
SRR11389067	1	ACT	306323	23545678	11764597	11778785	23543382	1252	1044	0	73.719112	11585580	11957802	1291	1005	0.000027	45.62555	0	100
SRR11389067	1	TCA	386767	30181415	15075275	15102022	30177297	2236	1882	0	74.797396	15412292	14765005	2888	1230	0.000104	39.827594	0	100
SRR11389067	1	CCT	441081	35330895	17787224	17537652	35324876	3097	2922	0	75.481546	17866422	17458454	3559	2460	0.000058	42.345198	0	100
SRR11389067	1	TCC	369061	33049120	16622179	16423808	33045987	1796	1337	0	75.191599	17268387	15777600	1664	1469	0.000003	54.87615	0	100
SRR11389067	1	GCT	352866	32235172	16057356	16174549	32231905	1614	1653	0.000001	59.172654	15837161	16394744	1590	1677	0	100	0.000002	57.231444
SRR11389067	1	TCG	65567	10078776	5023880	5053838	10077718	562	496	0	70.034078	5024938	5052780	650	408	0.000049	43.133906	0	100
SRR11389067	1	ACA	374477	29073904	14478047	14592801	29070848	1630	1426	0	74.635034	14462354	14608494	1578	1478	0.000008	51.00443	0	100


