# This file was produced by samtools stats (1.21+htslib-1.21) and can be plotted using plot-bamstats
# This file contains statistics for all reads.
# The command line was:  stats /users/PYS1149/joyita/Geval/post_aligned/SRR11389067_fixed_sorted.bam
# CHK, Checksum	[2]Read Names	[3]Sequences	[4]Qualities
# CHK, CRC32 of reads which passed filtering followed by addition (32bit overflow)
CHK	7a413dd8	d6fc14bf	c5e53e3b
# Summary Numbers. Use `grep ^SN | cut -f 2-` to extract this part.
SN	raw total sequences:	19371064	# excluding supplementary and secondary reads
SN	filtered sequences:	0
SN	sequences:	19371064
SN	is sorted:	1
SN	1st fragments:	9685532
SN	last fragments:	9685532
SN	reads mapped:	19146140
SN	reads mapped and paired:	18986028	# paired-end technology bit set + both mates mapped
SN	reads unmapped:	224924
SN	reads properly paired:	18956230	# proper-pair bit set
SN	reads paired:	19371064	# paired-end technology bit set
SN	reads duplicated:	0	# PCR or optical duplicate bit set
SN	reads MQ0:	876252	# mapped and MQ=0
SN	reads QC failed:	0
SN	non-primary alignments:	19765
SN	supplementary alignments:	0
SN	total length:	1355265639	# ignores clipping
SN	total first fragment length:	681260409	# ignores clipping
SN	total last fragment length:	674005230	# ignores clipping
SN	bases mapped:	1352419337	# ignores clipping
SN	bases mapped (cigar):	1350574817	# more accurate
SN	bases trimmed:	0
SN	bases duplicated:	0
SN	mismatches:	2115724	# from NM fields
SN	error rate:	1.566536e-03	# mismatches / bases mapped (cigar)
SN	average length:	70
SN	average first fragment length:	70
SN	average last fragment length:	70
SN	maximum length:	81
SN	maximum first fragment length:	81
SN	maximum last fragment length:	81
SN	average quality:	34.9
SN	insert size average:	71.5
SN	insert size standard deviation:	35.4
SN	inward oriented pairs:	3620530
SN	outward oriented pairs:	5859666
SN	pairs with other orientation:	441
SN	pairs on different chromosomes:	12377
SN	percentage of properly paired reads (%):	97.9
# First Fragment Qualities. Use `grep ^FFQ | cut -f 2-` to extract this part.
# Columns correspond to qualities and rows to cycles. First column is the cycle number.
FFQ	1	0	0	20	0	0	0	0	0	0	0	0	0	0	0	126215	0	0	0	0	0	0	32897	0	0	0	0	0	760	0	0	0	0	376417	0	0	0	9149223	0
FFQ	2	0	0	38	0	0	0	0	0	0	0	0	0	0	0	131756	0	0	0	0	0	0	32596	0	0	0	0	0	932	0	0	0	0	396467	0	0	0	9121571	0
FFQ	3	0	0	150	0	0	0	0	0	0	0	0	0	0	0	137125	0	0	0	0	0	0	31369	0	0	0	0	0	2073	0	0	0	0	406576	0	0	0	9103721	0
FFQ	4	0	0	53	0	0	0	0	0	0	0	0	0	0	0	143449	0	0	0	0	0	0	30595	0	0	0	0	0	4023	0	0	0	0	411373	0	0	0	9089057	0
FFQ	5	0	0	23	0	0	0	0	0	0	0	0	0	0	0	141723	0	0	0	0	0	0	29619	0	0	0	0	0	5723	0	0	0	0	407614	0	0	0	9090995	0
FFQ	6	0	0	0	0	0	0	0	0	0	0	0	0	0	0	149788	0	0	0	0	0	0	30181	0	0	0	0	0	7356	0	0	0	0	414499	0	0	0	9070650	0
FFQ	7	0	0	178	0	0	0	0	0	0	0	0	0	0	0	151131	0	0	0	0	0	0	28547	0	0	0	0	0	11031	0	0	0	0	412729	0	0	0	9065570	0
FFQ	8	0	0	102	0	0	0	0	0	0	0	0	0	0	0	152284	0	0	0	0	0	0	26877	0	0	0	0	0	16499	0	0	0	0	407343	0	0	0	9062778	0
FFQ	9	0	0	44	0	0	0	0	0	0	0	0	0	0	0	152891	0	0	0	0	0	0	26584	0	0	0	0	0	19069	0	0	0	0	402601	0	0	0	9061232	0
FFQ	10	0	0	78	0	0	0	0	0	0	0	0	0	0	0	155258	0	0	0	0	0	0	26376	0	0	0	0	0	22309	0	0	0	0	406390	0	0	0	9048499	0
FFQ	11	0	0	53	0	0	0	0	0	0	0	0	0	0	0	162169	0	0	0	0	0	0	25953	0	0	0	0	0	27450	0	0	0	0	411708	0	0	0	9027977	0
FFQ	12	0	0	0	0	0	0	0	0	0	0	0	0	0	0	163737	0	0	0	0	0	0	23636	0	0	0	0	0	34424	0	0	0	0	406006	0	0	0	9023880	0
FFQ	13	0	0	18	0	0	0	0	0	0	0	0	0	0	0	164611	0	0	0	0	0	0	23880	0	0	0	0	0	35292	0	0	0	0	407321	0	0	0	9016755	0
FFQ	14	0	0	94	0	0	0	0	0	0	0	0	0	0	0	167756	0	0	0	0	0	0	22522	0	0	0	0	0	41117	0	0	0	0	404697	0	0	0	9007821	0
FFQ	15	0	0	104	0	0	0	0	0	0	0	0	0	0	0	170817	0	0	0	0	0	0	21954	0	0	0	0	0	43935	0	0	0	0	405049	0	0	0	8998293	0
FFQ	16	0	0	9	0	0	0	0	0	0	0	0	0	0	0	175039	0	0	0	0	0	0	20908	0	0	0	0	0	48934	0	0	0	0	407259	0	0	0	8984176	0
FFQ	17	0	0	0	0	0	0	0	0	0	0	0	0	0	0	178163	0	0	0	0	0	0	20648	0	0	0	0	0	51125	0	0	0	0	414624	0	0	0	8967954	0
FFQ	18	0	0	29	0	0	0	0	0	0	0	0	0	0	0	181542	0	0	0	0	0	0	19803	0	0	0	0	0	56139	0	0	0	0	421223	0	0	0	8949753	0
FFQ	19	0	0	81	0	0	0	0	0	0	0	0	0	0	0	185136	0	0	0	0	0	0	19147	0	0	0	0	0	56773	0	0	0	0	424078	0	0	0	8939319	0
FFQ	20	0	0	40	0	0	0	0	0	0	0	0	0	0	0	182731	0	0	0	0	0	0	18012	0	0	0	0	0	58714	0	0	0	0	419194	0	0	0	8942068	0
FFQ	21	0	0	23	0	0	0	0	0	0	0	0	0	0	0	189277	0	0	0	0	0	0	18795	0	0	0	0	0	62117	0	0	0	0	429354	0	0	0	8917134	0
FFQ	22	0	0	0	0	0	0	0	0	0	0	0	0	0	0	192984	0	0	0	0	0	0	17270	0	0	0	0	0	64766	0	0	0	0	438442	0	0	0	8899206	0
FFQ	23	0	0	35	0	0	0	0	0	0	0	0	0	0	0	193480	0	0	0	0	0	0	14613	0	0	0	0	0	71818	0	0	0	0	445106	0	0	0	8883417	0
FFQ	24	0	0	30	0	0	0	0	0	0	0	0	0	0	0	200008	0	0	0	0	0	0	14167	0	0	0	0	0	66384	0	0	0	0	446041	0	0	0	8877664	0
FFQ	25	0	0	10	0	0	0	0	0	0	0	0	0	0	0	198457	0	0	0	0	0	0	12905	0	0	0	0	0	69143	0	0	0	0	443937	0	0	0	8875687	0
FFQ	26	0	0	2	0	0	0	0	0	0	0	0	0	0	0	202107	0	0	0	0	0	0	13238	0	0	0	0	0	66135	0	0	0	0	446105	0	0	0	8868267	0
FFQ	27	0	0	24	0	0	0	0	0	0	0	0	0	0	0	205366	0	0	0	0	0	0	13831	0	0	0	0	0	66245	0	0	0	0	447222	0	0	0	8858884	0
FFQ	28	0	0	57	0	0	0	0	0	0	0	0	0	0	0	213513	0	0	0	0	0	0	14830	0	0	0	0	0	69249	0	0	0	0	460602	0	0	0	8829073	0
FFQ	29	0	0	119	0	0	0	0	0	0	0	0	0	0	0	216529	0	0	0	0	0	0	14172	0	0	0	0	0	70374	0	0	0	0	465087	0	0	0	8816687	0
FFQ	30	0	0	70	0	0	0	0	0	0	0	0	0	0	0	217358	0	0	0	0	0	0	14469	0	0	0	0	0	69229	0	0	0	0	462079	0	0	0	8815682	0
FFQ	31	0	0	13	0	0	0	0	0	0	0	0	0	0	0	220748	0	0	0	0	0	0	14117	0	0	0	0	0	69558	0	0	0	0	471659	0	0	0	8779766	0
FFQ	32	0	0	0	0	0	0	0	0	0	0	0	0	0	0	229928	0	0	0	0	0	0	14618	0	0	0	0	0	75457	0	0	0	0	487576	0	0	0	8722860	0
FFQ	33	0	0	35	0	0	0	0	0	0	0	0	0	0	0	226439	0	0	0	0	0	0	14746	0	0	0	0	0	75455	0	0	0	0	481328	0	0	0	8703552	0
FFQ	34	0	0	12	0	0	0	0	0	0	0	0	0	0	0	224009	0	0	0	0	0	0	16727	0	0	0	0	0	74588	0	0	0	0	468238	0	0	0	8685995	0
FFQ	35	0	0	35	0	0	0	0	0	0	0	0	0	0	0	224690	0	0	0	0	0	0	21967	0	0	0	0	0	77482	0	0	0	0	458677	0	0	0	8651019	0
FFQ	36	0	0	126	0	0	0	0	0	0	0	0	0	0	0	229177	0	0	0	0	0	0	27165	0	0	0	0	0	80481	0	0	0	0	453407	0	0	0	8605206	0
FFQ	37	0	0	58	0	0	0	0	0	0	0	0	0	0	0	230214	0	0	0	0	0	0	32074	0	0	0	0	0	86009	0	0	0	0	445056	0	0	0	8559442	0
FFQ	38	0	0	13	0	0	0	0	0	0	0	0	0	0	0	232489	0	0	0	0	0	0	34760	0	0	0	0	0	88113	0	0	0	0	443958	0	0	0	8507608	0
FFQ	39	0	0	0	0	0	0	0	0	0	0	0	0	0	0	235165	0	0	0	0	0	0	39281	0	0	0	0	0	92556	0	0	0	0	442550	0	0	0	8448033	0
FFQ	40	0	0	19	0	0	0	0	0	0	0	0	0	0	0	236610	0	0	0	0	0	0	46604	0	0	0	0	0	101063	0	0	0	0	436800	0	0	0	8383047	0
FFQ	41	0	0	16	0	0	0	0	0	0	0	0	0	0	0	237430	0	0	0	0	0	0	49814	0	0	0	0	0	105284	0	0	0	0	433470	0	0	0	8320589	0
FFQ	42	0	0	4	0	0	0	0	0	0	0	0	0	0	0	236211	0	0	0	0	0	0	56292	0	0	0	0	0	114224	0	0	0	0	430090	0	0	0	8248601	0
FFQ	43	0	0	20	0	0	0	0	0	0	0	0	0	0	0	242231	0	0	0	0	0	0	60333	0	0	0	0	0	118875	0	0	0	0	437218	0	0	0	8162006	0
FFQ	44	0	0	0	0	0	0	0	0	0	0	0	0	0	0	243431	0	0	0	0	0	0	62816	0	0	0	0	0	124060	0	0	0	0	440460	0	0	0	8081761	0
FFQ	45	0	0	0	0	0	0	0	0	0	0	0	0	0	0	248018	0	0	0	0	0	0	65119	0	0	0	0	0	127715	0	0	0	0	444406	0	0	0	7995691	0
FFQ	46	0	0	10	0	0	0	0	0	0	0	0	0	0	0	256123	0	0	0	0	0	0	70907	0	0	0	0	0	135106	0	0	0	0	450196	0	0	0	7895010	0
FFQ	47	0	0	2	0	0	0	0	0	0	0	0	0	0	0	250587	0	0	0	0	0	0	71681	0	0	0	0	0	139327	0	0	0	0	456962	0	0	0	7810886	0
FFQ	48	0	0	0	0	0	0	0	0	0	0	0	0	0	0	254088	0	0	0	0	0	0	73543	0	0	0	0	0	144542	0	0	0	0	466719	0	0	0	7709485	0
FFQ	49	0	0	0	0	0	0	0	0	0	0	0	0	0	0	255475	0	0	0	0	0	0	75939	0	0	0	0	0	149153	0	0	0	0	472459	0	0	0	7611970	0
FFQ	50	0	0	0	0	0	0	0	0	0	0	0	0	0	0	255550	0	0	0	0	0	0	77073	0	0	0	0	0	150942	0	0	0	0	471823	0	0	0	7522847	0
FFQ	51	0	0	0	0	0	0	0	0	0	0	0	0	0	0	252668	0	0	0	0	0	0	74588	0	0	0	0	0	150980	0	0	0	0	489598	0	0	0	7420959	0
FFQ	52	0	0	0	0	0	0	0	0	0	0	0	0	0	0	248745	0	0	0	0	0	0	73114	0	0	0	0	0	150953	0	0	0	0	510703	0	0	0	7314713	0
FFQ	53	0	0	0	0	0	0	0	0	0	0	0	0	0	0	245041	0	0	0	0	0	0	72085	0	0	0	0	0	153563	0	0	0	0	536623	0	0	0	7197721	0
FFQ	54	0	0	15	0	0	0	0	0	0	0	0	0	0	0	248994	0	0	0	0	0	0	72829	0	0	0	0	0	157982	0	0	0	0	557790	0	0	0	7071990	0
FFQ	55	0	0	0	0	0	0	0	0	0	0	0	0	0	0	244965	0	0	0	0	0	0	71613	0	0	0	0	0	161286	0	0	0	0	590643	0	0	0	6944658	0
FFQ	56	0	0	0	0	0	0	0	0	0	0	0	0	0	0	245247	0	0	0	0	0	0	71827	0	0	0	0	0	165528	0	0	0	0	621035	0	0	0	6811082	0
FFQ	57	0	0	0	0	0	0	0	0	0	0	0	0	0	0	249888	0	0	0	0	0	0	71977	0	0	0	0	0	169195	0	0	0	0	634413	0	0	0	6688904	0
FFQ	58	0	0	0	0	0	0	0	0	0	0	0	0	0	0	249576	0	0	0	0	0	0	73931	0	0	0	0	0	175508	0	0	0	0	661682	0	0	0	6552797	0
FFQ	59	0	0	10	0	0	0	0	0	0	0	0	0	0	0	246155	0	0	0	0	0	0	71678	0	0	0	0	0	180133	0	0	0	0	685646	0	0	0	6426902	0
FFQ	60	0	0	3	0	0	0	0	0	0	0	0	0	0	0	248162	0	0	0	0	0	0	71026	0	0	0	0	0	183147	0	0	0	0	701845	0	0	0	6301952	0
FFQ	61	0	0	0	0	0	0	0	0	0	0	0	0	0	0	252976	0	0	0	0	0	0	73946	0	0	0	0	0	189818	0	0	0	0	724701	0	0	0	6160175	0
FFQ	62	0	0	0	0	0	0	0	0	0	0	0	0	0	0	258086	0	0	0	0	0	0	75302	0	0	0	0	0	193396	0	0	0	0	732308	0	0	0	6037431	0
FFQ	63	0	0	25	0	0	0	0	0	0	0	0	0	0	0	251096	0	0	0	0	0	0	73088	0	0	0	0	0	200725	0	0	0	0	758030	0	0	0	5907962	0
FFQ	64	0	0	23	0	0	0	0	0	0	0	0	0	0	0	246754	0	0	0	0	0	0	71168	0	0	0	0	0	203921	0	0	0	0	762799	0	0	0	5799776	0
FFQ	65	0	0	54	0	0	0	0	0	0	0	0	0	0	0	247580	0	0	0	0	0	0	72428	0	0	0	0	0	211001	0	0	0	0	778948	0	0	0	5668402	0
FFQ	66	0	0	51	0	0	0	0	0	0	0	0	0	0	0	238914	0	0	0	0	0	0	68560	0	0	0	0	0	215017	0	0	0	0	784507	0	0	0	5564512	0
FFQ	67	0	0	0	0	0	0	0	0	0	0	0	0	0	0	240508	0	0	0	0	0	0	68126	0	0	0	0	0	220985	0	0	0	0	788756	0	0	0	5445759	0
FFQ	68	0	0	3	0	0	0	0	0	0	0	0	0	0	0	245908	0	0	0	0	0	0	69859	0	0	0	0	0	226564	0	0	0	0	794787	0	0	0	5319166	0
FFQ	69	0	0	1	0	0	0	0	0	0	0	0	0	0	0	243932	0	0	0	0	0	0	68555	0	0	0	0	0	229754	0	0	0	0	793290	0	0	0	5213074	0
FFQ	70	0	0	25	0	0	0	0	0	0	0	0	0	0	0	246377	0	0	0	0	0	0	69094	0	0	0	0	0	234069	0	0	0	0	789286	0	0	0	5100385	0
FFQ	71	0	0	27	0	0	0	0	0	0	0	0	0	0	0	239069	0	0	0	0	0	0	65755	0	0	0	0	0	233611	0	0	0	0	768890	0	0	0	5022809	0
FFQ	72	0	0	1	0	0	0	0	0	0	0	0	0	0	0	238646	0	0	0	0	0	0	65202	0	0	0	0	0	233062	0	0	0	0	750331	0	0	0	4934467	0
FFQ	73	0	0	0	0	0	0	0	0	0	0	0	0	0	0	240541	0	0	0	0	0	0	65824	0	0	0	0	0	234131	0	0	0	0	750939	0	0	0	4824430	0
FFQ	74	0	0	0	0	0	0	0	0	0	0	0	0	0	0	246800	0	0	0	0	0	0	67821	0	0	0	0	0	238049	0	0	0	0	755860	0	0	0	4700031	0
FFQ	75	0	0	6	0	0	0	0	0	0	0	0	0	0	0	235332	0	0	0	0	0	0	66531	0	0	0	0	0	232774	0	0	0	0	735069	0	0	0	4631617	0
FFQ	76	0	0	37	0	0	0	0	0	0	0	0	0	0	0	239468	0	0	0	0	0	0	67275	0	0	0	0	0	233247	0	0	0	0	738116	0	0	0	4514981	0
FFQ	77	0	0	11	0	0	0	0	0	0	0	0	0	0	0	239923	0	0	0	0	0	0	70598	0	0	0	0	0	236103	0	0	0	0	743647	0	0	0	4390181	0
FFQ	78	0	0	2	0	0	0	0	0	0	0	0	0	0	0	233184	0	0	0	0	0	0	71392	0	0	0	0	0	234177	0	0	0	0	725513	0	0	0	4283199	0
FFQ	79	0	0	0	0	0	0	0	0	0	0	0	0	0	0	200012	0	0	0	0	0	0	72486	0	0	0	0	0	218611	0	0	0	0	675700	0	0	0	4149209	0
FFQ	80	0	0	0	0	0	0	0	0	0	0	0	0	0	0	135180	0	0	0	0	0	0	67971	0	0	0	0	0	197079	0	0	0	0	609105	0	0	0	3760997	0
FFQ	81	0	0	0	0	0	0	0	0	0	0	0	0	0	0	0	0	0	0	0	0	0	92672	0	0	0	0	0	297611	0	0	0	0	976132	0	0	0	1986634	0
# Last Fragment Qualities. Use `grep ^LFQ | cut -f 2-` to extract this part.
# Columns correspond to qualities and rows to cycles. First column is the cycle number.
LFQ	1	0	0	414	0	0	0	0	0	0	0	0	0	0	0	197006	0	0	0	0	0	0	58480	0	0	0	0	0	29032	0	0	0	0	345537	0	0	0	9055063	0
LFQ	2	0	0	272	0	0	0	0	0	0	0	0	0	0	0	189844	0	0	0	0	0	0	58481	0	0	0	0	0	32312	0	0	0	0	336908	0	0	0	9060875	0
LFQ	3	0	0	35	0	0	0	0	0	0	0	0	0	0	0	190725	0	0	0	0	0	0	54508	0	0	0	0	0	36628	0	0	0	0	333205	0	0	0	9056612	0
LFQ	4	0	0	1	0	0	0	0	0	0	0	0	0	0	0	203137	0	0	0	0	0	0	50484	0	0	0	0	0	39419	0	0	0	0	342658	0	0	0	9028939	0
LFQ	5	0	0	0	0	0	0	0	0	0	0	0	0	0	0	213253	0	0	0	0	0	0	44137	0	0	0	0	0	41666	0	0	0	0	340257	0	0	0	9018092	0
LFQ	6	0	0	152	0	0	0	0	0	0	0	0	0	0	0	206735	0	0	0	0	0	0	46256	0	0	0	0	0	38373	0	0	0	0	322759	0	0	0	9036124	0
LFQ	7	0	0	193	0	0	0	0	0	0	0	0	0	0	0	214728	0	0	0	0	0	0	44400	0	0	0	0	0	36313	0	0	0	0	323641	0	0	0	9023985	0
LFQ	8	0	0	36	0	0	0	0	0	0	0	0	0	0	0	210876	0	0	0	0	0	0	45512	0	0	0	0	0	33388	0	0	0	0	311170	0	0	0	9035406	0
LFQ	9	0	0	31	0	0	0	0	0	0	0	0	0	0	0	216322	0	0	0	0	0	0	45007	0	0	0	0	0	33003	0	0	0	0	314081	0	0	0	9021278	0
LFQ	10	0	0	57	0	0	0	0	0	0	0	0	0	0	0	215397	0	0	0	0	0	0	49080	0	0	0	0	0	32456	0	0	0	0	317319	0	0	0	9008944	0
LFQ	11	0	0	0	0	0	0	0	0	0	0	0	0	0	0	208766	0	0	0	0	0	0	53849	0	0	0	0	0	36377	0	0	0	0	321526	0	0	0	8996268	0
LFQ	12	0	0	84	0	0	0	0	0	0	0	0	0	0	0	213977	0	0	0	0	0	0	46205	0	0	0	0	0	38194	0	0	0	0	331620	0	0	0	8979743	0
LFQ	13	0	0	86	0	0	0	0	0	0	0	0	0	0	0	222375	0	0	0	0	0	0	40803	0	0	0	0	0	39158	0	0	0	0	338802	0	0	0	8962144	0
LFQ	14	0	0	38	0	0	0	0	0	0	0	0	0	0	0	227869	0	0	0	0	0	0	36847	0	0	0	0	0	39746	0	0	0	0	340421	0	0	0	8951896	0
LFQ	15	0	0	83	0	0	0	0	0	0	0	0	0	0	0	237606	0	0	0	0	0	0	38732	0	0	0	0	0	41076	0	0	0	0	348485	0	0	0	8923974	0
LFQ	16	0	0	85	0	0	0	0	0	0	0	0	0	0	0	239700	0	0	0	0	0	0	37166	0	0	0	0	0	41012	0	0	0	0	348832	0	0	0	8915625	0
LFQ	17	0	0	187	0	0	0	0	0	0	0	0	0	0	0	241141	0	0	0	0	0	0	38182	0	0	0	0	0	39455	0	0	0	0	344554	0	0	0	8911307	0
LFQ	18	0	0	547	0	0	0	0	0	0	0	0	0	0	0	243884	0	0	0	0	0	0	39661	0	0	0	0	0	38962	0	0	0	0	341103	0	0	0	8903466	0
LFQ	19	0	0	375	0	0	0	0	0	0	0	0	0	0	0	243407	0	0	0	0	0	0	40224	0	0	0	0	0	40122	0	0	0	0	334596	0	0	0	8901927	0
LFQ	20	0	0	401	0	0	0	0	0	0	0	0	0	0	0	241524	0	0	0	0	0	0	43389	0	0	0	0	0	39261	0	0	0	0	331724	0	0	0	8897566	0
LFQ	21	0	0	83	0	0	0	0	0	0	0	0	0	0	0	243684	0	0	0	0	0	0	44996	0	0	0	0	0	40462	0	0	0	0	333683	0	0	0	8883857	0
LFQ	22	0	0	69	0	0	0	0	0	0	0	0	0	0	0	239509	0	0	0	0	0	0	48523	0	0	0	0	0	44244	0	0	0	0	332635	0	0	0	8875184	0
LFQ	23	0	0	48	0	0	0	0	0	0	0	0	0	0	0	235208	0	0	0	0	0	0	51507	0	0	0	0	0	48575	0	0	0	0	333552	0	0	0	8864579	0
LFQ	24	0	0	18	0	0	0	0	0	0	0	0	0	0	0	240462	0	0	0	0	0	0	52662	0	0	0	0	0	54718	0	0	0	0	340551	0	0	0	8838289	0
LFQ	25	0	0	25	0	0	0	0	0	0	0	0	0	0	0	256675	0	0	0	0	0	0	49869	0	0	0	0	0	56894	0	0	0	0	359903	0	0	0	8796384	0
LFQ	26	0	0	2	0	0	0	0	0	0	0	0	0	0	0	250174	0	0	0	0	0	0	50631	0	0	0	0	0	56798	0	0	0	0	347797	0	0	0	8807427	0
LFQ	27	0	0	170	0	0	0	0	0	0	0	0	0	0	0	256964	0	0	0	0	0	0	53715	0	0	0	0	0	62558	0	0	0	0	337144	0	0	0	8795173	0
LFQ	28	0	0	23	0	0	0	0	0	0	0	0	0	0	0	250720	0	0	0	0	0	0	57039	0	0	0	0	0	59944	0	0	0	0	322172	0	0	0	8808868	0
LFQ	29	0	0	26	0	0	0	0	0	0	0	0	0	0	0	253828	0	0	0	0	0	0	58597	0	0	0	0	0	64504	0	0	0	0	318505	0	0	0	8796126	0
LFQ	30	0	0	3	0	0	0	0	0	0	0	0	0	0	0	255679	0	0	0	0	0	0	62423	0	0	0	0	0	68706	0	0	0	0	316410	0	0	0	8781217	0
LFQ	31	0	0	54	0	0	0	0	0	0	0	0	0	0	0	257585	0	0	0	0	0	0	65177	0	0	0	0	0	69672	0	0	0	0	317916	0	0	0	8748269	0
LFQ	32	0	0	6	0	0	0	0	0	0	0	0	0	0	0	257068	0	0	0	0	0	0	66866	0	0	0	0	0	68837	0	0	0	0	322968	0	0	0	8714575	0
LFQ	33	0	0	220	0	0	0	0	0	0	0	0	0	0	0	253189	0	0	0	0	0	0	71662	0	0	0	0	0	70307	0	0	0	0	325514	0	0	0	8677989	0
LFQ	34	0	0	212	0	0	0	0	0	0	0	0	0	0	0	251782	0	0	0	0	0	0	73548	0	0	0	0	0	77588	0	0	0	0	340792	0	0	0	8620663	0
LFQ	35	0	0	139	0	0	0	0	0	0	0	0	0	0	0	251567	0	0	0	0	0	0	72185	0	0	0	0	0	84603	0	0	0	0	363473	0	0	0	8554564	0
LFQ	36	0	0	105	0	0	0	0	0	0	0	0	0	0	0	257809	0	0	0	0	0	0	72739	0	0	0	0	0	90694	0	0	0	0	382295	0	0	0	8482119	0
LFQ	37	0	0	14	0	0	0	0	0	0	0	0	0	0	0	260811	0	0	0	0	0	0	75719	0	0	0	0	0	97875	0	0	0	0	402777	0	0	0	8404083	0
LFQ	38	0	0	39	0	0	0	0	0	0	0	0	0	0	0	267117	0	0	0	0	0	0	74006	0	0	0	0	0	100354	0	0	0	0	422626	0	0	0	8328847	0
LFQ	39	0	0	34	0	0	0	0	0	0	0	0	0	0	0	263117	0	0	0	0	0	0	70401	0	0	0	0	0	99762	0	0	0	0	446270	0	0	0	8262343	0
LFQ	40	0	0	372	0	0	0	0	0	0	0	0	0	0	0	272899	0	0	0	0	0	0	70996	0	0	0	0	0	99872	0	0	0	0	453342	0	0	0	8189484	0
LFQ	41	0	0	0	0	0	0	0	0	0	0	0	0	0	0	269223	0	0	0	0	0	0	66126	0	0	0	0	0	101075	0	0	0	0	495387	0	0	0	8096151	0
LFQ	42	0	0	0	0	0	0	0	0	0	0	0	0	0	0	260979	0	0	0	0	0	0	63078	0	0	0	0	0	100472	0	0	0	0	506474	0	0	0	8035248	0
LFQ	43	0	0	1	0	0	0	0	0	0	0	0	0	0	0	258462	0	0	0	0	0	0	65216	0	0	0	0	0	103249	0	0	0	0	523674	0	0	0	7950420	0
LFQ	44	0	0	8	0	0	0	0	0	0	0	0	0	0	0	267480	0	0	0	0	0	0	64550	0	0	0	0	0	120686	0	0	0	0	558447	0	0	0	7821017	0
LFQ	45	0	0	0	0	0	0	0	0	0	0	0	0	0	0	268360	0	0	0	0	0	0	64323	0	0	0	0	0	125652	0	0	0	0	571352	0	0	0	7730777	0
LFQ	46	0	0	2	0	0	0	0	0	0	0	0	0	0	0	271022	0	0	0	0	0	0	66302	0	0	0	0	0	130658	0	0	0	0	578067	0	0	0	7640879	0
LFQ	47	0	0	34	0	0	0	0	0	0	0	0	0	0	0	264793	0	0	0	0	0	0	63218	0	0	0	0	0	125920	0	0	0	0	568083	0	0	0	7587396	0
LFQ	48	0	0	2	0	0	0	0	0	0	0	0	0	0	0	268234	0	0	0	0	0	0	64584	0	0	0	0	0	133420	0	0	0	0	576058	0	0	0	7486463	0
LFQ	49	0	0	2	0	0	0	0	0	0	0	0	0	0	0	267779	0	0	0	0	0	0	63870	0	0	0	0	0	135957	0	0	0	0	581753	0	0	0	7396427	0
LFQ	50	0	0	3	0	0	0	0	0	0	0	0	0	0	0	261429	0	0	0	0	0	0	63707	0	0	0	0	0	150470	0	0	0	0	583904	0	0	0	7299796	0
LFQ	51	0	0	13	0	0	0	0	0	0	0	0	0	0	0	266156	0	0	0	0	0	0	66027	0	0	0	0	0	156890	0	0	0	0	591212	0	0	0	7190319	0
LFQ	52	0	0	0	0	0	0	0	0	0	0	0	0	0	0	272805	0	0	0	0	0	0	68350	0	0	0	0	0	158416	0	0	0	0	604049	0	0	0	7076615	0
LFQ	53	0	0	62	0	0	0	0	0	0	0	0	0	0	0	277142	0	0	0	0	0	0	69619	0	0	0	0	0	161410	0	0	0	0	613434	0	0	0	6965391	0
LFQ	54	0	0	44	0	0	0	0	0	0	0	0	0	0	0	265036	0	0	0	0	0	0	66357	0	0	0	0	0	166596	0	0	0	0	605310	0	0	0	6888891	0
LFQ	55	0	0	126	0	0	0	0	0	0	0	0	0	0	0	258161	0	0	0	0	0	0	61747	0	0	0	0	0	169147	0	0	0	0	588953	0	0	0	6817936	0
LFQ	56	0	0	25	0	0	0	0	0	0	0	0	0	0	0	257065	0	0	0	0	0	0	61056	0	0	0	0	0	172693	0	0	0	0	587078	0	0	0	6719516	0
LFQ	57	0	0	293	0	0	0	0	0	0	0	0	0	0	0	264117	0	0	0	0	0	0	61075	0	0	0	0	0	178389	0	0	0	0	599987	0	0	0	6593218	0
LFQ	58	0	0	24	0	0	0	0	0	0	0	0	0	0	0	260618	0	0	0	0	0	0	60004	0	0	0	0	0	180746	0	0	0	0	596980	0	0	0	6497581	0
LFQ	59	0	0	14	0	0	0	0	0	0	0	0	0	0	0	262280	0	0	0	0	0	0	58675	0	0	0	0	0	183046	0	0	0	0	599950	0	0	0	6388813	0
LFQ	60	0	0	26	0	0	0	0	0	0	0	0	0	0	0	267632	0	0	0	0	0	0	57784	0	0	0	0	0	184860	0	0	0	0	595171	0	0	0	6283062	0
LFQ	61	0	0	45	0	0	0	0	0	0	0	0	0	0	0	270623	0	0	0	0	0	0	56678	0	0	0	0	0	187596	0	0	0	0	587954	0	0	0	6181669	0
LFQ	62	0	0	69	0	0	0	0	0	0	0	0	0	0	0	273428	0	0	0	0	0	0	56524	0	0	0	0	0	183838	0	0	0	0	586126	0	0	0	6080066	0
LFQ	63	0	0	85	0	0	0	0	0	0	0	0	0	0	0	266071	0	0	0	0	0	0	54302	0	0	0	0	0	174243	0	0	0	0	573583	0	0	0	6007054	0
LFQ	64	0	0	106	0	0	0	0	0	0	0	0	0	0	0	264211	0	0	0	0	0	0	54550	0	0	0	0	0	172828	0	0	0	0	573951	0	0	0	5903726	0
LFQ	65	0	0	62	0	0	0	0	0	0	0	0	0	0	0	262219	0	0	0	0	0	0	53634	0	0	0	0	0	174439	0	0	0	0	568987	0	0	0	5804771	0
LFQ	66	0	0	32	0	0	0	0	0	0	0	0	0	0	0	266680	0	0	0	0	0	0	54691	0	0	0	0	0	178343	0	0	0	0	577689	0	0	0	5680735	0
LFQ	67	0	0	15	0	0	0	0	0	0	0	0	0	0	0	263217	0	0	0	0	0	0	55250	0	0	0	0	0	179141	0	0	0	0	577399	0	0	0	5576075	0
LFQ	68	0	0	119	0	0	0	0	0	0	0	0	0	0	0	270500	0	0	0	0	0	0	57195	0	0	0	0	0	183754	0	0	0	0	584922	0	0	0	5448190	0
LFQ	69	0	0	175	0	0	0	0	0	0	0	0	0	0	0	265260	0	0	0	0	0	0	58061	0	0	0	0	0	184257	0	0	0	0	582078	0	0	0	5348173	0
LFQ	70	0	0	41	0	0	0	0	0	0	0	0	0	0	0	255848	0	0	0	0	0	0	57926	0	0	0	0	0	180330	0	0	0	0	570467	0	0	0	5265503	0
LFQ	71	0	0	7	0	0	0	0	0	0	0	0	0	0	0	258029	0	0	0	0	0	0	61865	0	0	0	0	0	185021	0	0	0	0	588529	0	0	0	5128806	0
LFQ	72	0	0	0	0	0	0	0	0	0	0	0	0	0	0	257016	0	0	0	0	0	0	62651	0	0	0	0	0	186910	0	0	0	0	595699	0	0	0	5012931	0
LFQ	73	0	0	11	0	0	0	0	0	0	0	0	0	0	0	254024	0	0	0	0	0	0	62555	0	0	0	0	0	188706	0	0	0	0	599849	0	0	0	4905175	0
LFQ	74	0	0	15	0	0	0	0	0	0	0	0	0	0	0	251678	0	0	0	0	0	0	62728	0	0	0	0	0	188816	0	0	0	0	595806	0	0	0	4805184	0
LFQ	75	0	0	98	0	0	0	0	0	0	0	0	0	0	0	245130	0	0	0	0	0	0	57202	0	0	0	0	0	187788	0	0	0	0	584561	0	0	0	4723396	0
LFQ	76	0	0	21	0	0	0	0	0	0	0	0	0	0	0	242754	0	0	0	0	0	0	55242	0	0	0	0	0	186272	0	0	0	0	576976	0	0	0	4629724	0
LFQ	77	0	0	11	0	0	0	0	0	0	0	0	0	0	0	246365	0	0	0	0	0	0	56804	0	0	0	0	0	188653	0	0	0	0	579120	0	0	0	4508115	0
LFQ	78	0	0	5	0	0	0	0	0	0	0	0	0	0	0	237954	0	0	0	0	0	0	56148	0	0	0	0	0	189169	0	0	0	0	575664	0	0	0	4389121	0
LFQ	79	0	0	0	0	0	0	0	0	0	0	0	0	0	0	216334	0	0	0	0	0	0	57106	0	0	0	0	0	191732	0	0	0	0	562524	0	0	0	4188928	0
LFQ	80	0	0	1	0	0	0	0	0	0	0	0	0	0	0	147710	0	0	0	0	0	0	56912	0	0	0	0	0	180652	0	0	0	0	519747	0	0	0	3766470	0
LFQ	81	0	0	0	0	0	0	0	0	0	0	0	0	0	0	0	0	0	0	0	0	0	128629	0	0	0	0	0	331434	0	0	0	0	793566	0	0	0	1998327	0
# GC Content of first fragments. Use `grep ^GCF | cut -f 2-` to extract this part.
GCF	1.01	1583
GCF	3.27	1584
GCF	4.77	1587
GCF	5.28	1584
GCF	5.78	1591
GCF	6.28	1603
GCF	6.78	1609
GCF	7.29	1615
GCF	7.79	1624
GCF	8.29	1635
GCF	8.79	1636
GCF	9.30	1652
GCF	9.80	1685
GCF	10.30	1690
GCF	10.80	1694
GCF	11.31	1741
GCF	11.81	1746
GCF	12.31	1810
GCF	12.81	1813
GCF	13.32	1823
GCF	13.82	1830
GCF	14.32	1931
GCF	14.82	1944
GCF	15.33	1980
GCF	15.83	2000
GCF	16.33	2003
GCF	16.83	2181
GCF	17.34	2211
GCF	17.84	2250
GCF	18.34	2329
GCF	18.84	2371
GCF	19.35	2409
GCF	19.85	2776
GCF	20.35	2815
GCF	20.85	2923
GCF	21.36	3102
GCF	21.86	3219
GCF	22.36	3660
GCF	22.86	3992
GCF	23.37	4390
GCF	23.87	4918
GCF	24.37	5340
GCF	24.87	7292
GCF	25.38	7834
GCF	25.88	9695
GCF	26.38	11335
GCF	26.88	12730
GCF	27.39	16947
GCF	27.89	18983
GCF	28.39	23875
GCF	28.89	27850
GCF	29.40	33672
GCF	29.90	38570
GCF	30.40	42708
GCF	30.90	51336
GCF	31.41	59736
GCF	31.91	70424
GCF	32.41	79105
GCF	32.91	83678
GCF	33.42	99189
GCF	33.92	110931
GCF	34.42	131352
GCF	34.92	144873
GCF	35.43	154184
GCF	35.93	175867
GCF	36.43	190408
GCF	36.93	213454
GCF	37.44	230099
GCF	37.94	241382
GCF	38.44	263094
GCF	38.94	278233
GCF	39.45	303785
GCF	39.95	319753
GCF	40.45	329123
GCF	40.95	348607
GCF	41.46	361739
GCF	41.96	380124
GCF	42.46	392348
GCF	42.96	409917
GCF	43.47	418136
GCF	43.97	430777
GCF	44.47	443939
GCF	44.97	448355
GCF	45.48	460417
GCF	45.98	465214
GCF	46.48	470465
GCF	46.98	478427
GCF	47.49	481144
GCF	47.99	491166
GCF	48.49	494797
GCF	48.99	496294
GCF	49.50	498540
GCF	50.00	501106
GCF	50.50	499408
GCF	51.01	495986
GCF	51.51	495439
GCF	52.01	486175
GCF	52.51	480682
GCF	53.02	473328
GCF	53.52	467837
GCF	54.02	464353
GCF	54.52	462860
GCF	55.03	461107
GCF	55.53	463335
GCF	56.03	459735
GCF	56.53	457915
GCF	57.04	454298
GCF	57.54	450648
GCF	58.04	447653
GCF	58.54	445188
GCF	59.05	440965
GCF	59.55	437101
GCF	60.05	433463
GCF	60.55	429792
GCF	61.06	423071
GCF	61.56	410061
GCF	62.06	402495
GCF	62.56	392239
GCF	63.07	376461
GCF	63.57	366017
GCF	64.07	346374
GCF	64.57	339172
GCF	65.08	329556
GCF	65.58	309478
GCF	66.08	299653
GCF	66.58	282679
GCF	67.09	277354
GCF	67.59	265187
GCF	68.09	244025
GCF	68.59	229334
GCF	69.10	206916
GCF	69.60	196096
GCF	70.10	185335
GCF	70.60	166681
GCF	71.11	156495
GCF	71.61	139103
GCF	72.11	131597
GCF	72.61	114122
GCF	73.12	108296
GCF	73.62	101739
GCF	74.12	92328
GCF	74.62	89153
GCF	75.13	82108
GCF	75.63	78415
GCF	76.13	73720
GCF	76.63	66574
GCF	77.14	63082
GCF	77.64	54967
GCF	78.14	52038
GCF	78.64	47819
GCF	79.15	42220
GCF	79.65	39971
GCF	80.15	34356
GCF	80.65	32368
GCF	81.16	30028
GCF	81.66	26977
GCF	82.16	25568
GCF	82.66	23276
GCF	83.17	21087
GCF	83.67	19824
GCF	84.17	18118
GCF	84.67	16972
GCF	85.18	15680
GCF	85.68	14517
GCF	86.18	13717
GCF	86.68	12967
GCF	87.19	12481
GCF	87.69	11580
GCF	88.19	11171
GCF	88.69	10472
GCF	89.20	10283
GCF	89.70	10068
GCF	90.20	9611
GCF	90.70	9198
GCF	91.21	8999
GCF	91.71	8795
GCF	92.21	8569
GCF	92.71	8447
GCF	93.22	8293
GCF	93.72	8138
GCF	94.22	8000
GCF	94.72	7924
GCF	95.23	7870
GCF	95.73	7798
GCF	96.23	7717
GCF	96.73	7624
GCF	97.24	7560
GCF	97.74	7543
GCF	98.24	7544
GCF	99.25	7611
# GC Content of last fragments. Use `grep ^GCL | cut -f 2-` to extract this part.
GCL	1.01	5678
GCL	2.26	5679
GCL	2.76	5678
GCL	3.27	5677
GCL	3.77	5673
GCL	4.27	5675
GCL	4.77	5682
GCL	5.28	5686
GCL	5.78	5699
GCL	6.28	5710
GCL	6.78	5721
GCL	7.29	5735
GCL	7.79	5736
GCL	8.29	5739
GCL	8.79	5745
GCL	9.30	5788
GCL	9.80	5848
GCL	10.30	5865
GCL	10.80	5867
GCL	11.31	5986
GCL	11.81	6000
GCL	12.31	6160
GCL	12.81	6174
GCL	13.32	6186
GCL	13.82	6192
GCL	14.32	6432
GCL	14.82	6459
GCL	15.33	6544
GCL	15.83	6583
GCL	16.33	6604
GCL	16.83	7097
GCL	17.34	7144
GCL	17.84	7188
GCL	18.34	7375
GCL	18.84	7499
GCL	19.35	7548
GCL	19.85	8489
GCL	20.35	8559
GCL	20.85	8724
GCL	21.36	8971
GCL	21.86	9102
GCL	22.36	9673
GCL	22.86	10124
GCL	23.37	10590
GCL	23.87	11207
GCL	24.37	11767
GCL	24.87	15015
GCL	25.38	15489
GCL	25.88	17235
GCL	26.38	18985
GCL	26.88	20499
GCL	27.39	24886
GCL	27.89	27139
GCL	28.39	32452
GCL	28.89	36325
GCL	29.40	42401
GCL	29.90	47442
GCL	30.40	51619
GCL	30.90	60600
GCL	31.41	69011
GCL	31.91	79478
GCL	32.41	88713
GCL	32.91	93131
GCL	33.42	111267
GCL	33.92	122830
GCL	34.42	142682
GCL	34.92	156034
GCL	35.43	165995
GCL	35.93	187484
GCL	36.43	203190
GCL	36.93	226012
GCL	37.44	242984
GCL	37.94	254184
GCL	38.44	276600
GCL	38.94	292037
GCL	39.45	316620
GCL	39.95	334545
GCL	40.45	345123
GCL	40.95	364519
GCL	41.46	376497
GCL	41.96	394945
GCL	42.46	406900
GCL	42.96	426661
GCL	43.47	434536
GCL	43.97	447218
GCL	44.47	460073
GCL	44.97	465787
GCL	45.48	477182
GCL	45.98	482578
GCL	46.48	486381
GCL	46.98	495125
GCL	47.49	498533
GCL	47.99	504436
GCL	48.49	508520
GCL	48.99	509675
GCL	49.50	512521
GCL	50.00	518152
GCL	50.50	517589
GCL	51.01	514298
GCL	51.51	512772
GCL	52.01	505504
GCL	52.51	499390
GCL	53.02	492746
GCL	53.52	487140
GCL	54.02	483676
GCL	54.52	479687
GCL	55.03	478271
GCL	55.53	482032
GCL	56.03	478678
GCL	56.53	476367
GCL	57.04	471649
GCL	57.54	466796
GCL	58.04	464361
GCL	58.54	461606
GCL	59.05	459788
GCL	59.55	456340
GCL	60.05	450922
GCL	60.55	447534
GCL	61.06	440532
GCL	61.56	426420
GCL	62.06	419061
GCL	62.56	408972
GCL	63.07	392772
GCL	63.57	381928
GCL	64.07	363782
GCL	64.57	356225
GCL	65.08	345133
GCL	65.58	323945
GCL	66.08	316102
GCL	66.58	298138
GCL	67.09	292123
GCL	67.59	279715
GCL	68.09	258919
GCL	68.59	243287
GCL	69.10	221767
GCL	69.60	210691
GCL	70.10	199660
GCL	70.60	180520
GCL	71.11	170295
GCL	71.61	152246
GCL	72.11	145076
GCL	72.61	128101
GCL	73.12	122090
GCL	73.62	115402
GCL	74.12	106089
GCL	74.62	103400
GCL	75.13	93865
GCL	75.63	90374
GCL	76.13	85628
GCL	76.63	78972
GCL	77.14	75104
GCL	77.64	66871
GCL	78.14	64005
GCL	78.64	59884
GCL	79.15	54191
GCL	79.65	52222
GCL	80.15	44719
GCL	80.65	42780
GCL	81.16	40293
GCL	81.66	37285
GCL	82.16	35913
GCL	82.66	33449
GCL	83.17	30968
GCL	83.67	29747
GCL	84.17	27935
GCL	84.67	26638
GCL	85.18	25446
GCL	85.68	23842
GCL	86.18	23071
GCL	86.68	22316
GCL	87.19	21836
GCL	87.69	20839
GCL	88.19	20408
GCL	88.69	19598
GCL	89.20	19434
GCL	89.70	19098
GCL	90.20	18642
GCL	90.70	18125
GCL	91.21	17958
GCL	91.71	17676
GCL	92.21	17419
GCL	92.71	17242
GCL	93.22	17076
GCL	93.72	16874
GCL	94.22	16723
GCL	94.72	16686
GCL	95.23	16609
GCL	95.73	16585
GCL	96.23	16549
GCL	96.73	16492
GCL	97.24	16434
GCL	97.74	16409
GCL	98.24	16411
GCL	99.25	16418
# ACGT content per cycle. Use `grep ^GCC | cut -f 2-` to extract this part. The columns are: cycle; A,C,G,T base counts as a percentage of all A/C/G/T bases [%]; and N and O counts as a percentage of all A/C/G/T bases [%]
GCC	1	23.80	26.33	25.87	24.00	0.00	0.00
GCC	2	23.78	26.39	25.84	23.99	0.00	0.00
GCC	3	23.88	26.25	25.73	24.14	0.00	0.00
GCC	4	23.73	26.40	25.89	23.98	0.00	0.00
GCC	5	23.71	26.39	25.94	23.96	0.00	0.00
GCC	6	23.85	26.33	25.75	24.07	0.00	0.00
GCC	7	23.71	26.44	25.91	23.94	0.00	0.00
GCC	8	23.73	26.45	25.89	23.93	0.00	0.00
GCC	9	23.79	26.37	25.76	24.09	0.00	0.00
GCC	10	23.69	26.49	25.94	23.88	0.00	0.00
GCC	11	23.63	26.53	25.95	23.90	0.00	0.00
GCC	12	23.74	26.39	25.82	24.05	0.00	0.00
GCC	13	23.62	26.52	25.93	23.93	0.00	0.00
GCC	14	23.66	26.52	25.94	23.88	0.00	0.00
GCC	15	23.69	26.43	25.88	24.00	0.00	0.00
GCC	16	23.59	26.54	25.97	23.89	0.00	0.00
GCC	17	23.58	26.59	25.96	23.87	0.00	0.00
GCC	18	23.75	26.44	25.82	23.98	0.00	0.00
GCC	19	23.62	26.55	25.96	23.87	0.00	0.00
GCC	20	23.56	26.61	25.99	23.84	0.00	0.00
GCC	21	23.71	26.45	25.85	23.99	0.00	0.00
GCC	22	23.60	26.58	25.99	23.83	0.00	0.00
GCC	23	23.61	26.59	25.99	23.81	0.00	0.00
GCC	24	23.72	26.52	25.83	23.93	0.00	0.00
GCC	25	23.56	26.62	26.00	23.82	0.00	0.00
GCC	26	23.57	26.66	25.96	23.81	0.00	0.00
GCC	27	23.67	26.52	25.88	23.92	0.00	0.00
GCC	28	23.55	26.59	26.04	23.83	0.00	0.00
GCC	29	23.57	26.56	26.02	23.85	0.00	0.00
GCC	30	23.70	26.44	25.88	23.98	0.00	0.00
GCC	31	23.57	26.56	26.01	23.86	0.00	0.00
GCC	32	23.57	26.62	25.99	23.82	0.00	0.00
GCC	33	23.67	26.49	25.87	23.97	0.00	0.00
GCC	34	23.58	26.54	25.98	23.90	0.00	0.00
GCC	35	23.61	26.63	25.92	23.85	0.00	0.00
GCC	36	23.72	26.42	25.87	23.99	0.00	0.00
GCC	37	23.57	26.53	26.02	23.88	0.00	0.00
GCC	38	23.60	26.52	25.95	23.94	0.00	0.00
GCC	39	23.73	26.42	25.82	24.03	0.00	0.00
GCC	40	23.64	26.48	25.94	23.94	0.00	0.00
GCC	41	23.60	26.48	25.94	23.98	0.00	0.00
GCC	42	23.73	26.35	25.82	24.11	0.00	0.00
GCC	43	23.64	26.48	25.91	23.97	0.00	0.00
GCC	44	23.64	26.48	25.91	23.97	0.00	0.00
GCC	45	23.75	26.38	25.78	24.08	0.00	0.00
GCC	46	23.65	26.43	25.94	23.98	0.00	0.00
GCC	47	23.62	26.44	25.93	24.01	0.00	0.00
GCC	48	23.78	26.35	25.79	24.08	0.00	0.00
GCC	49	23.65	26.40	25.93	24.02	0.00	0.00
GCC	50	23.70	26.41	25.87	24.02	0.00	0.00
GCC	51	23.75	26.30	25.81	24.14	0.00	0.00
GCC	52	23.67	26.42	25.88	24.03	0.00	0.00
GCC	53	23.70	26.38	25.86	24.06	0.00	0.00
GCC	54	23.75	26.28	25.76	24.21	0.00	0.00
GCC	55	23.69	26.34	25.92	24.06	0.00	0.00
GCC	56	23.72	26.31	25.88	24.09	0.00	0.00
GCC	57	23.78	26.27	25.76	24.19	0.00	0.00
GCC	58	23.75	26.32	25.83	24.09	0.00	0.00
GCC	59	23.71	26.34	25.83	24.12	0.00	0.00
GCC	60	23.83	26.28	25.71	24.18	0.00	0.00
GCC	61	23.73	26.30	25.87	24.11	0.00	0.00
GCC	62	23.75	26.32	25.83	24.11	0.00	0.00
GCC	63	23.77	26.24	25.77	24.22	0.00	0.00
GCC	64	23.74	26.28	25.88	24.10	0.00	0.00
GCC	65	23.68	26.34	25.86	24.11	0.00	0.00
GCC	66	23.81	26.26	25.72	24.21	0.00	0.00
GCC	67	23.75	26.31	25.87	24.07	0.00	0.00
GCC	68	23.74	26.31	25.84	24.12	0.00	0.00
GCC	69	23.80	26.16	25.79	24.24	0.00	0.00
GCC	70	23.74	26.31	25.83	24.12	0.00	0.00
GCC	71	23.77	26.27	25.80	24.16	0.00	0.00
GCC	72	23.78	26.25	25.75	24.22	0.00	0.00
GCC	73	23.73	26.31	25.89	24.08	0.00	0.00
GCC	74	23.76	26.31	25.85	24.08	0.00	0.00
GCC	75	23.84	26.16	25.77	24.23	0.00	0.00
GCC	76	23.77	26.28	25.86	24.09	0.00	0.00
GCC	77	23.79	26.30	25.87	24.05	0.00	0.00
GCC	78	23.76	26.27	25.85	24.12	0.00	0.00
GCC	79	23.29	26.73	26.36	23.61	0.00	0.00
GCC	80	21.97	28.10	27.62	22.31	0.00	0.00
GCC	81	17.12	33.03	32.37	17.49	0.00	0.00
# ACGT content per cycle, read oriented. Use `grep ^GCT | cut -f 2-` to extract this part. The columns are: cycle; A,C,G,T base counts as a percentage of all A/C/G/T bases [%]
GCT	1	23.32	26.59	25.60	24.49
GCT	2	23.49	26.40	25.83	24.28
GCT	3	23.50	26.31	25.66	24.52
GCT	4	23.38	26.59	25.69	24.34
GCT	5	23.50	26.43	25.90	24.18
GCT	6	23.54	26.38	25.70	24.38
GCT	7	23.37	26.56	25.79	24.28
GCT	8	23.53	26.36	25.98	24.13
GCT	9	23.57	26.34	25.79	24.30
GCT	10	23.39	26.52	25.91	24.18
GCT	11	23.54	26.37	26.10	23.99
GCT	12	23.56	26.28	25.93	24.23
GCT	13	23.47	26.52	25.94	24.08
GCT	14	23.61	26.29	26.18	23.93
GCT	15	23.56	26.31	26.00	24.13
GCT	16	23.45	26.47	26.04	24.03
GCT	17	23.59	26.35	26.20	23.85
GCT	18	23.69	26.25	26.02	24.05
GCT	19	23.50	26.40	26.11	23.99
GCT	20	23.60	26.33	26.27	23.81
GCT	21	23.70	26.22	26.08	24.00
GCT	22	23.54	26.43	26.14	23.89
GCT	23	23.64	26.26	26.33	23.77
GCT	24	23.73	26.17	26.18	23.92
GCT	25	23.56	26.40	26.22	23.82
GCT	26	23.70	26.26	26.36	23.69
GCT	27	23.76	26.21	26.20	23.84
GCT	28	23.59	26.37	26.26	23.79
GCT	29	23.79	26.19	26.38	23.63
GCT	30	23.81	26.10	26.21	23.88
GCT	31	23.61	26.34	26.23	23.81
GCT	32	23.76	26.19	26.43	23.63
GCT	33	23.84	26.09	26.26	23.80
GCT	34	23.72	26.30	26.22	23.76
GCT	35	23.84	26.14	26.40	23.61
GCT	36	23.93	26.01	26.28	23.78
GCT	37	23.77	26.25	26.30	23.68
GCT	38	23.90	26.10	26.37	23.64
GCT	39	23.95	25.99	26.25	23.81
GCT	40	23.83	26.16	26.27	23.75
GCT	41	23.95	26.03	26.40	23.62
GCT	42	24.02	25.94	26.22	23.82
GCT	43	23.87	26.10	26.29	23.74
GCT	44	24.03	25.99	26.41	23.57
GCT	45	24.08	25.88	26.29	23.76
GCT	46	23.93	26.07	26.31	23.69
GCT	47	24.02	25.97	26.41	23.61
GCT	48	24.08	25.89	26.24	23.78
GCT	49	23.93	26.00	26.33	23.74
GCT	50	24.11	25.91	26.37	23.61
GCT	51	24.14	25.81	26.29	23.75
GCT	52	23.99	26.00	26.30	23.70
GCT	53	24.15	25.87	26.37	23.61
GCT	54	24.16	25.77	26.28	23.80
GCT	55	24.05	25.98	26.27	23.69
GCT	56	24.16	25.84	26.35	23.64
GCT	57	24.22	25.73	26.30	23.75
GCT	58	24.14	25.93	26.23	23.71
GCT	59	24.23	25.82	26.35	23.60
GCT	60	24.26	25.75	26.23	23.76
GCT	61	24.14	25.86	26.31	23.70
GCT	62	24.24	25.78	26.37	23.61
GCT	63	24.23	25.73	26.28	23.76
GCT	64	24.17	25.84	26.32	23.67
GCT	65	24.24	25.80	26.41	23.55
GCT	66	24.26	25.74	26.24	23.76
GCT	67	24.12	25.88	26.30	23.70
GCT	68	24.24	25.79	26.36	23.62
GCT	69	24.28	25.71	26.25	23.76
GCT	70	24.15	25.82	26.33	23.71
GCT	71	24.30	25.76	26.31	23.63
GCT	72	24.28	25.72	26.28	23.72
GCT	73	24.15	25.93	26.26	23.65
GCT	74	24.26	25.84	26.31	23.59
GCT	75	24.33	25.70	26.23	23.75
GCT	76	24.19	25.83	26.31	23.67
GCT	77	24.22	25.80	26.36	23.61
GCT	78	24.05	25.87	26.25	23.83
GCT	79	22.54	26.57	26.53	24.37
GCT	80	18.00	28.73	26.99	26.28
GCT	81	0.00	38.26	27.13	34.61
# ACGT content per cycle for first fragments. Use `grep ^FBC | cut -f 2-` to extract this part. The columns are: cycle; A,C,G,T base counts as a percentage of all A/C/G/T bases [%]; and N and O counts as a percentage of all A/C/G/T bases [%]
FBC	1	23.80	26.35	25.90	23.95	0.00	0.00
FBC	2	23.80	26.38	25.85	23.97	0.00	0.00
FBC	3	23.88	26.24	25.75	24.13	0.00	0.00
FBC	4	23.71	26.41	25.93	23.95	0.00	0.00
FBC	5	23.72	26.38	25.95	23.95	0.00	0.00
FBC	6	23.85	26.34	25.76	24.06	0.00	0.00
FBC	7	23.70	26.44	25.93	23.93	0.00	0.00
FBC	8	23.71	26.43	25.89	23.96	0.00	0.00
FBC	9	23.79	26.39	25.78	24.05	0.00	0.00
FBC	10	23.66	26.51	25.95	23.87	0.00	0.00
FBC	11	23.63	26.53	25.95	23.90	0.00	0.00
FBC	12	23.73	26.38	25.84	24.05	0.00	0.00
FBC	13	23.59	26.57	25.93	23.92	0.00	0.00
FBC	14	23.64	26.53	25.93	23.90	0.00	0.00
FBC	15	23.66	26.44	25.90	24.00	0.00	0.00
FBC	16	23.57	26.57	25.98	23.89	0.00	0.00
FBC	17	23.57	26.59	25.96	23.88	0.00	0.00
FBC	18	23.75	26.44	25.84	23.97	0.00	0.00
FBC	19	23.61	26.56	25.97	23.85	0.00	0.00
FBC	20	23.55	26.60	26.00	23.85	0.00	0.00
FBC	21	23.70	26.45	25.86	23.99	0.00	0.00
FBC	22	23.58	26.60	25.99	23.84	0.00	0.00
FBC	23	23.60	26.58	26.01	23.81	0.00	0.00
FBC	24	23.70	26.52	25.86	23.93	0.00	0.00
FBC	25	23.55	26.63	26.03	23.78	0.00	0.00
FBC	26	23.56	26.65	25.95	23.83	0.00	0.00
FBC	27	23.66	26.56	25.87	23.91	0.00	0.00
FBC	28	23.51	26.61	26.04	23.83	0.00	0.00
FBC	29	23.59	26.55	26.04	23.83	0.00	0.00
FBC	30	23.68	26.46	25.88	23.98	0.00	0.00
FBC	31	23.56	26.59	26.01	23.84	0.00	0.00
FBC	32	23.59	26.62	25.98	23.81	0.00	0.00
FBC	33	23.66	26.50	25.86	23.98	0.00	0.00
FBC	34	23.56	26.56	25.99	23.89	0.00	0.00
FBC	35	23.61	26.63	25.92	23.85	0.00	0.00
FBC	36	23.68	26.42	25.90	23.99	0.00	0.00
FBC	37	23.55	26.53	26.04	23.89	0.00	0.00
FBC	38	23.59	26.51	25.95	23.95	0.00	0.00
FBC	39	23.72	26.41	25.83	24.05	0.00	0.00
FBC	40	23.62	26.49	25.97	23.92	0.00	0.00
FBC	41	23.60	26.49	25.94	23.97	0.00	0.00
FBC	42	23.73	26.34	25.81	24.11	0.00	0.00
FBC	43	23.64	26.46	25.96	23.94	0.00	0.00
FBC	44	23.65	26.48	25.91	23.96	0.00	0.00
FBC	45	23.76	26.38	25.80	24.06	0.00	0.00
FBC	46	23.64	26.44	25.97	23.95	0.00	0.00
FBC	47	23.62	26.41	25.96	24.01	0.00	0.00
FBC	48	23.78	26.34	25.82	24.07	0.00	0.00
FBC	49	23.65	26.39	25.93	24.03	0.00	0.00
FBC	50	23.71	26.42	25.86	24.01	0.00	0.00
FBC	51	23.78	26.28	25.78	24.15	0.00	0.00
FBC	52	23.68	26.41	25.89	24.02	0.00	0.00
FBC	53	23.68	26.38	25.87	24.06	0.00	0.00
FBC	54	23.74	26.27	25.77	24.22	0.00	0.00
FBC	55	23.67	26.37	25.91	24.05	0.00	0.00
FBC	56	23.69	26.31	25.90	24.09	0.00	0.00
FBC	57	23.77	26.28	25.77	24.18	0.00	0.00
FBC	58	23.76	26.32	25.86	24.06	0.00	0.00
FBC	59	23.72	26.35	25.84	24.10	0.00	0.00
FBC	60	23.84	26.25	25.73	24.19	0.00	0.00
FBC	61	23.72	26.30	25.88	24.10	0.00	0.00
FBC	62	23.73	26.32	25.84	24.12	0.00	0.00
FBC	63	23.76	26.23	25.79	24.23	0.00	0.00
FBC	64	23.74	26.26	25.88	24.12	0.00	0.00
FBC	65	23.68	26.33	25.87	24.12	0.00	0.00
FBC	66	23.80	26.26	25.73	24.21	0.00	0.00
FBC	67	23.76	26.28	25.89	24.08	0.00	0.00
FBC	68	23.72	26.30	25.84	24.14	0.00	0.00
FBC	69	23.82	26.16	25.78	24.24	0.00	0.00
FBC	70	23.75	26.30	25.83	24.12	0.00	0.00
FBC	71	23.75	26.28	25.80	24.17	0.00	0.00
FBC	72	23.80	26.21	25.76	24.23	0.00	0.00
FBC	73	23.73	26.32	25.90	24.05	0.00	0.00
FBC	74	23.76	26.32	25.83	24.09	0.00	0.00
FBC	75	23.84	26.14	25.77	24.25	0.00	0.00
FBC	76	23.75	26.27	25.87	24.11	0.00	0.00
FBC	77	23.78	26.27	25.86	24.09	0.00	0.00
FBC	78	23.77	26.24	25.89	24.11	0.00	0.00
FBC	79	23.29	26.72	26.36	23.62	0.00	0.00
FBC	80	21.97	28.10	27.59	22.35	0.00	0.00
FBC	81	17.20	32.93	32.23	17.64	0.00	0.00
# ACGT raw counters for first fragments. Use `grep ^FTC | cut -f 2-` to extract this part. The columns are: A,C,G,T,N base counters
FTC	161036383	180343165	176718191	163160529	2141
# ACGT content per cycle for last fragments. Use `grep ^LBC | cut -f 2-` to extract this part. The columns are: cycle; A,C,G,T base counts as a percentage of all A/C/G/T bases [%]; and N and O counts as a percentage of all A/C/G/T bases [%]
LBC	1	23.81	26.31	25.83	24.05	0.00	0.00
LBC	2	23.76	26.39	25.84	24.01	0.00	0.00
LBC	3	23.88	26.25	25.71	24.16	0.00	0.00
LBC	4	23.76	26.39	25.85	24.00	0.00	0.00
LBC	5	23.71	26.40	25.92	23.97	0.00	0.00
LBC	6	23.86	26.32	25.74	24.08	0.00	0.00
LBC	7	23.73	26.43	25.89	23.95	0.00	0.00
LBC	8	23.75	26.47	25.89	23.90	0.00	0.00
LBC	9	23.78	26.36	25.74	24.12	0.00	0.00
LBC	10	23.71	26.47	25.92	23.90	0.00	0.00
LBC	11	23.63	26.53	25.94	23.91	0.00	0.00
LBC	12	23.76	26.40	25.80	24.04	0.00	0.00
LBC	13	23.65	26.47	25.94	23.94	0.00	0.00
LBC	14	23.67	26.51	25.96	23.86	0.00	0.00
LBC	15	23.71	26.42	25.86	24.01	0.00	0.00
LBC	16	23.62	26.52	25.97	23.90	0.00	0.00
LBC	17	23.59	26.59	25.96	23.86	0.00	0.00
LBC	18	23.76	26.45	25.80	23.99	0.01	0.00
LBC	19	23.63	26.53	25.95	23.88	0.00	0.00
LBC	20	23.58	26.62	25.97	23.83	0.00	0.00
LBC	21	23.72	26.44	25.84	23.99	0.00	0.00
LBC	22	23.61	26.57	25.99	23.83	0.00	0.00
LBC	23	23.61	26.60	25.98	23.81	0.00	0.00
LBC	24	23.74	26.52	25.81	23.93	0.00	0.00
LBC	25	23.57	26.61	25.97	23.86	0.00	0.00
LBC	26	23.59	26.66	25.96	23.79	0.00	0.00
LBC	27	23.69	26.48	25.90	23.93	0.00	0.00
LBC	28	23.59	26.56	26.03	23.83	0.00	0.00
LBC	29	23.56	26.56	26.01	23.87	0.00	0.00
LBC	30	23.73	26.41	25.87	23.99	0.00	0.00
LBC	31	23.57	26.53	26.02	23.87	0.00	0.00
LBC	32	23.55	26.62	26.00	23.83	0.00	0.00
LBC	33	23.68	26.47	25.88	23.96	0.00	0.00
LBC	34	23.60	26.52	25.98	23.91	0.00	0.00
LBC	35	23.61	26.63	25.92	23.85	0.00	0.00
LBC	36	23.75	26.42	25.84	24.00	0.00	0.00
LBC	37	23.59	26.53	26.01	23.87	0.00	0.00
LBC	38	23.60	26.52	25.95	23.93	0.00	0.00
LBC	39	23.74	26.42	25.82	24.02	0.00	0.00
LBC	40	23.65	26.48	25.91	23.96	0.00	0.00
LBC	41	23.59	26.48	25.95	23.99	0.00	0.00
LBC	42	23.72	26.35	25.82	24.10	0.00	0.00
LBC	43	23.64	26.50	25.86	24.00	0.00	0.00
LBC	44	23.62	26.48	25.92	23.97	0.00	0.00
LBC	45	23.75	26.38	25.77	24.10	0.00	0.00
LBC	46	23.65	26.42	25.91	24.01	0.00	0.00
LBC	47	23.62	26.47	25.90	24.01	0.00	0.00
LBC	48	23.79	26.35	25.76	24.10	0.00	0.00
LBC	49	23.65	26.42	25.93	24.00	0.00	0.00
LBC	50	23.68	26.41	25.88	24.03	0.00	0.00
LBC	51	23.72	26.31	25.83	24.13	0.00	0.00
LBC	52	23.65	26.43	25.87	24.04	0.00	0.00
LBC	53	23.71	26.39	25.86	24.05	0.00	0.00
LBC	54	23.76	26.29	25.75	24.20	0.00	0.00
LBC	55	23.70	26.31	25.92	24.07	0.00	0.00
LBC	56	23.75	26.31	25.86	24.09	0.00	0.00
LBC	57	23.78	26.27	25.74	24.20	0.00	0.00
LBC	58	23.74	26.33	25.81	24.12	0.00	0.00
LBC	59	23.70	26.33	25.83	24.14	0.00	0.00
LBC	60	23.83	26.30	25.69	24.18	0.00	0.00
LBC	61	23.74	26.29	25.86	24.12	0.00	0.00
LBC	62	23.77	26.32	25.82	24.09	0.00	0.00
LBC	63	23.79	26.25	25.75	24.22	0.00	0.00
LBC	64	23.73	26.31	25.88	24.08	0.00	0.00
LBC	65	23.69	26.35	25.86	24.10	0.00	0.00
LBC	66	23.83	26.26	25.71	24.21	0.00	0.00
LBC	67	23.74	26.34	25.85	24.06	0.00	0.00
LBC	68	23.76	26.31	25.84	24.09	0.00	0.00
LBC	69	23.79	26.16	25.81	24.24	0.00	0.00
LBC	70	23.73	26.32	25.83	24.12	0.00	0.00
LBC	71	23.79	26.26	25.79	24.16	0.00	0.00
LBC	72	23.77	26.29	25.74	24.20	0.00	0.00
LBC	73	23.73	26.29	25.87	24.10	0.00	0.00
LBC	74	23.76	26.30	25.86	24.08	0.00	0.00
LBC	75	23.85	26.18	25.76	24.22	0.00	0.00
LBC	76	23.78	26.29	25.86	24.07	0.00	0.00
LBC	77	23.79	26.32	25.88	24.01	0.00	0.00
LBC	78	23.74	26.31	25.81	24.14	0.00	0.00
LBC	79	23.30	26.74	26.36	23.60	0.00	0.00
LBC	80	21.96	28.11	27.65	22.28	0.00	0.00
LBC	81	17.03	33.12	32.51	17.33	0.00	0.00
# ACGT raw counters for last fragments. Use `grep ^LTC | cut -f 2-` to extract this part. The columns are: A,C,G,T,N base counters
LTC	159408958	178407818	174720410	161461708	6336
# Insert sizes. Use `grep ^IS | cut -f 2-` to extract this part. The columns are: insert size, pairs total, inward oriented pairs, outward oriented pairs, other pairs
IS	0	0	0	0	0
IS	1	14	0	2	12
IS	2	21	0	20	1
IS	3	19	0	17	2
IS	4	16	0	16	0
IS	5	41	0	40	1
IS	6	49	0	49	0
IS	7	54	0	54	0
IS	8	58	0	58	0
IS	9	71	0	71	0
IS	10	18080	0	18080	0
IS	11	20660	0	20660	0
IS	12	24044	0	24044	0
IS	13	27110	0	27110	0
IS	14	30721	0	30721	0
IS	15	33338	0	33337	1
IS	16	37332	0	37332	0
IS	17	40619	0	40619	0
IS	18	43834	0	43834	0
IS	19	47981	38	47943	0
IS	20	51804	55	51749	0
IS	21	55121	92	55029	0
IS	22	58385	96	58288	1
IS	23	62165	133	62032	0
IS	24	65366	150	65216	0
IS	25	67143	169	66974	0
IS	26	71602	241	71361	0
IS	27	74461	265	74196	0
IS	28	76802	296	76506	0
IS	29	80712	385	80327	0
IS	30	82847	375	82471	1
IS	31	84564	415	84149	0
IS	32	87766	459	87307	0
IS	33	89670	502	89168	0
IS	34	90752	576	90175	1
IS	35	93152	623	92528	1
IS	36	95268	676	94592	0
IS	37	96077	802	95275	0
IS	38	97912	874	97037	1
IS	39	99528	871	98655	2
IS	40	99774	942	98832	0
IS	41	100504	1009	99495	0
IS	42	100565	1002	99561	2
IS	43	102139	1080	101059	0
IS	44	101249	1084	100165	0
IS	45	102157	1234	100922	1
IS	46	102554	1276	101277	1
IS	47	102901	1421	101480	0
IS	48	103073	1546	101527	0
IS	49	104952	1601	103351	0
IS	50	104635	1731	102903	1
IS	51	104540	1788	102752	0
IS	52	101353	1570	99782	1
IS	53	104560	2048	102512	0
IS	54	104942	2212	102730	0
IS	55	105053	2387	102664	2
IS	56	105073	2413	102660	0
IS	57	105064	2531	102533	0
IS	58	104131	2542	101589	0
IS	59	104132	2649	101481	2
IS	60	103815	2824	100991	0
IS	61	101644	2742	98900	2
IS	62	101651	2797	98853	1
IS	63	101874	2963	98911	0
IS	64	102223	3050	99173	0
IS	65	100116	3065	97050	1
IS	66	99355	3110	96244	1
IS	67	98795	3270	95523	2
IS	68	98513	3277	95234	2
IS	69	96671	3240	93430	1
IS	70	95973	3496	92474	3
IS	71	95159	3582	91577	0
IS	72	93498	3527	89969	2
IS	73	93523	3488	90034	1
IS	74	93238	3657	89581	0
IS	75	91329	3676	87653	0
IS	76	90417	3789	86628	0
IS	77	87985	4069	83916	0
IS	78	87540	5416	82123	1
IS	79	87409	10104	77304	1
IS	80	85847	23961	61886	0
IS	81	84327	58780	25547	0
IS	82	84005	83905	99	1
IS	83	81999	81966	33	0
IS	84	80693	80677	14	2
IS	85	80264	80255	9	0
IS	86	78605	78601	2	2
IS	87	78039	78035	4	0
IS	88	76265	76264	1	0
IS	89	75380	75379	0	1
IS	90	74593	74588	1	4
IS	91	73132	73132	0	0
IS	92	71538	71537	1	0
IS	93	70099	70099	0	0
IS	94	69324	69323	1	0
IS	95	67179	67178	0	1
IS	96	66359	66359	0	0
IS	97	64365	64365	0	0
IS	98	64113	64112	0	1
IS	99	62139	62139	0	0
IS	100	61108	61107	0	1
IS	101	59431	59430	0	1
IS	102	58906	58906	0	0
IS	103	57348	57348	0	0
IS	104	55780	55778	0	2
IS	105	54521	54521	0	0
IS	106	53647	53647	0	0
IS	107	51878	51876	0	2
IS	108	51740	51740	0	0
IS	109	49806	49806	0	0
IS	110	48866	48866	0	0
IS	111	47628	47628	0	0
IS	112	46402	46402	0	0
IS	113	45321	45321	0	0
IS	114	43758	43758	0	0
IS	115	42618	42618	0	0
IS	116	41762	41762	0	0
IS	117	41224	41224	0	0
IS	118	40076	40076	0	0
IS	119	38314	38314	0	0
IS	120	37832	37832	0	0
IS	121	36661	36661	0	0
IS	122	35939	35939	0	0
IS	123	34783	34783	0	0
IS	124	33697	33695	0	2
IS	125	33006	33005	0	1
IS	126	31690	31689	0	1
IS	127	31050	31050	0	0
IS	128	30403	30403	0	0
IS	129	28958	28958	0	0
IS	130	28094	28094	0	0
IS	131	27630	27630	0	0
IS	132	26409	26409	0	0
IS	133	26110	26109	0	1
IS	134	24736	24734	0	2
IS	135	24122	24121	0	1
IS	136	23118	23118	0	0
IS	137	22793	22792	0	1
IS	138	21768	21768	0	0
IS	139	21446	21446	0	0
IS	140	20511	20511	0	0
IS	141	19907	19907	0	0
IS	142	19162	19162	0	0
IS	143	18572	18572	0	0
IS	144	17929	17929	0	0
IS	145	17358	17358	0	0
IS	146	16880	16880	0	0
IS	147	16018	16018	0	0
IS	148	15598	15598	0	0
IS	149	14969	14969	0	0
IS	150	14795	14795	0	0
IS	151	13677	13677	0	0
IS	152	13425	13425	0	0
IS	153	12830	12830	0	0
IS	154	12293	12293	0	0
IS	155	12042	12042	0	0
IS	156	11788	11788	0	0
IS	157	11305	11305	0	0
IS	158	10955	10955	0	0
IS	159	10477	10477	0	0
IS	160	9798	9798	0	0
IS	161	9668	9668	0	0
IS	162	9270	9270	0	0
IS	163	8669	8669	0	0
IS	164	8613	8613	0	0
IS	165	8158	8158	0	0
IS	166	7976	7976	0	0
IS	167	7416	7416	0	0
IS	168	7428	7428	0	0
IS	169	7008	7008	0	0
IS	170	6683	6683	0	0
IS	171	6165	6165	0	0
IS	172	6305	6305	0	0
IS	173	5995	5995	0	0
IS	174	5758	5758	0	0
IS	175	5406	5406	0	0
IS	176	5075	5075	0	0
IS	177	5124	5124	0	0
IS	178	4893	4893	0	0
IS	179	4546	4544	0	2
# Read lengths. Use `grep ^RL | cut -f 2-` to extract this part. The columns are: read length, count
RL	1	9012
RL	2	9325
RL	3	9539
RL	4	10086
RL	5	10229
RL	6	10427
RL	7	10175
RL	8	10128
RL	9	9980
RL	10	10067
RL	11	10590
RL	12	10261
RL	13	10421
RL	14	10716
RL	15	11363
RL	16	11405
RL	17	11228
RL	18	10927
RL	19	10561
RL	20	11159
RL	21	10633
RL	22	10894
RL	23	10944
RL	24	11105
RL	25	11206
RL	26	11387
RL	27	11206
RL	28	11536
RL	29	11229
RL	30	48791
RL	31	53775
RL	32	60323
RL	33	66282
RL	34	73753
RL	35	79078
RL	36	87191
RL	37	94202
RL	38	100418
RL	39	108404
RL	40	116543
RL	41	122892
RL	42	129968
RL	43	136989
RL	44	143303
RL	45	147131
RL	46	155393
RL	47	161751
RL	48	166354
RL	49	173240
RL	50	178134
RL	51	180947
RL	52	186372
RL	53	190257
RL	54	192599
RL	55	197083
RL	56	200696
RL	57	202009
RL	58	206145
RL	59	208632
RL	60	208489
RL	61	209607
RL	62	210310
RL	63	212451
RL	64	211288
RL	65	212794
RL	66	214500
RL	67	214264
RL	68	214357
RL	69	217259
RL	70	216933
RL	71	215502
RL	72	210731
RL	73	213397
RL	74	213284
RL	75	215391
RL	76	224582
RL	77	264003
RL	78	462886
RL	79	1090818
RL	80	2836819
RL	81	6605005
# Read lengths - first fragments. Use `grep ^FRL | cut -f 2-` to extract this part. The columns are: read length, count
FRL	1	2172
FRL	2	2346
FRL	3	2464
FRL	4	2853
FRL	5	3223
FRL	6	3288
FRL	7	3303
FRL	8	3462
FRL	9	3511
FRL	10	3600
FRL	11	3627
FRL	12	3806
FRL	13	3870
FRL	14	3855
FRL	15	3827
FRL	16	3811
FRL	17	4025
FRL	18	3955
FRL	19	3775
FRL	20	4059
FRL	21	4032
FRL	22	4199
FRL	23	4175
FRL	24	4155
FRL	25	4285
FRL	26	4282
FRL	27	4248
FRL	28	4356
FRL	29	4081
FRL	30	23026
FRL	31	25422
FRL	32	28884
FRL	33	31986
FRL	34	35699
FRL	35	38308
FRL	36	42709
FRL	37	45912
FRL	38	49356
FRL	39	53442
FRL	40	57540
FRL	41	61181
FRL	42	64739
FRL	43	68155
FRL	44	71579
FRL	45	73597
FRL	46	77907
FRL	47	81068
FRL	48	83381
FRL	49	86761
FRL	50	89442
FRL	51	90565
FRL	52	93195
FRL	53	95433
FRL	54	96435
FRL	55	98446
FRL	56	100342
FRL	57	100883
FRL	58	102970
FRL	59	104389
FRL	60	104519
FRL	61	105093
FRL	62	105597
FRL	63	106485
FRL	64	106028
FRL	65	106852
FRL	66	107427
FRL	67	107847
FRL	68	107681
FRL	69	109370
FRL	70	109075
FRL	71	108452
FRL	72	105844
FRL	73	107304
FRL	74	107232
FRL	75	108205
FRL	76	112661
FRL	77	132996
FRL	78	231449
FRL	79	545686
FRL	80	1417283
FRL	81	3353049
# Read lengths - last fragments. Use `grep ^LRL | cut -f 2-` to extract this part. The columns are: read length, count
LRL	1	6840
LRL	2	6979
LRL	3	7075
LRL	4	7233
LRL	5	7006
LRL	6	7139
LRL	7	6872
LRL	8	6666
LRL	9	6469
LRL	10	6467
LRL	11	6963
LRL	12	6455
LRL	13	6551
LRL	14	6861
LRL	15	7536
LRL	16	7594
LRL	17	7203
LRL	18	6972
LRL	19	6786
LRL	20	7100
LRL	21	6601
LRL	22	6695
LRL	23	6769
LRL	24	6950
LRL	25	6921
LRL	26	7105
LRL	27	6958
LRL	28	7180
LRL	29	7148
LRL	30	25765
LRL	31	28353
LRL	32	31439
LRL	33	34296
LRL	34	38054
LRL	35	40770
LRL	36	44482
LRL	37	48290
LRL	38	51062
LRL	39	54962
LRL	40	59003
LRL	41	61711
LRL	42	65229
LRL	43	68834
LRL	44	71724
LRL	45	73534
LRL	46	77486
LRL	47	80683
LRL	48	82973
LRL	49	86479
LRL	50	88692
LRL	51	90382
LRL	52	93177
LRL	53	94824
LRL	54	96164
LRL	55	98637
LRL	56	100354
LRL	57	101126
LRL	58	103175
LRL	59	104243
LRL	60	103970
LRL	61	104514
LRL	62	104713
LRL	63	105966
LRL	64	105260
LRL	65	105942
LRL	66	107073
LRL	67	106417
LRL	68	106676
LRL	69	107889
LRL	70	107858
LRL	71	107050
LRL	72	104887
LRL	73	106093
LRL	74	106052
LRL	75	107186
LRL	76	111921
LRL	77	131007
LRL	78	231437
LRL	79	545132
LRL	80	1419536
LRL	81	3251956
# Mapping qualities for reads !(UNMAP|SECOND|SUPPL|QCFAIL|DUP). Use `grep ^MAPQ | cut -f 2-` to extract this part. The columns are: mapq, count
MAPQ	0	876252
MAPQ	1	1663
MAPQ	2	850
MAPQ	3	4273
MAPQ	4	900
MAPQ	5	935
MAPQ	6	1173
MAPQ	7	1817
MAPQ	8	965
MAPQ	9	5954
MAPQ	10	1122
MAPQ	11	1189
MAPQ	12	1290
MAPQ	13	2200
MAPQ	14	1345
MAPQ	15	4306
MAPQ	16	1389
MAPQ	17	1444
MAPQ	18	1531
MAPQ	19	2725
MAPQ	20	2213
MAPQ	21	5042
MAPQ	22	3161
MAPQ	23	2382
MAPQ	24	3536
MAPQ	25	5401
MAPQ	26	810
MAPQ	27	26382
MAPQ	28	1359
MAPQ	29	936
MAPQ	30	1623
MAPQ	31	1881
MAPQ	32	807
MAPQ	33	5656
MAPQ	34	1005
MAPQ	35	902
MAPQ	36	1195
MAPQ	37	2041
MAPQ	38	905
MAPQ	39	5835
MAPQ	40	50756
MAPQ	41	1995
MAPQ	42	2328
MAPQ	43	4778
MAPQ	44	3178
MAPQ	45	8396
MAPQ	46	11299
MAPQ	47	4469
MAPQ	48	7853
MAPQ	49	9650
MAPQ	50	7571
MAPQ	51	33839
MAPQ	52	16692
MAPQ	53	9666
MAPQ	54	12292
MAPQ	55	6665
MAPQ	56	4287
MAPQ	57	13354
MAPQ	58	9321
MAPQ	59	3302
MAPQ	60	17938054
# Indel distribution. Use `grep ^ID | cut -f 2-` to extract this part. The columns are: length, number of insertions, number of deletions
ID	1	5064	24380
ID	2	3790	4787
ID	3	2264	5069
ID	4	1927	690
ID	5	1019	711
ID	6	577	598
ID	7	15	17
ID	8	31	58
ID	9	114	196
ID	10	17	21
ID	11	84	2
ID	12	22	76
ID	13	18	3
ID	14	1	1
ID	15	12	16
ID	16	0	60
ID	17	0	2
ID	18	3	5
ID	20	1	0
ID	21	0	5
ID	22	1	0
ID	24	0	1
ID	28	0	1
# Indels per cycle. Use `grep ^IC | cut -f 2-` to extract this part. The columns are: cycle, number of insertions (fwd), .. (rev) , number of deletions (fwd), .. (rev)
IC	1	0	1	0	0
IC	3	1	0	108	126
IC	4	60	64	154	154
IC	5	64	69	189	186
IC	6	97	56	189	188
IC	7	114	77	215	238
IC	8	109	102	237	263
IC	9	97	93	247	245
IC	10	127	132	264	266
IC	11	118	118	274	259
IC	12	128	106	274	271
IC	13	123	123	278	272
IC	14	102	115	275	265
IC	15	125	98	275	271
IC	16	128	133	249	268
IC	17	134	129	279	257
IC	18	144	99	275	282
IC	19	145	122	305	313
IC	20	138	162	297	313
IC	21	145	154	309	316
IC	22	132	112	291	300
IC	23	123	130	323	301
IC	24	119	112	289	318
IC	25	103	117	268	298
IC	26	137	114	290	303
IC	27	152	105	269	261
IC	28	125	142	289	266
IC	29	95	130	280	278
IC	30	126	124	286	310
IC	31	129	129	269	291
IC	32	150	125	300	271
IC	33	109	119	252	290
IC	34	143	121	299	300
IC	35	113	121	266	263
IC	36	107	114	298	267
IC	37	126	128	299	284
IC	38	128	106	291	280
IC	39	129	118	307	248
IC	40	118	127	285	240
IC	41	118	111	230	254
IC	42	107	120	275	294
IC	43	134	103	287	267
IC	44	114	122	313	281
IC	45	98	112	269	285
IC	46	99	97	281	275
IC	47	102	113	276	274
IC	48	96	104	285	271
IC	49	99	116	275	235
IC	50	113	115	302	271
IC	51	88	87	253	222
IC	52	91	81	248	255
IC	53	80	84	252	257
IC	54	91	86	262	239
IC	55	110	108	259	253
IC	56	100	95	203	274
IC	57	101	117	245	233
IC	58	97	85	222	219
IC	59	80	102	225	223
IC	60	82	97	220	228
IC	61	82	69	251	204
IC	62	91	88	223	233
IC	63	82	70	231	231
IC	64	56	86	210	203
IC	65	63	78	196	210
IC	66	87	63	205	185
IC	67	88	70	183	189
IC	68	67	71	199	193
IC	69	76	86	211	193
IC	70	77	87	191	169
IC	71	46	55	175	165
IC	72	49	55	191	183
IC	73	47	49	159	150
IC	74	41	44	137	135
IC	75	25	35	138	137
IC	76	42	55	121	107
IC	77	26	28	73	74
IC	78	38	23	42	44
# Coverage distribution. Use `grep ^COV | cut -f 2-` to extract this part.
COV	[1-1]	1	9705577
COV	[2-2]	2	10929139
COV	[3-3]	3	489349
COV	[4-4]	4	1461680
COV	[5-5]	5	132216
COV	[6-6]	6	247696
COV	[7-7]	7	67566
COV	[8-8]	8	74867
COV	[9-9]	9	42983
COV	[10-10]	10	41018
COV	[11-11]	11	31008
COV	[12-12]	12	28612
COV	[13-13]	13	22863
COV	[14-14]	14	20662
COV	[15-15]	15	18097
COV	[16-16]	16	16367
COV	[17-17]	17	15008
COV	[18-18]	18	13782
COV	[19-19]	19	12865
COV	[20-20]	20	11976
COV	[21-21]	21	10958
COV	[22-22]	22	10087
COV	[23-23]	23	9681
COV	[24-24]	24	8925
COV	[25-25]	25	8181
COV	[26-26]	26	7935
COV	[27-27]	27	7438
COV	[28-28]	28	7007
COV	[29-29]	29	6705
COV	[30-30]	30	6544
COV	[31-31]	31	6157
COV	[32-32]	32	5806
COV	[33-33]	33	5573
COV	[34-34]	34	5560
COV	[35-35]	35	5137
COV	[36-36]	36	4863
COV	[37-37]	37	4756
COV	[38-38]	38	4606
COV	[39-39]	39	4738
COV	[40-40]	40	4280
COV	[41-41]	41	4336
COV	[42-42]	42	4004
COV	[43-43]	43	3893
COV	[44-44]	44	3907
COV	[45-45]	45	3740
COV	[46-46]	46	3633
COV	[47-47]	47	3557
COV	[48-48]	48	3487
COV	[49-49]	49	3409
COV	[50-50]	50	3279
COV	[51-51]	51	3349
COV	[52-52]	52	3306
COV	[53-53]	53	3079
COV	[54-54]	54	3023
COV	[55-55]	55	3077
COV	[56-56]	56	2998
COV	[57-57]	57	2911
COV	[58-58]	58	2922
COV	[59-59]	59	2932
COV	[60-60]	60	2636
COV	[61-61]	61	2528
COV	[62-62]	62	2598
COV	[63-63]	63	2508
COV	[64-64]	64	2442
COV	[65-65]	65	2430
COV	[66-66]	66	2398
COV	[67-67]	67	2293
COV	[68-68]	68	2255
COV	[69-69]	69	2262
COV	[70-70]	70	2378
COV	[71-71]	71	2126
COV	[72-72]	72	2168
COV	[73-73]	73	2098
COV	[74-74]	74	2173
COV	[75-75]	75	2092
COV	[76-76]	76	2106
COV	[77-77]	77	2039
COV	[78-78]	78	1992
COV	[79-79]	79	2020
COV	[80-80]	80	1857
COV	[81-81]	81	1928
COV	[82-82]	82	1871
COV	[83-83]	83	1879
COV	[84-84]	84	1838
COV	[85-85]	85	1776
COV	[86-86]	86	1816
COV	[87-87]	87	1734
COV	[88-88]	88	1763
COV	[89-89]	89	1742
COV	[90-90]	90	1658
COV	[91-91]	91	1696
COV	[92-92]	92	1645
COV	[93-93]	93	1705
COV	[94-94]	94	1721
COV	[95-95]	95	1559
COV	[96-96]	96	1613
COV	[97-97]	97	1542
COV	[98-98]	98	1610
COV	[99-99]	99	1528
COV	[100-100]	100	1460
COV	[101-101]	101	1480
COV	[102-102]	102	1478
COV	[103-103]	103	1426
COV	[104-104]	104	1473
COV	[105-105]	105	1466
COV	[106-106]	106	1392
COV	[107-107]	107	1424
COV	[108-108]	108	1385
COV	[109-109]	109	1383
COV	[110-110]	110	1329
COV	[111-111]	111	1331
COV	[112-112]	112	1424
COV	[113-113]	113	1417
COV	[114-114]	114	1361
COV	[115-115]	115	1387
COV	[116-116]	116	1354
COV	[117-117]	117	1348
COV	[118-118]	118	1298
COV	[119-119]	119	1285
COV	[120-120]	120	1307
COV	[121-121]	121	1280
COV	[122-122]	122	1301
COV	[123-123]	123	1210
COV	[124-124]	124	1172
COV	[125-125]	125	1216
COV	[126-126]	126	1297
COV	[127-127]	127	1236
COV	[128-128]	128	1271
COV	[129-129]	129	1248
COV	[130-130]	130	1218
COV	[131-131]	131	1212
COV	[132-132]	132	1248
COV	[133-133]	133	1208
COV	[134-134]	134	1185
COV	[135-135]	135	1183
COV	[136-136]	136	1140
COV	[137-137]	137	1145
COV	[138-138]	138	1136
COV	[139-139]	139	1067
COV	[140-140]	140	1119
COV	[141-141]	141	1116
COV	[142-142]	142	1090
COV	[143-143]	143	1101
COV	[144-144]	144	1043
COV	[145-145]	145	1104
COV	[146-146]	146	1055
COV	[147-147]	147	1092
COV	[148-148]	148	1081
COV	[149-149]	149	1034
COV	[150-150]	150	1024
COV	[151-151]	151	1077
COV	[152-152]	152	1094
COV	[153-153]	153	1025
COV	[154-154]	154	1035
COV	[155-155]	155	1037
COV	[156-156]	156	1008
COV	[157-157]	157	1020
COV	[158-158]	158	1048
COV	[159-159]	159	987
COV	[160-160]	160	1034
COV	[161-161]	161	1020
COV	[162-162]	162	996
COV	[163-163]	163	1040
COV	[164-164]	164	967
COV	[165-165]	165	985
COV	[166-166]	166	1022
COV	[167-167]	167	977
COV	[168-168]	168	993
COV	[169-169]	169	933
COV	[170-170]	170	937
COV	[171-171]	171	986
COV	[172-172]	172	960
COV	[173-173]	173	907
COV	[174-174]	174	913
COV	[175-175]	175	848
COV	[176-176]	176	904
COV	[177-177]	177	905
COV	[178-178]	178	943
COV	[179-179]	179	932
COV	[180-180]	180	953
COV	[181-181]	181	977
COV	[182-182]	182	841
COV	[183-183]	183	894
COV	[184-184]	184	921
COV	[185-185]	185	909
COV	[186-186]	186	900
COV	[187-187]	187	839
COV	[188-188]	188	848
COV	[189-189]	189	885
COV	[190-190]	190	817
COV	[191-191]	191	836
COV	[192-192]	192	860
COV	[193-193]	193	818
COV	[194-194]	194	856
COV	[195-195]	195	846
COV	[196-196]	196	882
COV	[197-197]	197	822
COV	[198-198]	198	869
COV	[199-199]	199	856
COV	[200-200]	200	876
COV	[201-201]	201	792
COV	[202-202]	202	796
COV	[203-203]	203	818
COV	[204-204]	204	746
COV	[205-205]	205	870
COV	[206-206]	206	820
COV	[207-207]	207	798
COV	[208-208]	208	826
COV	[209-209]	209	823
COV	[210-210]	210	818
COV	[211-211]	211	803
COV	[212-212]	212	767
COV	[213-213]	213	776
COV	[214-214]	214	854
COV	[215-215]	215	758
COV	[216-216]	216	799
COV	[217-217]	217	752
COV	[218-218]	218	710
COV	[219-219]	219	758
COV	[220-220]	220	763
COV	[221-221]	221	779
COV	[222-222]	222	765
COV	[223-223]	223	735
COV	[224-224]	224	744
COV	[225-225]	225	727
COV	[226-226]	226	728
COV	[227-227]	227	701
COV	[228-228]	228	686
COV	[229-229]	229	726
COV	[230-230]	230	677
COV	[231-231]	231	745
COV	[232-232]	232	663
COV	[233-233]	233	682
COV	[234-234]	234	729
COV	[235-235]	235	704
COV	[236-236]	236	701
COV	[237-237]	237	708
COV	[238-238]	238	693
COV	[239-239]	239	698
COV	[240-240]	240	635
COV	[241-241]	241	660
COV	[242-242]	242	744
COV	[243-243]	243	667
COV	[244-244]	244	646
COV	[245-245]	245	700
COV	[246-246]	246	721
COV	[247-247]	247	636
COV	[248-248]	248	687
COV	[249-249]	249	645
COV	[250-250]	250	637
COV	[251-251]	251	638
COV	[252-252]	252	658
COV	[253-253]	253	686
COV	[254-254]	254	675
COV	[255-255]	255	646
COV	[256-256]	256	674
COV	[257-257]	257	661
COV	[258-258]	258	634
COV	[259-259]	259	638
COV	[260-260]	260	626
COV	[261-261]	261	639
COV	[262-262]	262	664
COV	[263-263]	263	622
COV	[264-264]	264	635
COV	[265-265]	265	639
COV	[266-266]	266	640
COV	[267-267]	267	634
COV	[268-268]	268	639
COV	[269-269]	269	658
COV	[270-270]	270	609
COV	[271-271]	271	617
COV	[272-272]	272	638
COV	[273-273]	273	644
COV	[274-274]	274	583
COV	[275-275]	275	651
COV	[276-276]	276	562
COV	[277-277]	277	625
COV	[278-278]	278	661
COV	[279-279]	279	591
COV	[280-280]	280	660
COV	[281-281]	281	613
COV	[282-282]	282	640
COV	[283-283]	283	599
COV	[284-284]	284	609
COV	[285-285]	285	599
COV	[286-286]	286	633
COV	[287-287]	287	613
COV	[288-288]	288	624
COV	[289-289]	289	591
COV	[290-290]	290	665
COV	[291-291]	291	577
COV	[292-292]	292	569
COV	[293-293]	293	611
COV	[294-294]	294	555
COV	[295-295]	295	591
COV	[296-296]	296	627
COV	[297-297]	297	607
COV	[298-298]	298	637
COV	[299-299]	299	583
COV	[300-300]	300	597
COV	[301-301]	301	586
COV	[302-302]	302	561
COV	[303-303]	303	589
COV	[304-304]	304	609
COV	[305-305]	305	590
COV	[306-306]	306	630
COV	[307-307]	307	594
COV	[308-308]	308	550
COV	[309-309]	309	570
COV	[310-310]	310	541
COV	[311-311]	311	599
COV	[312-312]	312	518
COV	[313-313]	313	574
COV	[314-314]	314	591
COV	[315-315]	315	585
COV	[316-316]	316	536
COV	[317-317]	317	530
COV	[318-318]	318	605
COV	[319-319]	319	545
COV	[320-320]	320	557
COV	[321-321]	321	606
COV	[322-322]	322	580
COV	[323-323]	323	567
COV	[324-324]	324	576
COV	[325-325]	325	565
COV	[326-326]	326	515
COV	[327-327]	327	582
COV	[328-328]	328	596
COV	[329-329]	329	520
COV	[330-330]	330	520
COV	[331-331]	331	529
COV	[332-332]	332	527
COV	[333-333]	333	574
COV	[334-334]	334	565
COV	[335-335]	335	554
COV	[336-336]	336	533
COV	[337-337]	337	542
COV	[338-338]	338	561
COV	[339-339]	339	532
COV	[340-340]	340	518
COV	[341-341]	341	552
COV	[342-342]	342	528
COV	[343-343]	343	540
COV	[344-344]	344	575
COV	[345-345]	345	544
COV	[346-346]	346	540
COV	[347-347]	347	533
COV	[348-348]	348	534
COV	[349-349]	349	509
COV	[350-350]	350	561
COV	[351-351]	351	518
COV	[352-352]	352	550
COV	[353-353]	353	548
COV	[354-354]	354	510
COV	[355-355]	355	523
COV	[356-356]	356	522
COV	[357-357]	357	516
COV	[358-358]	358	526
COV	[359-359]	359	535
COV	[360-360]	360	500
COV	[361-361]	361	489
COV	[362-362]	362	478
COV	[363-363]	363	505
COV	[364-364]	364	521
COV	[365-365]	365	520
COV	[366-366]	366	486
COV	[367-367]	367	531
COV	[368-368]	368	539
COV	[369-369]	369	565
COV	[370-370]	370	531
COV	[371-371]	371	468
COV	[372-372]	372	510
COV	[373-373]	373	475
COV	[374-374]	374	505
COV	[375-375]	375	510
COV	[376-376]	376	505
COV	[377-377]	377	497
COV	[378-378]	378	470
COV	[379-379]	379	500
COV	[380-380]	380	498
COV	[381-381]	381	503
COV	[382-382]	382	489
COV	[383-383]	383	487
COV	[384-384]	384	520
COV	[385-385]	385	487
COV	[386-386]	386	508
COV	[387-387]	387	500
COV	[388-388]	388	506
COV	[389-389]	389	498
COV	[390-390]	390	527
COV	[391-391]	391	455
COV	[392-392]	392	486
COV	[393-393]	393	486
COV	[394-394]	394	459
COV	[395-395]	395	468
COV	[396-396]	396	460
COV	[397-397]	397	453
COV	[398-398]	398	471
COV	[399-399]	399	489
COV	[400-400]	400	480
COV	[401-401]	401	425
COV	[402-402]	402	503
COV	[403-403]	403	478
COV	[404-404]	404	477
COV	[405-405]	405	487
COV	[406-406]	406	494
COV	[407-407]	407	440
COV	[408-408]	408	483
COV	[409-409]	409	501
COV	[410-410]	410	473
COV	[411-411]	411	471
COV	[412-412]	412	450
COV	[413-413]	413	453
COV	[414-414]	414	480
COV	[415-415]	415	478
COV	[416-416]	416	458
COV	[417-417]	417	480
COV	[418-418]	418	469
COV	[419-419]	419	463
COV	[420-420]	420	478
COV	[421-421]	421	451
COV	[422-422]	422	525
COV	[423-423]	423	479
COV	[424-424]	424	444
COV	[425-425]	425	450
COV	[426-426]	426	473
COV	[427-427]	427	456
COV	[428-428]	428	462
COV	[429-429]	429	472
COV	[430-430]	430	458
COV	[431-431]	431	489
COV	[432-432]	432	473
COV	[433-433]	433	471
COV	[434-434]	434	458
COV	[435-435]	435	480
COV	[436-436]	436	451
COV	[437-437]	437	451
COV	[438-438]	438	422
COV	[439-439]	439	468
COV	[440-440]	440	454
COV	[441-441]	441	469
COV	[442-442]	442	441
COV	[443-443]	443	474
COV	[444-444]	444	451
COV	[445-445]	445	484
COV	[446-446]	446	494
COV	[447-447]	447	484
COV	[448-448]	448	449
COV	[449-449]	449	473
COV	[450-450]	450	436
COV	[451-451]	451	460
COV	[452-452]	452	443
COV	[453-453]	453	442
COV	[454-454]	454	433
COV	[455-455]	455	415
COV	[456-456]	456	455
COV	[457-457]	457	435
COV	[458-458]	458	438
COV	[459-459]	459	447
COV	[460-460]	460	427
COV	[461-461]	461	421
COV	[462-462]	462	489
COV	[463-463]	463	490
COV	[464-464]	464	418
COV	[465-465]	465	431
COV	[466-466]	466	420
COV	[467-467]	467	404
COV	[468-468]	468	444
COV	[469-469]	469	419
COV	[470-470]	470	446
COV	[471-471]	471	440
COV	[472-472]	472	446
COV	[473-473]	473	415
COV	[474-474]	474	400
COV	[475-475]	475	421
COV	[476-476]	476	422
COV	[477-477]	477	423
COV	[478-478]	478	382
COV	[479-479]	479	446
COV	[480-480]	480	445
COV	[481-481]	481	405
COV	[482-482]	482	403
COV	[483-483]	483	397
COV	[484-484]	484	417
COV	[485-485]	485	436
COV	[486-486]	486	407
COV	[487-487]	487	402
COV	[488-488]	488	395
COV	[489-489]	489	410
COV	[490-490]	490	440
COV	[491-491]	491	449
COV	[492-492]	492	414
COV	[493-493]	493	410
COV	[494-494]	494	441
COV	[495-495]	495	417
COV	[496-496]	496	417
COV	[497-497]	497	435
COV	[498-498]	498	437
COV	[499-499]	499	457
COV	[500-500]	500	402
COV	[501-501]	501	399
COV	[502-502]	502	436
COV	[503-503]	503	415
COV	[504-504]	504	429
COV	[505-505]	505	431
COV	[506-506]	506	441
COV	[507-507]	507	435
COV	[508-508]	508	422
COV	[509-509]	509	398
COV	[510-510]	510	435
COV	[511-511]	511	407
COV	[512-512]	512	405
COV	[513-513]	513	402
COV	[514-514]	514	395
COV	[515-515]	515	399
COV	[516-516]	516	381
COV	[517-517]	517	404
COV	[518-518]	518	424
COV	[519-519]	519	408
COV	[520-520]	520	393
COV	[521-521]	521	424
COV	[522-522]	522	430
COV	[523-523]	523	398
COV	[524-524]	524	375
COV	[525-525]	525	421
COV	[526-526]	526	420
COV	[527-527]	527	415
COV	[528-528]	528	395
COV	[529-529]	529	380
COV	[530-530]	530	379
COV	[531-531]	531	399
COV	[532-532]	532	406
COV	[533-533]	533	408
COV	[534-534]	534	387
COV	[535-535]	535	437
COV	[536-536]	536	418
COV	[537-537]	537	424
COV	[538-538]	538	396
COV	[539-539]	539	420
COV	[540-540]	540	383
COV	[541-541]	541	394
COV	[542-542]	542	409
COV	[543-543]	543	402
COV	[544-544]	544	392
COV	[545-545]	545	443
COV	[546-546]	546	400
COV	[547-547]	547	390
COV	[548-548]	548	398
COV	[549-549]	549	444
COV	[550-550]	550	418
COV	[551-551]	551	392
COV	[552-552]	552	414
COV	[553-553]	553	401
COV	[554-554]	554	422
COV	[555-555]	555	401
COV	[556-556]	556	385
COV	[557-557]	557	381
COV	[558-558]	558	362
COV	[559-559]	559	411
COV	[560-560]	560	384
COV	[561-561]	561	420
COV	[562-562]	562	364
COV	[563-563]	563	402
COV	[564-564]	564	387
COV	[565-565]	565	409
COV	[566-566]	566	424
COV	[567-567]	567	432
COV	[568-568]	568	415
COV	[569-569]	569	422
COV	[570-570]	570	379
COV	[571-571]	571	412
COV	[572-572]	572	363
COV	[573-573]	573	367
COV	[574-574]	574	402
COV	[575-575]	575	357
COV	[576-576]	576	351
COV	[577-577]	577	379
COV	[578-578]	578	391
COV	[579-579]	579	357
COV	[580-580]	580	369
COV	[581-581]	581	372
COV	[582-582]	582	384
COV	[583-583]	583	402
COV	[584-584]	584	375
COV	[585-585]	585	394
COV	[586-586]	586	378
COV	[587-587]	587	373
COV	[588-588]	588	364
COV	[589-589]	589	374
COV	[590-590]	590	353
COV	[591-591]	591	359
COV	[592-592]	592	389
COV	[593-593]	593	372
COV	[594-594]	594	346
COV	[595-595]	595	422
COV	[596-596]	596	359
COV	[597-597]	597	393
COV	[598-598]	598	365
COV	[599-599]	599	370
COV	[600-600]	600	392
COV	[601-601]	601	376
COV	[602-602]	602	389
COV	[603-603]	603	360
COV	[604-604]	604	391
COV	[605-605]	605	384
COV	[606-606]	606	361
COV	[607-607]	607	385
COV	[608-608]	608	401
COV	[609-609]	609	372
COV	[610-610]	610	397
COV	[611-611]	611	380
COV	[612-612]	612	388
COV	[613-613]	613	348
COV	[614-614]	614	405
COV	[615-615]	615	367
COV	[616-616]	616	362
COV	[617-617]	617	376
COV	[618-618]	618	365
COV	[619-619]	619	385
COV	[620-620]	620	423
COV	[621-621]	621	350
COV	[622-622]	622	404
COV	[623-623]	623	379
COV	[624-624]	624	361
COV	[625-625]	625	338
COV	[626-626]	626	367
COV	[627-627]	627	342
COV	[628-628]	628	353
COV	[629-629]	629	373
COV	[630-630]	630	422
COV	[631-631]	631	371
COV	[632-632]	632	364
COV	[633-633]	633	376
COV	[634-634]	634	382
COV	[635-635]	635	373
COV	[636-636]	636	313
COV	[637-637]	637	362
COV	[638-638]	638	376
COV	[639-639]	639	351
COV	[640-640]	640	383
COV	[641-641]	641	370
COV	[642-642]	642	371
COV	[643-643]	643	361
COV	[644-644]	644	365
COV	[645-645]	645	360
COV	[646-646]	646	347
COV	[647-647]	647	346
COV	[648-648]	648	366
COV	[649-649]	649	344
COV	[650-650]	650	326
COV	[651-651]	651	345
COV	[652-652]	652	326
COV	[653-653]	653	362
COV	[654-654]	654	371
COV	[655-655]	655	341
COV	[656-656]	656	376
COV	[657-657]	657	367
COV	[658-658]	658	356
COV	[659-659]	659	364
COV	[660-660]	660	399
COV	[661-661]	661	344
COV	[662-662]	662	345
COV	[663-663]	663	345
COV	[664-664]	664	346
COV	[665-665]	665	360
COV	[666-666]	666	335
COV	[667-667]	667	346
COV	[668-668]	668	404
COV	[669-669]	669	333
COV	[670-670]	670	382
COV	[671-671]	671	342
COV	[672-672]	672	359
COV	[673-673]	673	383
COV	[674-674]	674	379
COV	[675-675]	675	354
COV	[676-676]	676	371
COV	[677-677]	677	348
COV	[678-678]	678	348
COV	[679-679]	679	359
COV	[680-680]	680	332
COV	[681-681]	681	365
COV	[682-682]	682	353
COV	[683-683]	683	332
COV	[684-684]	684	372
COV	[685-685]	685	334
COV	[686-686]	686	392
COV	[687-687]	687	383
COV	[688-688]	688	365
COV	[689-689]	689	363
COV	[690-690]	690	356
COV	[691-691]	691	339
COV	[692-692]	692	386
COV	[693-693]	693	334
COV	[694-694]	694	338
COV	[695-695]	695	357
COV	[696-696]	696	349
COV	[697-697]	697	322
COV	[698-698]	698	336
COV	[699-699]	699	332
COV	[700-700]	700	326
COV	[701-701]	701	342
COV	[702-702]	702	358
COV	[703-703]	703	314
COV	[704-704]	704	352
COV	[705-705]	705	347
COV	[706-706]	706	324
COV	[707-707]	707	366
COV	[708-708]	708	348
COV	[709-709]	709	333
COV	[710-710]	710	350
COV	[711-711]	711	338
COV	[712-712]	712	337
COV	[713-713]	713	328
COV	[714-714]	714	348
COV	[715-715]	715	348
COV	[716-716]	716	351
COV	[717-717]	717	365
COV	[718-718]	718	336
COV	[719-719]	719	333
COV	[720-720]	720	362
COV	[721-721]	721	334
COV	[722-722]	722	332
COV	[723-723]	723	316
COV	[724-724]	724	332
COV	[725-725]	725	333
COV	[726-726]	726	333
COV	[727-727]	727	320
COV	[728-728]	728	363
COV	[729-729]	729	331
COV	[730-730]	730	317
COV	[731-731]	731	336
COV	[732-732]	732	329
COV	[733-733]	733	337
COV	[734-734]	734	327
COV	[735-735]	735	330
COV	[736-736]	736	334
COV	[737-737]	737	336
COV	[738-738]	738	326
COV	[739-739]	739	348
COV	[740-740]	740	283
COV	[741-741]	741	316
COV	[742-742]	742	318
COV	[743-743]	743	322
COV	[744-744]	744	301
COV	[745-745]	745	328
COV	[746-746]	746	324
COV	[747-747]	747	297
COV	[748-748]	748	349
COV	[749-749]	749	345
COV	[750-750]	750	340
COV	[751-751]	751	347
COV	[752-752]	752	328
COV	[753-753]	753	330
COV	[754-754]	754	336
COV	[755-755]	755	316
COV	[756-756]	756	321
COV	[757-757]	757	334
COV	[758-758]	758	336
COV	[759-759]	759	366
COV	[760-760]	760	355
COV	[761-761]	761	339
COV	[762-762]	762	328
COV	[763-763]	763	332
COV	[764-764]	764	308
COV	[765-765]	765	306
COV	[766-766]	766	321
COV	[767-767]	767	328
COV	[768-768]	768	329
COV	[769-769]	769	353
COV	[770-770]	770	317
COV	[771-771]	771	335
COV	[772-772]	772	293
COV	[773-773]	773	324
COV	[774-774]	774	344
COV	[775-775]	775	327
COV	[776-776]	776	338
COV	[777-777]	777	329
COV	[778-778]	778	354
COV	[779-779]	779	319
COV	[780-780]	780	318
COV	[781-781]	781	315
COV	[782-782]	782	322
COV	[783-783]	783	324
COV	[784-784]	784	322
COV	[785-785]	785	329
COV	[786-786]	786	323
COV	[787-787]	787	327
COV	[788-788]	788	329
COV	[789-789]	789	314
COV	[790-790]	790	331
COV	[791-791]	791	343
COV	[792-792]	792	302
COV	[793-793]	793	337
COV	[794-794]	794	293
COV	[795-795]	795	353
COV	[796-796]	796	333
COV	[797-797]	797	292
COV	[798-798]	798	313
COV	[799-799]	799	307
COV	[800-800]	800	310
COV	[801-801]	801	317
COV	[802-802]	802	292
COV	[803-803]	803	311
COV	[804-804]	804	336
COV	[805-805]	805	319
COV	[806-806]	806	323
COV	[807-807]	807	338
COV	[808-808]	808	327
COV	[809-809]	809	305
COV	[810-810]	810	340
COV	[811-811]	811	311
COV	[812-812]	812	286
COV	[813-813]	813	324
COV	[814-814]	814	299
COV	[815-815]	815	309
COV	[816-816]	816	288
COV	[817-817]	817	302
COV	[818-818]	818	314
COV	[819-819]	819	304
COV	[820-820]	820	342
COV	[821-821]	821	338
COV	[822-822]	822	296
COV	[823-823]	823	321
COV	[824-824]	824	329
COV	[825-825]	825	330
COV	[826-826]	826	292
COV	[827-827]	827	316
COV	[828-828]	828	335
COV	[829-829]	829	302
COV	[830-830]	830	309
COV	[831-831]	831	322
COV	[832-832]	832	327
COV	[833-833]	833	288
COV	[834-834]	834	320
COV	[835-835]	835	344
COV	[836-836]	836	327
COV	[837-837]	837	293
COV	[838-838]	838	285
COV	[839-839]	839	312
COV	[840-840]	840	307
COV	[841-841]	841	376
COV	[842-842]	842	335
COV	[843-843]	843	329
COV	[844-844]	844	322
COV	[845-845]	845	285
COV	[846-846]	846	283
COV	[847-847]	847	323
COV	[848-848]	848	328
COV	[849-849]	849	294
COV	[850-850]	850	337
COV	[851-851]	851	268
COV	[852-852]	852	329
COV	[853-853]	853	305
COV	[854-854]	854	327
COV	[855-855]	855	296
COV	[856-856]	856	302
COV	[857-857]	857	309
COV	[858-858]	858	286
COV	[859-859]	859	296
COV	[860-860]	860	325
COV	[861-861]	861	318
COV	[862-862]	862	288
COV	[863-863]	863	303
COV	[864-864]	864	297
COV	[865-865]	865	307
COV	[866-866]	866	291
COV	[867-867]	867	327
COV	[868-868]	868	312
COV	[869-869]	869	313
COV	[870-870]	870	286
COV	[871-871]	871	291
COV	[872-872]	872	298
COV	[873-873]	873	304
COV	[874-874]	874	278
COV	[875-875]	875	303
COV	[876-876]	876	272
COV	[877-877]	877	322
COV	[878-878]	878	275
COV	[879-879]	879	271
COV	[880-880]	880	305
COV	[881-881]	881	272
COV	[882-882]	882	306
COV	[883-883]	883	335
COV	[884-884]	884	314
COV	[885-885]	885	304
COV	[886-886]	886	291
COV	[887-887]	887	309
COV	[888-888]	888	336
COV	[889-889]	889	293
COV	[890-890]	890	317
COV	[891-891]	891	319
COV	[892-892]	892	318
COV	[893-893]	893	285
COV	[894-894]	894	291
COV	[895-895]	895	312
COV	[896-896]	896	290
COV	[897-897]	897	278
COV	[898-898]	898	298
COV	[899-899]	899	286
COV	[900-900]	900	311
COV	[901-901]	901	292
COV	[902-902]	902	296
COV	[903-903]	903	291
COV	[904-904]	904	295
COV	[905-905]	905	297
COV	[906-906]	906	292
COV	[907-907]	907	292
COV	[908-908]	908	251
COV	[909-909]	909	347
COV	[910-910]	910	280
COV	[911-911]	911	279
COV	[912-912]	912	315
COV	[913-913]	913	291
COV	[914-914]	914	288
COV	[915-915]	915	270
COV	[916-916]	916	282
COV	[917-917]	917	283
COV	[918-918]	918	285
COV	[919-919]	919	304
COV	[920-920]	920	327
COV	[921-921]	921	303
COV	[922-922]	922	295
COV	[923-923]	923	289
COV	[924-924]	924	283
COV	[925-925]	925	288
COV	[926-926]	926	309
COV	[927-927]	927	297
COV	[928-928]	928	293
COV	[929-929]	929	305
COV	[930-930]	930	259
COV	[931-931]	931	307
COV	[932-932]	932	268
COV	[933-933]	933	305
COV	[934-934]	934	271
COV	[935-935]	935	290
COV	[936-936]	936	295
COV	[937-937]	937	319
COV	[938-938]	938	303
COV	[939-939]	939	292
COV	[940-940]	940	299
COV	[941-941]	941	324
COV	[942-942]	942	295
COV	[943-943]	943	295
COV	[944-944]	944	331
COV	[945-945]	945	307
COV	[946-946]	946	299
COV	[947-947]	947	318
COV	[948-948]	948	316
COV	[949-949]	949	294
COV	[950-950]	950	255
COV	[951-951]	951	296
COV	[952-952]	952	268
COV	[953-953]	953	282
COV	[954-954]	954	263
COV	[955-955]	955	283
COV	[956-956]	956	290
COV	[957-957]	957	293
COV	[958-958]	958	288
COV	[959-959]	959	288
COV	[960-960]	960	280
COV	[961-961]	961	288
COV	[962-962]	962	312
COV	[963-963]	963	277
COV	[964-964]	964	286
COV	[965-965]	965	316
COV	[966-966]	966	250
COV	[967-967]	967	258
COV	[968-968]	968	277
COV	[969-969]	969	288
COV	[970-970]	970	277
COV	[971-971]	971	277
COV	[972-972]	972	288
COV	[973-973]	973	268
COV	[974-974]	974	275
COV	[975-975]	975	254
COV	[976-976]	976	287
COV	[977-977]	977	268
COV	[978-978]	978	270
COV	[979-979]	979	274
COV	[980-980]	980	289
COV	[981-981]	981	261
COV	[982-982]	982	255
COV	[983-983]	983	272
COV	[984-984]	984	309
COV	[985-985]	985	279
COV	[986-986]	986	282
COV	[987-987]	987	282
COV	[988-988]	988	292
COV	[989-989]	989	276
COV	[990-990]	990	295
COV	[991-991]	991	278
COV	[992-992]	992	243
COV	[993-993]	993	249
COV	[994-994]	994	255
COV	[995-995]	995	273
COV	[996-996]	996	289
COV	[997-997]	997	243
COV	[998-998]	998	265
COV	[999-999]	999	283
COV	[1000-1000]	1000	275
COV	[1000<]	1000	453486
# GC-depth. Use `grep ^GCD | cut -f 2-` to extract this part. The columns are: GC%, unique sequence percentiles, 10th, 25th, 50th, 75th and 90th depth percentile
GCD	0.0	0.002	0.000	0.000	0.000	0.000	0.000
GCD	5.6	0.003	0.035	0.035	0.035	0.035	0.035
GCD	18.0	0.004	0.007	0.007	0.007	0.007	0.007
GCD	19.0	0.005	0.003	0.003	0.003	0.003	0.003
GCD	20.0	0.007	0.003	0.003	0.003	0.003	0.003
GCD	21.0	0.011	0.007	0.007	0.007	0.007	0.007
GCD	22.0	0.017	0.007	0.007	0.007	0.014	0.014
GCD	23.0	0.022	0.003	0.004	0.009	0.013	0.014
GCD	24.0	0.026	0.007	0.007	0.007	0.007	0.007
GCD	25.0	0.037	0.007	0.007	0.007	0.014	0.020
GCD	26.0	0.070	0.007	0.007	0.007	0.007	0.019
GCD	27.0	0.131	0.007	0.007	0.007	0.007	0.014
GCD	28.0	0.228	0.007	0.007	0.007	0.010	0.014
GCD	29.0	0.381	0.007	0.007	0.007	0.014	0.014
GCD	30.0	0.612	0.007	0.007	0.007	0.014	0.022
GCD	31.0	0.948	0.007	0.007	0.007	0.014	0.021
GCD	32.0	1.404	0.007	0.007	0.007	0.014	0.021
GCD	33.0	2.038	0.007	0.007	0.014	0.021	0.028
GCD	34.0	2.953	0.007	0.007	0.014	0.021	0.028
GCD	35.0	4.125	0.007	0.007	0.014	0.021	0.028
GCD	36.0	5.670	0.007	0.007	0.014	0.021	0.035
GCD	37.0	7.558	0.007	0.010	0.014	0.028	0.035
GCD	38.0	10.036	0.007	0.010	0.014	0.028	0.035
GCD	39.0	12.881	0.007	0.014	0.021	0.028	0.042
GCD	40.0	16.145	0.007	0.014	0.021	0.028	0.042
GCD	41.0	19.926	0.007	0.014	0.021	0.028	0.042
GCD	42.0	23.958	0.007	0.014	0.021	0.028	0.042
GCD	43.0	28.342	0.007	0.014	0.021	0.035	0.049
GCD	44.0	33.058	0.007	0.014	0.021	0.031	0.042
GCD	45.0	37.881	0.010	0.014	0.021	0.035	0.045
GCD	46.0	42.806	0.007	0.014	0.021	0.035	0.049
GCD	47.0	47.780	0.007	0.014	0.021	0.035	0.049
GCD	48.0	52.792	0.010	0.014	0.021	0.035	0.049
GCD	49.0	57.848	0.007	0.014	0.021	0.035	0.049
GCD	50.0	62.764	0.010	0.014	0.024	0.035	0.049
GCD	51.0	67.465	0.007	0.014	0.024	0.035	0.049
GCD	52.0	71.841	0.007	0.014	0.021	0.035	0.049
GCD	53.0	75.916	0.007	0.014	0.021	0.035	0.049
GCD	54.0	79.619	0.007	0.014	0.021	0.035	0.049
GCD	55.0	83.001	0.007	0.014	0.021	0.035	0.049
GCD	56.0	86.011	0.007	0.014	0.021	0.035	0.049
GCD	57.0	88.509	0.007	0.014	0.021	0.035	0.049
GCD	58.0	90.703	0.007	0.014	0.021	0.035	0.049
GCD	59.0	92.523	0.007	0.014	0.021	0.031	0.049
GCD	60.0	93.985	0.007	0.010	0.021	0.031	0.049
GCD	61.0	95.128	0.007	0.014	0.021	0.035	0.056
GCD	62.0	96.080	0.007	0.010	0.021	0.035	0.056
GCD	63.0	96.786	0.007	0.014	0.021	0.035	0.063
GCD	64.0	97.418	0.007	0.014	0.021	0.042	0.066
GCD	65.0	97.917	0.007	0.014	0.024	0.042	0.087
GCD	66.0	98.331	0.007	0.014	0.021	0.042	0.084
GCD	67.0	98.660	0.007	0.012	0.021	0.042	0.112
GCD	68.0	98.901	0.007	0.014	0.021	0.038	0.070
GCD	69.0	99.118	0.007	0.014	0.026	0.052	0.104
GCD	70.0	99.294	0.007	0.014	0.024	0.049	0.118
GCD	71.0	99.453	0.007	0.014	0.035	0.063	0.120
GCD	72.0	99.575	0.007	0.014	0.035	0.077	0.168
GCD	73.0	99.678	0.008	0.021	0.035	0.105	0.432
GCD	74.0	99.750	0.007	0.014	0.035	0.064	0.610
GCD	75.0	99.811	0.007	0.014	0.035	0.073	0.223
GCD	76.0	99.856	0.007	0.014	0.031	0.073	0.145
GCD	77.0	99.890	0.007	0.007	0.014	0.058	0.128
GCD	78.0	99.923	0.007	0.007	0.021	0.042	0.104
GCD	79.0	99.941	0.007	0.010	0.028	0.040	1.331
GCD	80.0	99.955	0.005	0.007	0.007	0.025	0.094
GCD	81.0	99.967	0.007	0.014	0.028	0.106	0.134
GCD	82.0	99.978	0.007	0.007	0.014	0.077	0.273
GCD	83.0	99.987	0.007	0.007	0.007	0.032	0.056
GCD	84.0	99.993	0.007	0.007	0.010	0.058	0.073
GCD	86.0	99.996	0.007	0.007	0.007	0.028	0.028
GCD	87.0	99.997	0.021	0.021	0.021	0.021	0.021
GCD	88.0	99.998	0.028	0.028	0.028	0.028	0.028
GCD	90.0	99.999	0.028	0.028	0.028	0.028	0.028
GCD	96.0	100.000	0.007	0.007	0.007	0.007	0.007
