chr1	248956422	2107018	17947
chr10	133797422	517185	4452
chr11	135086622	1137464	8416
chr11_KI270721v1_random	100316	16	0
chr12	133275309	848209	8423
chr13	114364328	949566	6225
chr14	107043718	137033	1226
chr14_GL000009v2_random	201709	84	0
chr14_GL000225v1_random	211173	435	6
chr14_KI270722v1_random	194050	55	1
chr14_GL000194v1_random	191469	74	0
chr14_KI270723v1_random	38115	24	0
chr14_KI270724v1_random	39555	15	0
chr14_KI270725v1_random	172810	45	0
chr14_KI270726v1_random	43739	1	0
chr15	101991189	399298	2660
chr15_KI270727v1_random	448248	1151	16
chr16	90338345	711583	7517
chr16_KI270728v1_random	1872759	14000	78
chr17	83257441	996515	8797
chr17_GL000205v2_random	185591	22	0
chr17_KI270729v1_random	280839	145	1
chr17_KI270730v1_random	112551	63	0
chr18	80373285	178359	1356
chr19	58617616	828523	9218
chr1_KI270706v1_random	175055	70	1
chr1_KI270707v1_random	32032	8	0
chr1_KI270708v1_random	127682	27	0
chr1_KI270709v1_random	66860	99	0
chr1_KI270710v1_random	40176	14	0
chr1_KI270711v1_random	42210	14	0
chr1_KI270712v1_random	176043	69	1
chr1_KI270713v1_random	40745	14	0
chr1_KI270714v1_random	41717	6	0
chr2	242193529	1145728	9512
chr20	64444167	296298	2395
chr21	46709983	205884	1904
chr22	50818468	385811	3320
chr22_KI270731v1_random	150754	32	0
chr22_KI270732v1_random	41543	14	0
chr22_KI270733v1_random	179772	488	30
chr22_KI270734v1_random	165050	36	0
chr22_KI270735v1_random	42811	30	1
chr22_KI270736v1_random	181920	175	1
chr22_KI270737v1_random	103838	25	0
chr22_KI270738v1_random	99375	11	1
chr22_KI270739v1_random	73985	0	0
chr2_KI270715v1_random	161471	15	0
chr2_KI270716v1_random	153799	16	0
chr3	198295559	1136226	7850
chr3_GL000221v1_random	155397	48	1
chr4	190214555	1534521	11410
chr4_GL000008v2_random	209709	61	2
chr5	181538259	1259160	10858
chr5_GL000208v1_random	92689	24	0
chr6	170805979	583339	4624
chr7	159345973	1303509	10197
chr8	145138636	640731	5877
chr9	138394717	1142303	9909
chr9_KI270717v1_random	40062	18	0
chr9_KI270718v1_random	38054	22	0
chr9_KI270719v1_random	176845	58	2
chr9_KI270720v1_random	39050	14	0
chr1_KI270762v1_alt	354444	36	2
chr1_KI270766v1_alt	256271	20	0
chr1_KI270760v1_alt	109528	2	0
chr1_KI270765v1_alt	185285	20	2
chr1_GL383518v1_alt	182439	34	0
chr1_GL383519v1_alt	110268	18	0
chr1_GL383520v2_alt	366580	32	0
chr1_KI270764v1_alt	50258	2	0
chr1_KI270763v1_alt	911658	74593	544
chr1_KI270759v1_alt	425601	71	2
chr1_KI270761v1_alt	165834	15	1
chr2_KI270770v1_alt	136240	10	0
chr2_KI270773v1_alt	70887	2	0
chr2_KI270774v1_alt	223625	13	0
chr2_KI270769v1_alt	120616	20	0
chr2_GL383521v1_alt	143390	20	0
chr2_KI270772v1_alt	133041	74	1
chr2_KI270775v1_alt	138019	72	0
chr2_KI270771v1_alt	110395	8	0
chr2_KI270768v1_alt	110099	9	0
chr2_GL582966v2_alt	96131	18	0
chr2_GL383522v1_alt	123821	8	0
chr2_KI270776v1_alt	174166	42	0
chr2_KI270767v1_alt	161578	21	0
chr3_JH636055v2_alt	173151	22	0
chr3_KI270783v1_alt	109187	16	1
chr3_KI270780v1_alt	224108	29	1
chr3_GL383526v1_alt	180671	16	0
chr3_KI270777v1_alt	173649	16	0
chr3_KI270778v1_alt	248252	14	0
chr3_KI270781v1_alt	113034	14	0
chr3_KI270779v1_alt	205312	20	1
chr3_KI270782v1_alt	162429	28	0
chr3_KI270784v1_alt	184404	110	0
chr4_KI270790v1_alt	220246	34	0
chr4_GL383528v1_alt	376187	31	0
chr4_KI270787v1_alt	111943	16	0
chr4_GL000257v2_alt	586476	63	0
chr4_KI270788v1_alt	158965	8	0
chr4_GL383527v1_alt	164536	16	0
chr4_KI270785v1_alt	119912	56	1
chr4_KI270789v1_alt	205944	16	0
chr4_KI270786v1_alt	244096	20	0
chr5_KI270793v1_alt	126136	17	1
chr5_KI270792v1_alt	179043	13	1
chr5_KI270791v1_alt	195710	49	0
chr5_GL383532v1_alt	82728	6	0
chr5_GL949742v1_alt	226852	11	0
chr5_KI270794v1_alt	164558	11	0
chr5_GL339449v2_alt	1612928	234	1
chr5_GL383530v1_alt	101241	12	0
chr5_KI270796v1_alt	172708	32	0
chr5_GL383531v1_alt	173459	12	0
chr5_KI270795v1_alt	131892	16	0
chr6_GL000250v2_alt	4672374	75	2
chr6_KI270800v1_alt	175808	10	0
chr6_KI270799v1_alt	152148	6	0
chr6_GL383533v1_alt	124736	12	0
chr6_KI270801v1_alt	870480	70	1
chr6_KI270802v1_alt	75005	7	0
chr6_KB021644v2_alt	185823	16	0
chr6_KI270797v1_alt	197536	14	0
chr6_KI270798v1_alt	271782	40	0
chr7_KI270804v1_alt	157952	14	0
chr7_KI270809v1_alt	209586	40	2
chr7_KI270806v1_alt	158166	4	0
chr7_GL383534v2_alt	119183	26	0
chr7_KI270803v1_alt	1111570	98	1
chr7_KI270808v1_alt	271455	59	3
chr7_KI270807v1_alt	126434	33	3
chr7_KI270805v1_alt	209988	12	0
chr8_KI270818v1_alt	145606	20	0
chr8_KI270812v1_alt	282736	35	0
chr8_KI270811v1_alt	292436	89	1
chr8_KI270821v1_alt	985506	121	1
chr8_KI270813v1_alt	300230	24	0
chr8_KI270822v1_alt	624492	69	0
chr8_KI270814v1_alt	141812	16	0
chr8_KI270810v1_alt	374415	30	0
chr8_KI270819v1_alt	133535	12	0
chr8_KI270820v1_alt	36640	22	0
chr8_KI270817v1_alt	158983	10	1
chr8_KI270816v1_alt	305841	644	5
chr8_KI270815v1_alt	132244	15	0
chr9_GL383539v1_alt	162988	18	0
chr9_GL383540v1_alt	71551	10	0
chr9_GL383541v1_alt	171286	30	0
chr9_GL383542v1_alt	60032	6	0
chr9_KI270823v1_alt	439082	38	0
chr10_GL383545v1_alt	179254	22	0
chr10_KI270824v1_alt	181496	34	0
chr10_GL383546v1_alt	309802	76	0
chr10_KI270825v1_alt	188315	31	1
chr11_KI270832v1_alt	210133	13739	123
chr11_KI270830v1_alt	177092	16	0
chr11_KI270831v1_alt	296895	54	1
chr11_KI270829v1_alt	204059	14	0
chr11_GL383547v1_alt	154407	5	0
chr11_JH159136v1_alt	200998	2	0
chr11_JH159137v1_alt	191409	128	1
chr11_KI270827v1_alt	67707	43	2
chr11_KI270826v1_alt	186169	1031	6
chr12_GL877875v1_alt	167313	31	1
chr12_GL877876v1_alt	408271	20	0
chr12_KI270837v1_alt	40090	6	0
chr12_GL383549v1_alt	120804	20	0
chr12_KI270835v1_alt	238139	32	0
chr12_GL383550v2_alt	169178	32	1
chr12_GL383552v1_alt	138655	23	0
chr12_GL383553v2_alt	152874	20	0
chr12_KI270834v1_alt	119498	13	0
chr12_GL383551v1_alt	184319	19	1
chr12_KI270833v1_alt	76061	7	1
chr12_KI270836v1_alt	56134	5	1
chr13_KI270840v1_alt	191684	110	1
chr13_KI270839v1_alt	180306	30	0
chr13_KI270843v1_alt	103832	4	0
chr13_KI270841v1_alt	169134	20	0
chr13_KI270838v1_alt	306913	31	1
chr13_KI270842v1_alt	37287	0	0
chr14_KI270844v1_alt	322166	49	0
chr14_KI270847v1_alt	1511111	254	4
chr14_KI270845v1_alt	180703	20	0
chr14_KI270846v1_alt	1351393	108	3
chr15_KI270852v1_alt	478999	1222	16
chr15_KI270851v1_alt	263054	13	1
chr15_KI270848v1_alt	327382	13	0
chr15_GL383554v1_alt	296527	10	0
chr15_KI270849v1_alt	244917	43	0
chr15_GL383555v2_alt	388773	75	0
chr15_KI270850v1_alt	430880	46	0
chr16_KI270854v1_alt	134193	18	0
chr16_KI270856v1_alt	63982	16	0
chr16_KI270855v1_alt	232857	47	0
chr16_KI270853v1_alt	2659700	496	4
chr16_GL383556v1_alt	192462	21	0
chr16_GL383557v1_alt	89672	18	0
chr17_GL383563v3_alt	375691	34	0
chr17_KI270862v1_alt	391357	61	2
chr17_KI270861v1_alt	196688	35	1
chr17_KI270857v1_alt	2877074	3576	28
chr17_JH159146v1_alt	278131	21	3
chr17_JH159147v1_alt	70345	6	0
chr17_GL383564v2_alt	133151	10	0
chr17_GL000258v2_alt	1821992	179	6
chr17_GL383565v1_alt	223995	5	0
chr17_KI270858v1_alt	235827	28	0
chr17_KI270859v1_alt	108763	9	0
chr17_GL383566v1_alt	90219	20	0
chr17_KI270860v1_alt	178921	24	0
chr18_KI270864v1_alt	111737	7	0
chr18_GL383567v1_alt	289831	44	0
chr18_GL383570v1_alt	164789	336	4
chr18_GL383571v1_alt	198278	2	0
chr18_GL383568v1_alt	104552	10	0
chr18_GL383569v1_alt	167950	16	1
chr18_GL383572v1_alt	159547	14	0
chr18_KI270863v1_alt	167999	23	1
chr19_KI270868v1_alt	61734	9	1
chr19_KI270865v1_alt	52969	16	0
chr19_GL383573v1_alt	385657	50	2
chr19_GL383575v2_alt	170222	14	1
chr19_GL383576v1_alt	188024	22	0
chr19_GL383574v1_alt	155864	30	0
chr19_KI270866v1_alt	43156	6	0
chr19_KI270867v1_alt	233762	33	0
chr19_GL949746v1_alt	987716	44	0
chr20_GL383577v2_alt	128386	21	1
chr20_KI270869v1_alt	118774	21	1
chr20_KI270871v1_alt	58661	4	0
chr20_KI270870v1_alt	183433	36	3
chr21_GL383578v2_alt	63917	4	0
chr21_KI270874v1_alt	166743	30	0
chr21_KI270873v1_alt	143900	28	0
chr21_GL383579v2_alt	201197	20	1
chr21_GL383580v2_alt	74653	10	0
chr21_GL383581v2_alt	116689	17	0
chr21_KI270872v1_alt	82692	10	0
chr22_KI270875v1_alt	259914	18	0
chr22_KI270878v1_alt	186262	19	1
chr22_KI270879v1_alt	304135	32167	220
chr22_KI270876v1_alt	263666	45	1
chr22_KI270877v1_alt	101331	18	0
chr22_GL383583v2_alt	96924	13	0
chr22_GL383582v2_alt	162811	11	1
chrX_KI270880v1_alt	284869	10	0
chrX_KI270881v1_alt	144206	8	0
chr19_KI270882v1_alt	248807	0	0
chr19_KI270883v1_alt	170399	0	0
chr19_KI270884v1_alt	157053	2	0
chr19_KI270885v1_alt	171027	0	0
chr19_KI270886v1_alt	204239	0	0
chr19_KI270887v1_alt	209512	0	0
chr19_KI270888v1_alt	155532	0	0
chr19_KI270889v1_alt	170698	2	0
chr19_KI270890v1_alt	184499	0	0
chr19_KI270891v1_alt	170680	2	0
chr1_KI270892v1_alt	162212	9	0
chr2_KI270894v1_alt	214158	58	1
chr2_KI270893v1_alt	161218	27	1
chr3_KI270895v1_alt	162896	6	0
chr4_KI270896v1_alt	378547	44	0
chr5_KI270897v1_alt	1144418	134	1
chr5_KI270898v1_alt	130957	21	0
chr6_GL000251v2_alt	4795265	357	1
chr7_KI270899v1_alt	190869	98	0
chr8_KI270901v1_alt	136959	8	0
chr8_KI270900v1_alt	318687	53	0
chr11_KI270902v1_alt	106711	5	0
chr11_KI270903v1_alt	214625	27	1
chr12_KI270904v1_alt	572349	37	0
chr15_KI270906v1_alt	196384	8	1
chr15_KI270905v1_alt	5161414	410	4
chr17_KI270907v1_alt	137721	18	0
chr17_KI270910v1_alt	157099	14	0
chr17_KI270909v1_alt	325800	1328	5
chr17_JH159148v1_alt	88070	4	0
chr17_KI270908v1_alt	1423190	209	1
chr18_KI270912v1_alt	174061	14	0
chr18_KI270911v1_alt	157710	10	0
chr19_GL949747v2_alt	729520	21	0
chr22_KB663609v1_alt	74013	13	0
chrX_KI270913v1_alt	274009	14	0
chr19_KI270914v1_alt	205194	2	0
chr19_KI270915v1_alt	170665	0	0
chr19_KI270916v1_alt	184516	2	0
chr19_KI270917v1_alt	190932	0	0
chr19_KI270918v1_alt	123111	1	0
chr19_KI270919v1_alt	170701	2	0
chr19_KI270920v1_alt	198005	0	0
chr19_KI270921v1_alt	282224	2	0
chr19_KI270922v1_alt	187935	5	0
chr19_KI270923v1_alt	189352	0	0
chr3_KI270924v1_alt	166540	14	0
chr4_KI270925v1_alt	555799	535	1
chr6_GL000252v2_alt	4604811	181	2
chr8_KI270926v1_alt	229282	28	0
chr11_KI270927v1_alt	218612	21	2
chr19_GL949748v2_alt	1064304	9	1
chr22_KI270928v1_alt	176103	9	0
chr19_KI270929v1_alt	186203	4	0
chr19_KI270930v1_alt	200773	2	0
chr19_KI270931v1_alt	170148	0	0
chr19_KI270932v1_alt	215732	2	0
chr19_KI270933v1_alt	170537	0	0
chr19_GL000209v2_alt	177381	4	0
chr3_KI270934v1_alt	163458	10	0
chr6_GL000253v2_alt	4677643	165	3
chr19_GL949749v2_alt	1091841	4	0
chr3_KI270935v1_alt	197351	11	1
chr6_GL000254v2_alt	4827813	171	2
chr19_GL949750v2_alt	1066390	19	1
chr3_KI270936v1_alt	164170	16	0
chr6_GL000255v2_alt	4606388	197	1
chr19_GL949751v2_alt	1002683	8	0
chr3_KI270937v1_alt	165607	8	0
chr6_GL000256v2_alt	4929269	241	5
chr19_GL949752v1_alt	987100	43	0
chr6_KI270758v1_alt	76752	2	0
chr19_GL949753v2_alt	796479	15	0
chr19_KI270938v1_alt	1066800	58	1
chrM	16569	558	9
chrUn_KI270302v1	2274	0	0
chrUn_KI270304v1	2165	0	0
chrUn_KI270303v1	1942	0	0
chrUn_KI270305v1	1472	0	0
chrUn_KI270322v1	21476	2	0
chrUn_KI270320v1	4416	4	0
chrUn_KI270310v1	1201	0	0
chrUn_KI270316v1	1444	0	0
chrUn_KI270315v1	2276	0	0
chrUn_KI270312v1	998	0	0
chrUn_KI270311v1	12399	0	0
chrUn_KI270317v1	37690	0	0
chrUn_KI270412v1	1179	0	0
chrUn_KI270411v1	2646	0	0
chrUn_KI270414v1	2489	0	0
chrUn_KI270419v1	1029	0	0
chrUn_KI270418v1	2145	0	0
chrUn_KI270420v1	2321	0	0
chrUn_KI270424v1	2140	0	0
chrUn_KI270417v1	2043	0	0
chrUn_KI270422v1	1445	0	0
chrUn_KI270423v1	981	0	0
chrUn_KI270425v1	1884	0	0
chrUn_KI270429v1	1361	0	0
chrUn_KI270442v1	392061	227	3
chrUn_KI270466v1	1233	0	0
chrUn_KI270465v1	1774	0	0
chrUn_KI270467v1	3920	4	0
chrUn_KI270435v1	92983	5	0
chrUn_KI270438v1	112505	685	2
chrUn_KI270468v1	4055	0	0
chrUn_KI270510v1	2415	0	0
chrUn_KI270509v1	2318	0	0
chrUn_KI270518v1	2186	2	0
chrUn_KI270508v1	1951	0	0
chrUn_KI270516v1	1300	0	0
chrUn_KI270512v1	22689	10	0
chrUn_KI270519v1	138126	30	0
chrUn_KI270522v1	5674	2	0
chrUn_KI270511v1	8127	0	0
chrUn_KI270515v1	6361	0	0
chrUn_KI270507v1	5353	0	0
chrUn_KI270517v1	3253	0	0
chrUn_KI270529v1	1899	0	0
chrUn_KI270528v1	2983	0	0
chrUn_KI270530v1	2168	0	0
chrUn_KI270539v1	993	0	0
chrUn_KI270538v1	91309	10	0
chrUn_KI270544v1	1202	0	0
chrUn_KI270548v1	1599	0	0
chrUn_KI270583v1	1400	0	0
chrUn_KI270587v1	2969	0	0
chrUn_KI270580v1	1553	0	0
chrUn_KI270581v1	7046	2	0
chrUn_KI270579v1	31033	2	0
chrUn_KI270589v1	44474	5	0
chrUn_KI270590v1	4685	0	0
chrUn_KI270584v1	4513	2	0
chrUn_KI270582v1	6504	0	0
chrUn_KI270588v1	6158	0	0
chrUn_KI270593v1	3041	0	0
chrUn_KI270591v1	5796	2	0
chrUn_KI270330v1	1652	6	0
chrUn_KI270329v1	1040	0	0
chrUn_KI270334v1	1368	0	0
chrUn_KI270333v1	2699	0	0
chrUn_KI270335v1	1048	0	0
chrUn_KI270338v1	1428	0	0
chrUn_KI270340v1	1428	0	0
chrUn_KI270336v1	1026	0	0
chrUn_KI270337v1	1121	0	0
chrUn_KI270363v1	1803	0	0
chrUn_KI270364v1	2855	0	0
chrUn_KI270362v1	3530	0	0
chrUn_KI270366v1	8320	0	0
chrUn_KI270378v1	1048	0	0
chrUn_KI270379v1	1045	0	0
chrUn_KI270389v1	1298	0	0
chrUn_KI270390v1	2387	2	0
chrUn_KI270387v1	1537	0	0
chrUn_KI270395v1	1143	0	0
chrUn_KI270396v1	1880	0	0
chrUn_KI270388v1	1216	0	0
chrUn_KI270394v1	970	0	0
chrUn_KI270386v1	1788	0	0
chrUn_KI270391v1	1484	0	0
chrUn_KI270383v1	1750	0	0
chrUn_KI270393v1	1308	0	0
chrUn_KI270384v1	1658	0	0
chrUn_KI270392v1	971	0	0
chrUn_KI270381v1	1930	0	0
chrUn_KI270385v1	990	0	0
chrUn_KI270382v1	4215	0	0
chrUn_KI270376v1	1136	0	0
chrUn_KI270374v1	2656	0	0
chrUn_KI270372v1	1650	0	0
chrUn_KI270373v1	1451	0	0
chrUn_KI270375v1	2378	0	0
chrUn_KI270371v1	2805	0	0
chrUn_KI270448v1	7992	0	0
chrUn_KI270521v1	7642	0	0
chrUn_GL000195v1	182896	16	0
chrUn_GL000219v1	179198	40	0
chrUn_GL000220v1	161802	441	35
chrUn_GL000224v1	179693	164	1
chrUn_KI270741v1	157432	32	0
chrUn_GL000226v1	15008	6	0
chrUn_GL000213v1	164239	21	0
chrUn_KI270743v1	210658	74	1
chrUn_KI270744v1	168472	118	0
chrUn_KI270745v1	41891	12	0
chrUn_KI270746v1	66486	14	0
chrUn_KI270747v1	198735	27	0
chrUn_KI270748v1	93321	66	0
chrUn_KI270749v1	158759	41	0
chrUn_KI270750v1	148850	46	0
chrUn_KI270751v1	150742	45	2
chrUn_KI270752v1	27745	0	0
chrUn_KI270753v1	62944	19	0
chrUn_KI270754v1	40191	30	0
chrUn_KI270755v1	36723	2	0
chrUn_KI270756v1	79590	20	0
chrUn_KI270757v1	71251	32	0
chrUn_GL000214v1	137718	73	1
chrUn_KI270742v1	186739	82	0
chrUn_GL000216v2	176608	208	2
chrUn_GL000218v1	161147	76	0
chrX	156040895	329887	3172
chrY	57227415	2120	27
chrY_KI270740v1_random	37240	0	0
chr1_KQ031383v1_fix	467143	53	0
chr1_KQ983255v1_alt	278659	19	0
chr1_KN538361v1_fix	305542	48	0
chr1_KQ458383v1_alt	349938	62	3
chr1_KN196473v1_fix	166200	19	1
chr1_KZ208904v1_alt	166136	23	1
chr1_KN196472v1_fix	186494	41	0
chr1_KZ208905v1_alt	140355	10	0
chr1_KQ458382v1_alt	141019	4	0
chr1_KV880763v1_alt	551020	43	1
chr1_KN196474v1_fix	122022	20	0
chr1_KN538360v1_fix	460100	77	2
chr1_KZ208906v1_fix	330031	48	1
chr1_KQ458384v1_alt	212205	35	1
chr2_KQ031384v1_fix	481245	118	2
chr2_KZ208907v1_alt	181658	14	0
chr2_KQ983256v1_alt	535088	65	0
chr2_KZ208908v1_alt	140361	38	1
chr2_KN538363v1_fix	365499	74	0
chr2_KN538362v1_fix	208149	25	2
chr3_KV766192v1_fix	411654	39	1
chr3_KN196475v1_fix	451168	59	2
chr3_KQ031385v1_fix	373699	45	0
chr3_KN538364v1_fix	415308	91	2
chr3_KZ208909v1_alt	175849	28	0
chr3_KQ031386v1_fix	165718	2	0
chr3_KN196476v1_fix	305979	27	0
chr4_KQ090013v1_alt	90922	29	0
chr4_KQ090014v1_alt	163749	6	0
chr4_KQ090015v1_alt	236512	21	0
chr4_KV766193v1_alt	420675	48	0
chr4_KQ983257v1_fix	230434	49	1
chr4_KQ983258v1_alt	205407	29	0
chr5_KZ208910v1_alt	135987	12	2
chr5_KN196477v1_alt	139087	16	0
chr5_KV575243v1_alt	362221	68	1
chr5_KV575244v1_fix	673059	1454	12
chr6_KZ208911v1_fix	242796	49	0
chr6_KQ090017v1_alt	82315	6	0
chr6_KQ031387v1_fix	320750	15	1
chr6_KN196478v1_fix	268330	24	0
chr6_KQ090016v1_fix	245716	53	2
chr6_KV766194v1_fix	139427	20	0
chr7_KV880764v1_fix	142129	20	0
chr7_KV880765v1_fix	468267	49	1
chr7_KZ208912v1_fix	589656	81	1
chr7_KZ208913v1_alt	680662	73	2
chr7_KQ031388v1_fix	179932	22	0
chr8_KZ208915v1_fix	6367528	1191	8
chr8_KV880767v1_fix	265876	45	0
chr8_KV880766v1_fix	156998	9	0
chr8_KZ208914v1_fix	165120	15	0
chr9_KQ090018v1_alt	163882	20	0
chr9_KQ090019v1_alt	134099	6	0
chr9_KN196479v1_fix	330164	93	1
chr10_KN538367v1_fix	420164	32	0
chr10_KQ090020v1_alt	185507	36	0
chr10_KN196480v1_fix	277797	77	1
chr10_KQ090021v1_fix	264545	31174	186
chr10_KN538366v1_fix	85284	11	0
chr10_KN538365v1_fix	14347	2	0
chr11_KQ759759v1_fix	196940	15	1
chr11_KN538368v1_alt	203552	16	0
chr11_KV766195v1_fix	140877	20	1
chr11_KQ090022v1_fix	181958	31	0
chr11_KN196481v1_fix	108875	16	0
chr12_KQ090023v1_alt	109323	12	0
chr12_KZ208916v1_fix	1046838	266	3
chr12_KN538369v1_fix	541038	153	3
chr12_KN196482v1_fix	211377	28	0
chr12_KZ208918v1_alt	174808	22	0
chr12_KQ759760v1_fix	315610	20	0
chr12_KZ208917v1_fix	64689	21	0
chr12_KN538370v1_fix	86533	17	0
chr13_KN538372v1_fix	356766	138	1
chr13_KQ090024v1_alt	168146	10	0
chr13_KN196483v1_fix	35455	4	0
chr13_KN538373v1_fix	148762	16	0
chr13_KQ090025v1_alt	123480	17	0
chr13_KN538371v1_fix	206320	42	2
chr14_KZ208920v1_fix	690932	115	1
chr14_KZ208919v1_alt	171798	24	1
chr15_KN538374v1_fix	4998962	432	3
chr15_KQ031389v1_alt	2365364	99	0
chr16_KQ090026v1_alt	59016	5	1
chr16_KV880768v1_fix	1927115	534	4
chr16_KQ090027v1_alt	267463	34	0
chr16_KZ208921v1_alt	78609	12	0
chr16_KQ031390v1_alt	169136	20	0
chr17_KV766196v1_fix	281919	53	1
chr17_KV575245v1_fix	154723	30	0
chr17_KV766198v1_alt	276292	77	1
chr17_KV766197v1_alt	246895	27	0
chr18_KQ458385v1_alt	205101	37	0
chr18_KQ090028v1_fix	407387	49	1
chr18_KZ208922v1_fix	93070	10	0
chr19_KQ458386v1_fix	405389	58	1
chr19_KN196484v1_fix	370917	69	0
chr19_KV575246v1_alt	163926	2	0
chr19_KV575247v1_alt	170206	2	0
chr19_KV575248v1_alt	168131	2	0
chr19_KV575249v1_alt	293522	2	0
chr19_KV575250v1_alt	241058	2	0
chr19_KV575251v1_alt	159285	4	0
chr19_KV575252v1_alt	178197	2	0
chr19_KV575253v1_alt	166713	0	0
chr19_KV575254v1_alt	99845	2	0
chr19_KV575255v1_alt	161095	0	0
chr19_KV575256v1_alt	223118	4	0
chr19_KV575257v1_alt	100553	0	0
chr19_KV575259v1_alt	171263	1	1
chr19_KV575260v1_alt	145691	5	0
chr19_KV575258v1_alt	156965	4	0
chr22_KN196485v1_alt	156562	6	0
chr22_KQ458387v1_alt	155930	8	0
chr22_KQ458388v1_alt	174749	4	0
chr22_KN196486v1_alt	153027	10	0
chr22_KQ759761v1_alt	145162	2	0
chr22_KQ759762v1_fix	101037	6	0
chrX_KV766199v1_alt	188004	16	0
chrY_KZ208923v1_fix	48370	0	0
chrY_KZ208924v1_fix	209722	0	0
chrY_KN196487v1_fix	101150	103	2
chr1_KZ559100v1_fix	44955	0	0
chr3_KZ559104v1_fix	105527	2	0
chr3_KZ559105v1_alt	195063	18	0
chr3_KZ559103v1_alt	302885	62	1
chr3_KZ559102v1_alt	197752	28	1
chr3_KZ559101v1_alt	164041	9	0
chr7_KZ559106v1_alt	172555	6	0
chr8_KZ559107v1_alt	103072	16	0
chr11_KZ559109v1_fix	279644	42	0
chr11_KZ559108v1_fix	305244	19	0
chr11_KZ559111v1_alt	181167	9	0
chr11_KZ559110v1_alt	301637	41	0
chr12_KZ559112v1_alt	154139	19	2
chr16_KZ559113v1_fix	480415	68	2
chr17_KZ559114v1_alt	116753	11	0
chr18_KZ559116v1_alt	163186	23	1
chr18_KZ559115v1_fix	230843	16	0
chr2_ML143342v1_fix	84043	10	0
chr2_ML143341v1_fix	145975	23	0
chr3_ML143343v1_alt	215443	23	0
chr4_ML143344v1_fix	235734	25	1
chr4_ML143347v1_fix	176674	19	3
chr4_ML143346v1_fix	53476	4	0
chr4_ML143348v1_fix	125549	15	0
chr4_ML143345v1_fix	341066	274	2
chr4_ML143349v1_fix	276109	13	0
chr5_ML143350v1_fix	89956	12	0
chr6_ML143351v1_fix	73265	0	0
chr7_ML143352v1_fix	254759	134	3
chr9_ML143353v1_fix	25408	4	0
chr10_ML143354v1_fix	454963	1509	11
chr10_ML143355v1_fix	292944	50	0
chr11_ML143358v1_fix	270122	44	1
chr11_ML143360v1_fix	170928	29	0
chr11_ML143359v1_fix	217075	61	3
chr11_ML143357v1_fix	165419	11	1
chr11_ML143356v1_fix	45257	5	0
chr12_ML143362v1_fix	192531	36	0
chr12_ML143361v1_fix	297568	55	2
chr13_ML143366v1_fix	409912	39	0
chr13_ML143363v1_fix	7309	0	0
chr13_ML143364v1_fix	158944	31	0
chr13_ML143365v1_fix	65394	9	1
chr14_ML143367v1_fix	399183	43	0
chr14_ML143368v1_alt	264228	23	0
chr15_ML143372v1_fix	396515	61	1
chr15_ML143371v1_fix	5500449	10565	83
chr15_ML143370v1_fix	369264	62	0
chr15_ML143369v1_fix	97763	25	1
chr16_ML143373v1_fix	270967	182	2
chr17_ML143374v1_fix	137908	25	0
chr17_ML143375v1_fix	56695	4	0
chr19_ML143376v1_fix	493165	104	1
chr21_ML143377v1_fix	519485	647	30
chr22_ML143380v1_fix	412368	37	0
chr22_ML143378v1_fix	461303	32	0
chr22_ML143379v1_fix	12295	0	0
chrX_ML143385v1_fix	17435	2	0
chrX_ML143382v1_fix	28824	6	0
chrX_ML143383v1_fix	68192	4	0
chrX_ML143381v1_fix	403128	48	1
chrX_ML143384v1_fix	14678	0	0
chr1_MU273333v1_fix	1572686	279	4
chr1_MU273330v1_alt	516764	128	4
chr1_MU273335v1_fix	211934	63	5
chr1_MU273336v1_fix	250447	27	1
chr1_MU273331v1_alt	847441	54	2
chr1_MU273334v1_fix	210426	36	0
chr1_MU273332v1_alt	335159	23	0
chr2_MU273344v1_fix	244725	37	1
chr2_MU273345v1_fix	174385	7	0
chr2_MU273343v1_fix	489404	86	1
chr2_MU273340v1_alt	284971	51	0
chr2_MU273337v1_alt	431782	46	0
chr2_MU273342v1_fix	955087	106	3
chr2_MU273339v1_alt	500581	60	1
chr2_MU273338v1_alt	535251	101	3
chr2_MU273341v1_fix	120381	10	0
chr3_MU273347v1_fix	301310	42	2
chr3_MU273348v1_fix	475876	116	1
chr3_MU273346v1_fix	469342	57	0
chr4_MU273351v1_fix	205691	27	1
chr4_MU273349v1_alt	308682	34	0
chr4_MU273350v1_fix	113364	12	0
chr5_MU273354v1_fix	2101585	235	2
chr5_MU273353v1_fix	208405	47	1
chr5_MU273356v1_alt	302485	16	0
chr5_MU273355v1_fix	508332	51	2
chr5_MU273352v1_fix	34400	28	0
chr6_MU273357v1_alt	383128	37	0
chr7_MU273358v1_alt	464417	64	0
chr8_MU273362v1_fix	429744	52	0
chr8_MU273359v1_fix	150302	28	0
chr8_MU273361v1_fix	106905	20	0
chr8_MU273363v1_fix	207371	33	0
chr8_MU273360v1_fix	39290	6	0
chr9_MU273366v1_fix	569668	96	0
chr9_MU273364v1_fix	340717	41	1
chr9_MU273365v1_fix	482250	70	0
chr10_MU273367v1_fix	196262	1207	1
chr11_KQ759759v2_fix	204999	17	1
chr11_MU273369v1_fix	434831	51	3
chr11_MU273371v1_fix	122722	23	0
chr11_MU273370v1_fix	344606	10	0
chr11_MU273368v1_alt	261194	23	0
chr12_MU273372v1_fix	104537	29	1
chr14_MU273373v1_fix	722645	93	3
chr15_MU273375v1_alt	204007	31	1
chr15_MU273374v1_fix	1154574	214	2
chr16_MU273376v1_fix	87715	9	0
chr16_MU273377v1_fix	334997	39	0
chr17_MU273380v1_fix	538541	133868	812
chr17_MU273378v1_alt	372839	47	1
chr17_MU273383v1_fix	172609	25	0
chr17_MU273379v1_fix	234878	32	1
chr17_MU273382v1_fix	187626	35	2
chr17_MU273381v1_fix	144689	41	0
chr19_MU273386v1_fix	226166	42	0
chr19_MU273387v1_alt	89211	10	0
chr19_MU273384v1_fix	333754	58	0
chr19_MU273385v1_fix	137818	20	0
chr20_MU273388v1_fix	273725	37	1
chr20_MU273389v1_fix	355731	38935	271
chr21_MU273390v1_fix	336752	62	0
chr21_MU273391v1_fix	1020778	114	0
chr21_MU273392v1_fix	189707	51	1
chr22_KQ759762v2_fix	101040	11	1
chrX_MU273397v1_alt	330493	48	0
chrX_MU273393v1_fix	68810	11	0
chrX_MU273394v1_fix	140567	25	0
chrX_MU273396v1_alt	294119	14	0
chrX_MU273395v1_alt	619716	74	1
chrY_MU273398v1_fix	865743	0	0
*	0	0	64812
