## htsjdk.samtools.metrics.StringHeader
# CollectInsertSizeMetrics --Histogram_FILE metrics/SRR5933778_InsertSize_histogram.pdf --MINIMUM_PCT 0.5 --INPUT post_aligned/SRR5933778_fixed_sorted.bam --OUTPUT metrics/SRR5933778_InsertSize.txt --DEVIATIONS 10.0 --METRIC_ACCUMULATION_LEVEL ALL_READS --INCLUDE_DUPLICATES false --ASSUME_SORTED true --STOP_AFTER 0 --VERBOSITY INFO --QUIET false --VALIDATION_STRINGENCY STRICT --COMPRESSION_LEVEL 2 --MAX_RECORDS_IN_RAM 500000 --CREATE_INDEX false --CREATE_MD5_FILE false --GA4GH_CLIENT_SECRETS client_secrets.json --help false --version false --showHidden false --USE_JDK_DEFLATER false --USE_JDK_INFLATER false
## htsjdk.samtools.metrics.StringHeader
# Started on: Sat Mar 08 20:34:49 BDT 2025

## METRICS CLASS	picard.analysis.InsertSizeMetrics
MEDIAN_INSERT_SIZE	MODE_INSERT_SIZE	MEDIAN_ABSOLUTE_DEVIATION	MIN_INSERT_SIZE	MAX_INSERT_SIZE	MEAN_INSERT_SIZE	STANDARD_DEVIATION	READ_PAIRS	PAIR_ORIENTATION	WIDTH_OF_10_PERCENT	WIDTH_OF_20_PERCENT	WIDTH_OF_30_PERCENT	WIDTH_OF_40_PERCENT	WIDTH_OF_50_PERCENT	WIDTH_OF_60_PERCENT	WIDTH_OF_70_PERCENT	WIDTH_OF_80_PERCENT	WIDTH_OF_90_PERCENT	WIDTH_OF_95_PERCENT	WIDTH_OF_99_PERCENT	SAMPLE	LIBRARY	READ_GROUP
229	154	78	2	225457876	259.849112	136.069238	4996466	FR	31	63	93	125	157	191	227	297	435	601	953			

## HISTOGRAM	java.lang.Integer
insert_size	All_Reads.fr_count
2	6
3	4
4	13
5	10
6	15
7	10
8	4
9	8
10	695
11	758
12	732
13	796
14	845
15	884
16	974
17	1029
18	1036
19	1178
20	1195
21	1111
22	1199
23	1305
24	1307
25	1325
26	1374
27	1491
28	1666
29	1688
30	1726
31	1770
32	1753
33	1774
34	1865
35	1816
36	1957
37	2036
38	2155
39	2211
40	2216
41	2300
42	2231
43	2356
44	2318
45	2303
46	2383
47	2509
48	2586
49	2779
50	2786
51	2816
52	2737
53	2766
54	2683
55	2750
56	2838
57	2753
58	2800
59	2883
60	2861
61	2938
62	2988
63	2835
64	2797
65	2786
66	2708
67	2614
68	2725
69	2722
70	2679
71	2651
72	2575
73	2451
74	2329
75	2252
76	2170
77	2045
78	2074
79	1878
80	1686
81	1549
82	1412
83	1195
84	1168
85	948
86	923
87	861
88	777
89	770
90	761
91	683
92	299
93	583
94	827
95	417
96	934
97	690
98	1497
99	1345
100	964
101	2340
102	844
103	11928
104	14942
105	15108
106	15154
107	15229
108	15584
109	15525
110	16026
111	16373
112	16656
113	16897
114	17013
115	16967
116	17103
117	17118
118	17463
119	17439
120	17661
121	17907
122	18229
123	18552
124	18324
125	18597
126	18457
127	18453
128	18679
129	18739
130	18903
131	18941
132	19353
133	19150
134	19382
135	19617
136	19502
137	19784
138	19698
139	19448
140	19634
141	19402
142	19616
143	20070
144	20091
145	19868
146	20041
147	20067
148	20053
149	20044
150	20336
151	19748
152	20057
153	20264
154	20432
155	20269
156	20389
157	20311
158	20321
159	20089
160	20103
161	19842
162	19866
163	19925
164	20103
165	20183
166	20132
167	19875
168	19895
169	19837
170	19825
171	19871
172	19740
173	19695
174	19992
175	19808
176	19873
177	19908
178	19490
179	19569
180	19197
181	19123
182	19123
183	18920
184	19141
185	18983
186	19447
187	19221
188	19125
189	18855
190	18829
191	18831
192	18914
193	18442
194	18547
195	18784
196	18480
197	18765
198	18519
199	18136
200	18100
201	18214
202	18353
203	18071
204	18020
205	17789
206	17924
207	17920
208	17880
209	17934
210	17568
211	17718
212	17620
213	17220
214	17408
215	17335
216	17013
217	17199
218	17191
219	16946
220	16718
221	16790
222	16550
223	16806
224	16545
225	16610
226	16708
227	16413
228	16264
229	16093
230	16199
231	16322
232	16110
233	15970
234	15774
235	15780
236	15740
237	15630
238	15492
239	15863
240	15646
241	15478
242	15618
243	15021
244	14894
245	15241
246	15149
247	14797
248	14818
249	14779
250	14865
251	14474
252	14438
253	14534
254	14511
255	14164
256	14128
257	13996
258	13997
259	13836
260	13792
261	13858
262	13764
263	13499
264	13591
265	13708
266	13347
267	13505
268	13308
269	13182
270	13319
271	12986
272	12887
273	12864
274	12918
275	12818
276	12760
277	12571
278	12654
279	12721
280	12497
281	12333
282	12708
283	12315
284	12457
285	12121
286	12255
287	11947
288	11892
289	11824
290	11892
291	11729
292	11616
293	11679
294	11431
295	11556
296	11524
297	11236
298	11142
299	11061
300	10792
301	11095
302	10955
303	10886
304	10795
305	10965
306	10578
307	10699
308	10605
309	10521
310	10615
311	10560
312	10198
313	10071
314	10287
315	10020
316	9974
317	10051
318	9823
319	9832
320	9822
321	9633
322	9617
323	9598
324	9487
325	9425
326	9521
327	9228
328	9178
329	9331
330	9352
331	9091
332	9077
333	8921
334	9035
335	8673
336	8805
337	8747
338	8639
339	8679
340	8768
341	8299
342	8410
343	8473
344	8142
345	8272
346	8163
347	8141
348	8022
349	7992
350	7852
351	8021
352	7932
353	7820
354	7809
355	7622
356	7673
357	7582
358	7625
359	7625
360	7364
361	7360
362	7356
363	7186
364	7010
365	7229
366	7042
367	7060
368	6988
369	6980
370	7154
371	6862
372	6761
373	6692
374	6782
375	6313
376	6454
377	6494
378	6494
379	6443
380	6354
381	6272
382	6416
383	6328
384	6186
385	6316
386	6284
387	6127
388	6064
389	6113
390	5999
391	5760
392	5879
393	5851
394	5749
395	5706
396	5754
397	5620
398	5764
399	5629
400	5513
401	5616
402	5438
403	5538
404	5368
405	5360
406	5233
407	5314
408	5364
409	5100
410	5222
411	5030
412	5030
413	5071
414	4855
415	4905
416	5004
417	4896
418	4938
419	4928
420	4739
421	4784
422	4808
423	4732
424	4603
425	4765
426	4570
427	4529
428	4549
429	4460
430	4343
431	4386
432	4482
433	4432
434	4292
435	4317
436	4198
437	4245
438	4288
439	4238
440	4262
441	4092
442	4026
443	4142
444	3987
445	3992
446	4042
447	3994
448	3895
449	3940
450	3886
451	3868
452	3801
453	3784
454	3712
455	3704
456	3781
457	3686
458	3687
459	3599
460	3528
461	3602
462	3667
463	3395
464	3597
465	3485
466	3511
467	3410
468	3494
469	3417
470	3273
471	3285
472	3210
473	3262
474	3242
475	3306
476	3157
477	3161
478	3218
479	3166
480	3265
481	3073
482	3067
483	2972
484	3012
485	2962
486	3000
487	2975
488	2918
489	2890
490	2827
491	2866
492	2760
493	2782
494	2743
495	2803
496	2765
497	2748
498	2762
499	2657
500	2591
501	2600
502	2622
503	2634
504	2560
505	2462
506	2571
507	2605
508	2450
509	2441
510	2480
511	2413
512	2428
513	2392
514	2433
515	2441
516	2331
517	2293
518	2330
519	2441
520	2302
521	2198
522	2198
523	2197
524	2208
525	2279
526	2194
527	2138
528	2093
529	2193
530	2129
531	2062
532	2060
533	2093
534	2008
535	2018
536	2015
537	1976
538	1960
539	2000
540	1944
541	1843
542	1938
543	1966
544	1818
545	1889
546	1856
547	1820
548	1868
549	1827
550	1819
551	1751
552	1835
553	1786
554	1813
555	1697
556	1669
557	1714
558	1677
559	1738
560	1685
561	1502
562	1643
563	1613
564	1652
565	1562
566	1618
567	1590
568	1549
569	1567
570	1515
571	1524
572	1506
573	1507
574	1465
575	1452
576	1458
577	1365
578	1480
579	1430
580	1419
581	1353
582	1346
583	1342
584	1380
585	1323
586	1320
587	1362
588	1283
589	1267
590	1347
591	1292
592	1269
593	1277
594	1323
595	1251
596	1260
597	1204
598	1230
599	1191
600	1146
601	1182
602	1206
603	1119
604	1174
605	1177
606	1149
607	1144
608	1132
609	1169
610	1105
611	1112
612	1087
613	1068
614	1108
615	1047
616	1016
617	1108
618	1057
619	1084
620	975
621	1001
622	1025
623	958
624	972
625	1056
626	998
627	970
628	1007
629	944
630	969
631	964
632	947
633	944
634	918
635	899
636	877
637	912
638	917
639	863
640	912
641	864
642	870
643	863
644	826
645	809
646	837
647	832
648	801
649	814
650	840
651	810
652	803
653	802
654	731
655	781
656	763
657	759
658	754
659	774
660	781
661	747
662	720
663	778
664	721
665	736
666	713
667	662
668	688
669	703
670	710
671	673
672	665
673	696
674	626
675	623
676	639
677	710
678	629
679	612
680	676
681	632
682	569
683	656
684	609
685	612
686	639
687	598
688	580
689	591
690	573
691	562
692	591
693	566
694	565
695	574
696	541
697	538
698	530
699	562
700	532
701	509
702	546
703	506
704	539
705	552
706	466
707	500
708	525
709	479
710	517
711	525
712	488
713	458
714	445
715	483
716	505
717	486
718	479
719	425
720	446
721	455
722	454
723	451
724	461
725	427
726	435
727	416
728	446
729	425
730	424
731	436
732	381
733	438
734	449
735	400
736	390
737	407
738	412
739	370
740	359
741	388
742	390
743	381
744	383
745	362
746	406
747	366
748	359
749	330
750	333
751	343
752	347
753	338
754	352
755	373
756	334
757	317
758	332
759	350
760	316
761	325
762	323
763	325
764	291
765	304
766	296
767	334
768	319
769	299
770	284
771	286
772	309
773	266
774	278
775	285
776	284
777	267
778	248
779	251
780	243
781	263
782	225
783	246
784	255
785	232
786	232
787	249
788	241
789	231
790	221
791	232
792	226
793	237
794	224
795	189
796	254
797	219
798	208
799	226
800	192
801	213
802	225
803	203
804	191
805	197
806	192
807	208
808	186
809	170
810	196
811	163
812	168
813	140
814	146
815	186
816	166
817	151
818	160
819	171
820	161
821	174
822	156
823	138
824	168
825	159
826	162
827	158
828	164
829	138
830	155
831	171
832	139
833	151
834	152
835	134
836	117
837	126
838	105
839	133
840	130
841	108
842	108
843	124
844	118
845	127
846	117
847	124
848	127
849	105
850	106
851	127
852	115
853	121
854	110
855	113
856	135
857	103
858	108
859	140
860	106
861	101
862	102
863	94
864	90
865	110
866	93
867	101
868	97
869	81
870	104
871	85
872	108
873	100
874	88
875	82
876	86
877	68
878	75
879	78
880	90
881	66
882	68
883	63
884	82
885	74
886	76
887	81
888	61
889	61
890	75
891	69
892	58
893	65
894	69
895	62
896	62
897	53
898	63
899	72
900	52
901	51
902	55
903	66
904	53
905	64
906	56
907	57
908	48
909	55
910	50
911	45
912	44
913	47
914	45
915	53
916	45
917	46
918	49
919	55
920	47
921	46
922	42
923	42
924	46
925	37
926	49
927	47
928	46
929	40
930	37
931	37
932	43
933	45
934	46
935	39
936	27
937	34
938	30
939	45
940	44
941	33
942	28
943	37
944	29
945	37
946	27
947	29
948	35
949	46
950	29
951	27
952	23
953	35
954	18
955	21
956	26
957	30
958	24
959	17
960	25
961	42
962	27
963	24
964	29
965	26
966	33
967	39
968	21
969	17
970	19
971	17
972	15
973	16
974	26
975	11
976	22
977	23
978	15
979	24
980	19
981	19
982	17
983	20
984	15
985	18
986	13
987	20
988	12
989	15
990	16
991	18
992	21
993	23
994	10
995	11
996	17
997	18
998	12
999	14
1000	17
1001	12
1002	14
1003	18
1004	13
1005	14
1006	11
1007	13
1008	11
1009	18

