## htsjdk.samtools.metrics.StringHeader
# CollectOxoGMetrics --INPUT post_aligned/SRR5933778_fixed_sorted.bam --OUTPUT metrics/SRR5933778_OxoGMetrics.txt --REFERENCE_SEQUENCE ref/hg38.p14.fa --MINIMUM_QUALITY_SCORE 20 --MINIMUM_MAPPING_QUALITY 30 --MINIMUM_INSERT_SIZE 60 --MAXIMUM_INSERT_SIZE 600 --INCLUDE_NON_PF_READS true --USE_OQ true --CONTEXT_SIZE 1 --STOP_AFTER 2147483647 --VERBOSITY INFO --QUIET false --VALIDATION_STRINGENCY STRICT --COMPRESSION_LEVEL 2 --MAX_RECORDS_IN_RAM 500000 --CREATE_INDEX false --CREATE_MD5_FILE false --GA4GH_CLIENT_SECRETS client_secrets.json --help false --version false --showHidden false --USE_JDK_DEFLATER false --USE_JDK_INFLATER false
## htsjdk.samtools.metrics.StringHeader
# Started on: Sat Mar 08 20:30:51 BDT 2025

## METRICS CLASS	picard.analysis.CollectOxoGMetrics$CpcgMetrics
SAMPLE_ALIAS	LIBRARY	CONTEXT	TOTAL_SITES	TOTAL_BASES	REF_NONOXO_BASES	REF_OXO_BASES	REF_TOTAL_BASES	ALT_NONOXO_BASES	ALT_OXO_BASES	OXIDATION_ERROR_RATE	OXIDATION_Q	C_REF_REF_BASES	G_REF_REF_BASES	C_REF_ALT_BASES	G_REF_ALT_BASES	C_REF_OXO_ERROR_RATE	C_REF_OXO_Q	G_REF_OXO_ERROR_RATE	G_REF_OXO_Q
SRR5933778	1	CCA	3651793	29824858	14848505	14953002	29801507	12106	11245	0	74.745784	14964236	14837271	14955	8396	0.000433	33.636798	0	100
SRR5933778	1	ACC	2291116	18498385	9228855	9254082	18482937	7201	8247	0.000057	42.476021	9247311	9235626	10421	5027	0.000582	32.353424	0	100
SRR5933778	1	CCC	2972295	24584629	12231870	12341331	24573201	5550	5878	0.000013	48.747898	12421588	12151613	8179	3249	0.000391	34.08138	0	100
SRR5933778	1	GCA	2772406	22285852	11104433	11162648	22267081	9267	9504	0.000011	49.732809	11082843	11184238	13347	5424	0.000718	31.438077	0	100
SRR5933778	1	TCT	3887302	28276031	14114443	14149276	28263719	6124	6188	0.000002	56.452385	14360349	13903370	9549	2763	0.000466	33.317774	0	100
SRR5933778	1	ACG	568911	5802846	2895988	2901239	5797227	2723	2896	0.00003	45.255949	2892007	2905220	3730	1889	0.000638	31.949657	0	100
SRR5933778	1	CCG	768186	8737169	4351559	4379991	8731550	2765	2854	0.00001	49.919807	4377725	4353825	3762	1857	0.000432	33.642419	0	100
SRR5933778	1	GCC	2605279	22622992	11273909	11334869	22608778	7070	7144	0.000003	54.853183	11347788	11260990	10961	3253	0.000676	31.699293	0	100
SRR5933778	1	GCG	628384	6460251	3214606	3240120	6454726	2685	2840	0.000024	46.199177	3205560	3249166	3906	1619	0.000719	31.432763	0	100
SRR5933778	1	ACT	2786956	19483133	9723938	9744864	19468802	6777	7554	0.00004	43.992378	9719950	9748852	10083	4248	0.000601	32.213263	0	100
SRR5933778	1	TCA	3467358	25681811	12808443	12853456	25661899	10182	9730	0	74.096256	12879094	12782805	13259	6653	0.000508	32.939268	0	100
SRR5933778	1	CCT	3587163	28358493	14136654	14209619	28346273	6023	6197	0.000006	52.121339	14314995	14031278	8958	3262	0.000393	34.056523	0	100
SRR5933778	1	TCC	3109612	25616354	12784186	12821433	25605619	5274	5461	0.000007	51.366757	12964771	12640848	8059	2676	0.00041	33.876702	0	100
SRR5933778	1	GCT	2774964	22745695	11345408	11387787	22733195	6080	6420	0.000015	48.254203	11390363	11342832	10026	2474	0.000661	31.79549	0	100
SRR5933778	1	TCG	523152	5725955	2856012	2866830	5722842	1518	1595	0.000013	48.713572	2879645	2843197	2268	845	0.00049	33.099237	0	100
SRR5933778	1	ACA	3421722	23305403	11607400	11661981	23269381	16655	19367	0.000116	39.341669	11566521	11702860	22167	13855	0.00073	31.364898	0	100


