chr1	248956422	11030909	137923
chr10	133797422	4668431	57682
chr11	135086622	6376468	81094
chr11_KI270721v1_random	100316	2988	37
chr12	133275309	5798087	73404
chr13	114364328	2175837	25926
chr14	107043718	3488370	43486
chr14_GL000009v2_random	201709	3409	33
chr14_GL000225v1_random	211173	17685	412
chr14_KI270722v1_random	194050	1847	24
chr14_GL000194v1_random	191469	10198	140
chr14_KI270723v1_random	38115	2160	42
chr14_KI270724v1_random	39555	1073	27
chr14_KI270725v1_random	172810	1947	27
chr14_KI270726v1_random	43739	664	12
chr15	101991189	3877104	48385
chr15_KI270727v1_random	448248	5868	73
chr16	90338345	4744015	62638
chr16_KI270728v1_random	1872759	40329	598
chr17	83257441	5857367	76518
chr17_GL000205v2_random	185591	1565	14
chr17_KI270729v1_random	280839	3496	33
chr17_KI270730v1_random	112551	1265	17
chr18	80373285	1906545	22810
chr19	58617616	5977583	80872
chr1_KI270706v1_random	175055	2954	30
chr1_KI270707v1_random	32032	264	7
chr1_KI270708v1_random	127682	389	8
chr1_KI270709v1_random	66860	2290	29
chr1_KI270710v1_random	40176	67	2
chr1_KI270711v1_random	42210	3172	40
chr1_KI270712v1_random	176043	4491	74
chr1_KI270713v1_random	40745	7336	90
chr1_KI270714v1_random	41717	1992	20
chr2	242193529	8226969	100170
chr20	64444167	2880211	37464
chr21	46709983	1270682	16180
chr22	50818468	2617705	34834
chr22_KI270731v1_random	150754	9757	124
chr22_KI270732v1_random	41543	1008	11
chr22_KI270733v1_random	179772	30563	447
chr22_KI270734v1_random	165050	15265	196
chr22_KI270735v1_random	42811	805	11
chr22_KI270736v1_random	181920	2352	45
chr22_KI270737v1_random	103838	314	5
chr22_KI270738v1_random	99375	240	5
chr22_KI270739v1_random	73985	63	1
chr2_KI270715v1_random	161471	271	3
chr2_KI270716v1_random	153799	214	3
chr3	198295559	6497031	79269
chr3_GL000221v1_random	155397	3720	33
chr4	190214555	4602791	54795
chr4_GL000008v2_random	209709	3112	36
chr5	181538259	5085757	62017
chr5_GL000208v1_random	92689	278	2
chr6	170805979	5032886	61312
chr7	159345973	5569711	70587
chr8	145138636	3887564	47317
chr9	138394717	4774734	60236
chr9_KI270717v1_random	40062	901	20
chr9_KI270718v1_random	38054	981	11
chr9_KI270719v1_random	176845	5378	58
chr9_KI270720v1_random	39050	2280	20
chr1_KI270762v1_alt	354444	21386	269
chr1_KI270766v1_alt	256271	8342	115
chr1_KI270760v1_alt	109528	1040	23
chr1_KI270765v1_alt	185285	1949	32
chr1_GL383518v1_alt	182439	11050	112
chr1_GL383519v1_alt	110268	25591	329
chr1_GL383520v2_alt	366580	3455	43
chr1_KI270764v1_alt	50258	308	1
chr1_KI270763v1_alt	911658	15483	184
chr1_KI270759v1_alt	425601	8071	85
chr1_KI270761v1_alt	165834	6653	94
chr2_KI270770v1_alt	136240	817	16
chr2_KI270773v1_alt	70887	1663	21
chr2_KI270774v1_alt	223625	5233	74
chr2_KI270769v1_alt	120616	4273	48
chr2_GL383521v1_alt	143390	701	8
chr2_KI270772v1_alt	133041	2018	37
chr2_KI270775v1_alt	138019	384	6
chr2_KI270771v1_alt	110395	263	4
chr2_KI270768v1_alt	110099	1220	13
chr2_GL582966v2_alt	96131	4709	50
chr2_GL383522v1_alt	123821	5942	76
chr2_KI270776v1_alt	174166	7454	79
chr2_KI270767v1_alt	161578	1364	17
chr3_JH636055v2_alt	173151	3890	44
chr3_KI270783v1_alt	109187	272	4
chr3_KI270780v1_alt	224108	2372	25
chr3_GL383526v1_alt	180671	1652	16
chr3_KI270777v1_alt	173649	4170	57
chr3_KI270778v1_alt	248252	508	7
chr3_KI270781v1_alt	113034	1357	25
chr3_KI270779v1_alt	205312	37267	334
chr3_KI270782v1_alt	162429	2948	48
chr3_KI270784v1_alt	184404	4201	61
chr4_KI270790v1_alt	220246	638	13
chr4_GL383528v1_alt	376187	703	8
chr4_KI270787v1_alt	111943	334	4
chr4_GL000257v2_alt	586476	11756	123
chr4_KI270788v1_alt	158965	383	3
chr4_GL383527v1_alt	164536	4748	58
chr4_KI270785v1_alt	119912	424	2
chr4_KI270789v1_alt	205944	1015	18
chr4_KI270786v1_alt	244096	532	11
chr5_KI270793v1_alt	126136	2194	34
chr5_KI270792v1_alt	179043	9517	124
chr5_KI270791v1_alt	195710	11357	154
chr5_GL383532v1_alt	82728	239	3
chr5_GL949742v1_alt	226852	582	3
chr5_KI270794v1_alt	164558	3321	36
chr5_GL339449v2_alt	1612928	29837	366
chr5_GL383530v1_alt	101241	284	2
chr5_KI270796v1_alt	172708	467	4
chr5_GL383531v1_alt	173459	450	5
chr5_KI270795v1_alt	131892	2701	27
chr6_GL000250v2_alt	4672374	48550	612
chr6_KI270800v1_alt	175808	1152	11
chr6_KI270799v1_alt	152148	250	0
chr6_GL383533v1_alt	124736	725	7
chr6_KI270801v1_alt	870480	11361	115
chr6_KI270802v1_alt	75005	471	11
chr6_KB021644v2_alt	185823	1033	11
chr6_KI270797v1_alt	197536	5822	69
chr6_KI270798v1_alt	271782	9027	117
chr7_KI270804v1_alt	157952	918	19
chr7_KI270809v1_alt	209586	6909	95
chr7_KI270806v1_alt	158166	3840	36
chr7_GL383534v2_alt	119183	6627	85
chr7_KI270803v1_alt	1111570	81399	1006
chr7_KI270808v1_alt	271455	2834	38
chr7_KI270807v1_alt	126434	1096	11
chr7_KI270805v1_alt	209988	2030	26
chr8_KI270818v1_alt	145606	1821	16
chr8_KI270812v1_alt	282736	2396	24
chr8_KI270811v1_alt	292436	2781	40
chr8_KI270821v1_alt	985506	20380	233
chr8_KI270813v1_alt	300230	10900	178
chr8_KI270822v1_alt	624492	10620	133
chr8_KI270814v1_alt	141812	1165	11
chr8_KI270810v1_alt	374415	1021	15
chr8_KI270819v1_alt	133535	4579	69
chr8_KI270820v1_alt	36640	650	7
chr8_KI270817v1_alt	158983	5111	66
chr8_KI270816v1_alt	305841	34911	455
chr8_KI270815v1_alt	132244	3065	54
chr9_GL383539v1_alt	162988	544	8
chr9_GL383540v1_alt	71551	2822	41
chr9_GL383541v1_alt	171286	3394	37
chr9_GL383542v1_alt	60032	521	6
chr9_KI270823v1_alt	439082	3977	45
chr10_GL383545v1_alt	179254	3316	38
chr10_KI270824v1_alt	181496	1794	40
chr10_GL383546v1_alt	309802	8019	94
chr10_KI270825v1_alt	188315	9504	126
chr11_KI270832v1_alt	210133	23900	380
chr11_KI270830v1_alt	177092	3020	49
chr11_KI270831v1_alt	296895	14533	203
chr11_KI270829v1_alt	204059	3598	28
chr11_GL383547v1_alt	154407	352	3
chr11_JH159136v1_alt	200998	6368	69
chr11_JH159137v1_alt	191409	3506	34
chr11_KI270827v1_alt	67707	499	4
chr11_KI270826v1_alt	186169	1206	16
chr12_GL877875v1_alt	167313	6604	92
chr12_GL877876v1_alt	408271	9682	108
chr12_KI270837v1_alt	40090	3338	78
chr12_GL383549v1_alt	120804	359	4
chr12_KI270835v1_alt	238139	6483	56
chr12_GL383550v2_alt	169178	1803	30
chr12_GL383552v1_alt	138655	633	9
chr12_GL383553v2_alt	152874	3654	40
chr12_KI270834v1_alt	119498	13565	173
chr12_GL383551v1_alt	184319	663	10
chr12_KI270833v1_alt	76061	4141	42
chr12_KI270836v1_alt	56134	459	4
chr13_KI270840v1_alt	191684	1593	21
chr13_KI270839v1_alt	180306	1628	21
chr13_KI270843v1_alt	103832	245	6
chr13_KI270841v1_alt	169134	352	4
chr13_KI270838v1_alt	306913	4280	47
chr13_KI270842v1_alt	37287	828	10
chr14_KI270844v1_alt	322166	6486	70
chr14_KI270847v1_alt	1511111	52153	649
chr14_KI270845v1_alt	180703	3935	56
chr14_KI270846v1_alt	1351393	77776	977
chr15_KI270852v1_alt	478999	5827	89
chr15_KI270851v1_alt	263054	11461	124
chr15_KI270848v1_alt	327382	10031	128
chr15_GL383554v1_alt	296527	7716	107
chr15_KI270849v1_alt	244917	3862	60
chr15_GL383555v2_alt	388773	7803	112
chr15_KI270850v1_alt	430880	18839	312
chr16_KI270854v1_alt	134193	5764	77
chr16_KI270856v1_alt	63982	1311	23
chr16_KI270855v1_alt	232857	15002	213
chr16_KI270853v1_alt	2659700	110741	1546
chr16_GL383556v1_alt	192462	8914	118
chr16_GL383557v1_alt	89672	2634	35
chr17_GL383563v3_alt	375691	5462	83
chr17_KI270862v1_alt	391357	8648	142
chr17_KI270861v1_alt	196688	22900	321
chr17_KI270857v1_alt	2877074	124550	1675
chr17_JH159146v1_alt	278131	17594	215
chr17_JH159147v1_alt	70345	1981	29
chr17_GL383564v2_alt	133151	11063	121
chr17_GL000258v2_alt	1821992	29951	480
chr17_GL383565v1_alt	223995	593	6
chr17_KI270858v1_alt	235827	658	12
chr17_KI270859v1_alt	108763	687	17
chr17_GL383566v1_alt	90219	739	15
chr17_KI270860v1_alt	178921	7038	114
chr18_KI270864v1_alt	111737	308	3
chr18_GL383567v1_alt	289831	1884	20
chr18_GL383570v1_alt	164789	510	6
chr18_GL383571v1_alt	198278	2586	31
chr18_GL383568v1_alt	104552	295	6
chr18_GL383569v1_alt	167950	773	13
chr18_GL383572v1_alt	159547	2970	25
chr18_KI270863v1_alt	167999	4963	64
chr19_KI270868v1_alt	61734	4716	76
chr19_KI270865v1_alt	52969	5343	60
chr19_GL383573v1_alt	385657	5425	72
chr19_GL383575v2_alt	170222	2907	31
chr19_GL383576v1_alt	188024	2790	39
chr19_GL383574v1_alt	155864	2852	29
chr19_KI270866v1_alt	43156	2546	39
chr19_KI270867v1_alt	233762	5496	84
chr19_GL949746v1_alt	987716	28621	367
chr20_GL383577v2_alt	128386	816	9
chr20_KI270869v1_alt	118774	5650	68
chr20_KI270871v1_alt	58661	2545	33
chr20_KI270870v1_alt	183433	10587	126
chr21_GL383578v2_alt	63917	160	1
chr21_KI270874v1_alt	166743	506	2
chr21_KI270873v1_alt	143900	869	12
chr21_GL383579v2_alt	201197	530	5
chr21_GL383580v2_alt	74653	2405	28
chr21_GL383581v2_alt	116689	4699	69
chr21_KI270872v1_alt	82692	8506	95
chr22_KI270875v1_alt	259914	12119	169
chr22_KI270878v1_alt	186262	4679	55
chr22_KI270879v1_alt	304135	25659	396
chr22_KI270876v1_alt	263666	4817	69
chr22_KI270877v1_alt	101331	3267	29
chr22_GL383583v2_alt	96924	1542	27
chr22_GL383582v2_alt	162811	3543	42
chrX_KI270880v1_alt	284869	1960	27
chrX_KI270881v1_alt	144206	1266	16
chr19_KI270882v1_alt	248807	2179	29
chr19_KI270883v1_alt	170399	1603	13
chr19_KI270884v1_alt	157053	738	10
chr19_KI270885v1_alt	171027	1635	11
chr19_KI270886v1_alt	204239	1136	16
chr19_KI270887v1_alt	209512	2550	32
chr19_KI270888v1_alt	155532	859	14
chr19_KI270889v1_alt	170698	1399	18
chr19_KI270890v1_alt	184499	1116	14
chr19_KI270891v1_alt	170680	1490	14
chr1_KI270892v1_alt	162212	6573	97
chr2_KI270894v1_alt	214158	4305	45
chr2_KI270893v1_alt	161218	1101	13
chr3_KI270895v1_alt	162896	13375	167
chr4_KI270896v1_alt	378547	3716	63
chr5_KI270897v1_alt	1144418	22017	279
chr5_KI270898v1_alt	130957	2867	40
chr6_GL000251v2_alt	4795265	121968	1689
chr7_KI270899v1_alt	190869	1493	18
chr8_KI270901v1_alt	136959	834	16
chr8_KI270900v1_alt	318687	4117	48
chr11_KI270902v1_alt	106711	18790	264
chr11_KI270903v1_alt	214625	4224	76
chr12_KI270904v1_alt	572349	18448	249
chr15_KI270906v1_alt	196384	4245	44
chr15_KI270905v1_alt	5161414	89424	1088
chr17_KI270907v1_alt	137721	1526	15
chr17_KI270910v1_alt	157099	4743	68
chr17_KI270909v1_alt	325800	12679	159
chr17_JH159148v1_alt	88070	2946	30
chr17_KI270908v1_alt	1423190	51675	634
chr18_KI270912v1_alt	174061	787	11
chr18_KI270911v1_alt	157710	2612	34
chr19_GL949747v2_alt	729520	12064	187
chr22_KB663609v1_alt	74013	2988	43
chrX_KI270913v1_alt	274009	4113	51
chr19_KI270914v1_alt	205194	1211	16
chr19_KI270915v1_alt	170665	1557	24
chr19_KI270916v1_alt	184516	1588	16
chr19_KI270917v1_alt	190932	1597	20
chr19_KI270918v1_alt	123111	1093	8
chr19_KI270919v1_alt	170701	1648	13
chr19_KI270920v1_alt	198005	1341	14
chr19_KI270921v1_alt	282224	2566	29
chr19_KI270922v1_alt	187935	1890	26
chr19_KI270923v1_alt	189352	1294	18
chr3_KI270924v1_alt	166540	14058	196
chr4_KI270925v1_alt	555799	3055	31
chr6_GL000252v2_alt	4604811	117545	1529
chr8_KI270926v1_alt	229282	4000	63
chr11_KI270927v1_alt	218612	17508	258
chr19_GL949748v2_alt	1064304	7352	125
chr22_KI270928v1_alt	176103	4067	43
chr19_KI270929v1_alt	186203	1388	17
chr19_KI270930v1_alt	200773	1130	9
chr19_KI270931v1_alt	170148	1433	19
chr19_KI270932v1_alt	215732	1253	22
chr19_KI270933v1_alt	170537	1292	14
chr19_GL000209v2_alt	177381	1244	22
chr3_KI270934v1_alt	163458	13104	164
chr6_GL000253v2_alt	4677643	80580	1092
chr19_GL949749v2_alt	1091841	7380	110
chr3_KI270935v1_alt	197351	9931	159
chr6_GL000254v2_alt	4827813	121503	1531
chr19_GL949750v2_alt	1066390	7167	109
chr3_KI270936v1_alt	164170	13588	195
chr6_GL000255v2_alt	4606388	112953	1492
chr19_GL949751v2_alt	1002683	7718	118
chr3_KI270937v1_alt	165607	12843	181
chr6_GL000256v2_alt	4929269	118884	1572
chr19_GL949752v1_alt	987100	29891	377
chr6_KI270758v1_alt	76752	1234	15
chr19_GL949753v2_alt	796479	18096	296
chr19_KI270938v1_alt	1066800	33293	478
chrM	16569	8583	135
chrUn_KI270302v1	2274	8	0
chrUn_KI270304v1	2165	3	1
chrUn_KI270303v1	1942	2	0
chrUn_KI270305v1	1472	4	0
chrUn_KI270322v1	21476	25	0
chrUn_KI270320v1	4416	42	2
chrUn_KI270310v1	1201	16	0
chrUn_KI270316v1	1444	2	0
chrUn_KI270315v1	2276	10	0
chrUn_KI270312v1	998	4	0
chrUn_KI270311v1	12399	8	0
chrUn_KI270317v1	37690	4	0
chrUn_KI270412v1	1179	0	0
chrUn_KI270411v1	2646	16	0
chrUn_KI270414v1	2489	6	0
chrUn_KI270419v1	1029	4	0
chrUn_KI270418v1	2145	2	0
chrUn_KI270420v1	2321	11	0
chrUn_KI270424v1	2140	1	0
chrUn_KI270417v1	2043	2	0
chrUn_KI270422v1	1445	11	1
chrUn_KI270423v1	981	4	0
chrUn_KI270425v1	1884	2	0
chrUn_KI270429v1	1361	14	0
chrUn_KI270442v1	392061	8829	130
chrUn_KI270466v1	1233	58	0
chrUn_KI270465v1	1774	11	0
chrUn_KI270467v1	3920	285	2
chrUn_KI270435v1	92983	458	6
chrUn_KI270438v1	112505	13456	146
chrUn_KI270468v1	4055	9	0
chrUn_KI270510v1	2415	8	0
chrUn_KI270509v1	2318	15	0
chrUn_KI270518v1	2186	9	0
chrUn_KI270508v1	1951	16	0
chrUn_KI270516v1	1300	13	0
chrUn_KI270512v1	22689	116	1
chrUn_KI270519v1	138126	610	8
chrUn_KI270522v1	5674	0	0
chrUn_KI270511v1	8127	38	0
chrUn_KI270515v1	6361	54	0
chrUn_KI270507v1	5353	48	0
chrUn_KI270517v1	3253	27	1
chrUn_KI270529v1	1899	2	0
chrUn_KI270528v1	2983	0	0
chrUn_KI270530v1	2168	2	0
chrUn_KI270539v1	993	18	0
chrUn_KI270538v1	91309	291	1
chrUn_KI270544v1	1202	7	0
chrUn_KI270548v1	1599	0	0
chrUn_KI270583v1	1400	16	0
chrUn_KI270587v1	2969	47	2
chrUn_KI270580v1	1553	26	0
chrUn_KI270581v1	7046	13	0
chrUn_KI270579v1	31033	59	2
chrUn_KI270589v1	44474	209	2
chrUn_KI270590v1	4685	44	0
chrUn_KI270584v1	4513	26	0
chrUn_KI270582v1	6504	40	0
chrUn_KI270588v1	6158	34	1
chrUn_KI270593v1	3041	24	0
chrUn_KI270591v1	5796	107	1
chrUn_KI270330v1	1652	222	3
chrUn_KI270329v1	1040	2	0
chrUn_KI270334v1	1368	7	1
chrUn_KI270333v1	2699	303	5
chrUn_KI270335v1	1048	10	0
chrUn_KI270338v1	1428	9	0
chrUn_KI270340v1	1428	7	0
chrUn_KI270336v1	1026	84	1
chrUn_KI270337v1	1121	257	5
chrUn_KI270363v1	1803	2	0
chrUn_KI270364v1	2855	3	0
chrUn_KI270362v1	3530	8	0
chrUn_KI270366v1	8320	24	0
chrUn_KI270378v1	1048	0	0
chrUn_KI270379v1	1045	0	0
chrUn_KI270389v1	1298	2	0
chrUn_KI270390v1	2387	2	0
chrUn_KI270387v1	1537	6	0
chrUn_KI270395v1	1143	12	0
chrUn_KI270396v1	1880	11	0
chrUn_KI270388v1	1216	2	0
chrUn_KI270394v1	970	0	0
chrUn_KI270386v1	1788	6	0
chrUn_KI270391v1	1484	3	0
chrUn_KI270383v1	1750	3	0
chrUn_KI270393v1	1308	0	0
chrUn_KI270384v1	1658	6	0
chrUn_KI270392v1	971	4	0
chrUn_KI270381v1	1930	2	0
chrUn_KI270385v1	990	2	0
chrUn_KI270382v1	4215	2	0
chrUn_KI270376v1	1136	0	0
chrUn_KI270374v1	2656	2	0
chrUn_KI270372v1	1650	0	0
chrUn_KI270373v1	1451	0	0
chrUn_KI270375v1	2378	4	0
chrUn_KI270371v1	2805	0	0
chrUn_KI270448v1	7992	47	0
chrUn_KI270521v1	7642	12	0
chrUn_GL000195v1	182896	1140	5
chrUn_GL000219v1	179198	3000	19
chrUn_GL000220v1	161802	27035	420
chrUn_GL000224v1	179693	7525	93
chrUn_KI270741v1	157432	848	8
chrUn_GL000226v1	15008	256	2
chrUn_GL000213v1	164239	3541	44
chrUn_KI270743v1	210658	2869	35
chrUn_KI270744v1	168472	20876	236
chrUn_KI270745v1	41891	2180	31
chrUn_KI270746v1	66486	6540	61
chrUn_KI270747v1	198735	1215	9
chrUn_KI270748v1	93321	764	12
chrUn_KI270749v1	158759	1439	14
chrUn_KI270750v1	148850	2874	36
chrUn_KI270751v1	150742	3223	25
chrUn_KI270752v1	27745	0	0
chrUn_KI270753v1	62944	693	12
chrUn_KI270754v1	40191	2122	35
chrUn_KI270755v1	36723	138	1
chrUn_KI270756v1	79590	401	3
chrUn_KI270757v1	71251	470	1
chrUn_GL000214v1	137718	4296	46
chrUn_KI270742v1	186739	3913	41
chrUn_GL000216v2	176608	6510	102
chrUn_GL000218v1	161147	10241	113
chrX	156040895	2531461	31508
chrY	57227415	325805	3869
chrY_KI270740v1_random	37240	42	0
chr1_KQ031383v1_fix	467143	20693	251
chr1_KQ983255v1_alt	278659	10336	125
chr1_KN538361v1_fix	305542	17446	234
chr1_KQ458383v1_alt	349938	14473	205
chr1_KN196473v1_fix	166200	6794	90
chr1_KZ208904v1_alt	166136	4865	60
chr1_KN196472v1_fix	186494	2250	33
chr1_KZ208905v1_alt	140355	148	3
chr1_KQ458382v1_alt	141019	476	5
chr1_KV880763v1_alt	551020	7760	79
chr1_KN196474v1_fix	122022	1962	36
chr1_KN538360v1_fix	460100	6355	79
chr1_KZ208906v1_fix	330031	8999	88
chr1_KQ458384v1_alt	212205	5656	62
chr2_KQ031384v1_fix	481245	19841	222
chr2_KZ208907v1_alt	181658	534	8
chr2_KQ983256v1_alt	535088	15140	188
chr2_KZ208908v1_alt	140361	2236	30
chr2_KN538363v1_fix	365499	15285	205
chr2_KN538362v1_fix	208149	2230	35
chr3_KV766192v1_fix	411654	4641	44
chr3_KN196475v1_fix	451168	22643	302
chr3_KQ031385v1_fix	373699	6921	84
chr3_KN538364v1_fix	415308	2936	38
chr3_KZ208909v1_alt	175849	586	7
chr3_KQ031386v1_fix	165718	272	1
chr3_KN196476v1_fix	305979	1518	16
chr4_KQ090013v1_alt	90922	1600	21
chr4_KQ090014v1_alt	163749	331	4
chr4_KQ090015v1_alt	236512	3996	36
chr4_KV766193v1_alt	420675	11054	134
chr4_KQ983257v1_fix	230434	8113	112
chr4_KQ983258v1_alt	205407	6656	111
chr5_KZ208910v1_alt	135987	645	12
chr5_KN196477v1_alt	139087	532	5
chr5_KV575243v1_alt	362221	12012	172
chr5_KV575244v1_fix	673059	33762	464
chr6_KZ208911v1_fix	242796	7853	85
chr6_KQ090017v1_alt	82315	616	7
chr6_KQ031387v1_fix	320750	557	6
chr6_KN196478v1_fix	268330	573	4
chr6_KQ090016v1_fix	245716	5738	70
chr6_KV766194v1_fix	139427	6594	88
chr7_KV880764v1_fix	142129	2799	40
chr7_KV880765v1_fix	468267	9574	104
chr7_KZ208912v1_fix	589656	27814	375
chr7_KZ208913v1_alt	680662	51140	604
chr7_KQ031388v1_fix	179932	1947	25
chr8_KZ208915v1_fix	6367528	126056	1700
chr8_KV880767v1_fix	265876	1454	17
chr8_KV880766v1_fix	156998	494	8
chr8_KZ208914v1_fix	165120	23008	309
chr9_KQ090018v1_alt	163882	571	9
chr9_KQ090019v1_alt	134099	329	9
chr9_KN196479v1_fix	330164	28020	367
chr10_KN538367v1_fix	420164	934	10
chr10_KQ090020v1_alt	185507	376	5
chr10_KN196480v1_fix	277797	7132	82
chr10_KQ090021v1_fix	264545	3494	35
chr10_KN538366v1_fix	85284	586	9
chr10_KN538365v1_fix	14347	23	1
chr11_KQ759759v1_fix	196940	22184	321
chr11_KN538368v1_alt	203552	3645	37
chr11_KV766195v1_fix	140877	2431	26
chr11_KQ090022v1_fix	181958	3449	51
chr11_KN196481v1_fix	108875	16305	228
chr12_KQ090023v1_alt	109323	1238	16
chr12_KZ208916v1_fix	1046838	32518	457
chr12_KN538369v1_fix	541038	12174	141
chr12_KN196482v1_fix	211377	499	4
chr12_KZ208918v1_alt	174808	365	7
chr12_KQ759760v1_fix	315610	649	5
chr12_KZ208917v1_fix	64689	1574	18
chr12_KN538370v1_fix	86533	5383	72
chr13_KN538372v1_fix	356766	16345	210
chr13_KQ090024v1_alt	168146	366	4
chr13_KN196483v1_fix	35455	251	6
chr13_KN538373v1_fix	148762	568	3
chr13_KQ090025v1_alt	123480	1232	16
chr13_KN538371v1_fix	206320	5400	81
chr14_KZ208920v1_fix	690932	82864	1084
chr14_KZ208919v1_alt	171798	1729	28
chr15_KN538374v1_fix	4998962	97198	1229
chr15_KQ031389v1_alt	2365364	22597	295
chr16_KQ090026v1_alt	59016	3465	47
chr16_KV880768v1_fix	1927115	99252	1425
chr16_KQ090027v1_alt	267463	5891	67
chr16_KZ208921v1_alt	78609	8104	108
chr16_KQ031390v1_alt	169136	407	5
chr17_KV766196v1_fix	281919	6535	102
chr17_KV575245v1_fix	154723	25387	322
chr17_KV766198v1_alt	276292	34007	456
chr17_KV766197v1_alt	246895	718	9
chr18_KQ458385v1_alt	205101	2526	32
chr18_KQ090028v1_fix	407387	6410	65
chr18_KZ208922v1_fix	93070	576	7
chr19_KQ458386v1_fix	405389	35430	565
chr19_KN196484v1_fix	370917	42625	521
chr19_KV575246v1_alt	163926	1463	24
chr19_KV575247v1_alt	170206	1517	20
chr19_KV575248v1_alt	168131	1234	18
chr19_KV575249v1_alt	293522	2830	26
chr19_KV575250v1_alt	241058	2262	23
chr19_KV575251v1_alt	159285	1062	13
chr19_KV575252v1_alt	178197	1006	14
chr19_KV575253v1_alt	166713	1506	22
chr19_KV575254v1_alt	99845	948	19
chr19_KV575255v1_alt	161095	1405	20
chr19_KV575256v1_alt	223118	1874	27
chr19_KV575257v1_alt	100553	575	7
chr19_KV575259v1_alt	171263	1077	21
chr19_KV575260v1_alt	145691	1079	10
chr19_KV575258v1_alt	156965	920	14
chr22_KN196485v1_alt	156562	2837	45
chr22_KQ458387v1_alt	155930	2781	41
chr22_KQ458388v1_alt	174749	5900	81
chr22_KN196486v1_alt	153027	5094	68
chr22_KQ759761v1_alt	145162	4116	56
chr22_KQ759762v1_fix	101037	4841	66
chrX_KV766199v1_alt	188004	255	6
chrY_KZ208923v1_fix	48370	124	0
chrY_KZ208924v1_fix	209722	715	12
chrY_KN196487v1_fix	101150	15134	170
chr1_KZ559100v1_fix	44955	574	10
chr3_KZ559104v1_fix	105527	459	11
chr3_KZ559105v1_alt	195063	5801	55
chr3_KZ559103v1_alt	302885	4894	62
chr3_KZ559102v1_alt	197752	1312	12
chr3_KZ559101v1_alt	164041	361	6
chr7_KZ559106v1_alt	172555	390	5
chr8_KZ559107v1_alt	103072	3109	37
chr11_KZ559109v1_fix	279644	18183	261
chr11_KZ559108v1_fix	305244	4556	60
chr11_KZ559111v1_alt	181167	4101	44
chr11_KZ559110v1_alt	301637	6270	64
chr12_KZ559112v1_alt	154139	629	6
chr16_KZ559113v1_fix	480415	6297	93
chr17_KZ559114v1_alt	116753	536	13
chr18_KZ559116v1_alt	163186	324	4
chr18_KZ559115v1_fix	230843	1192	13
chr2_ML143342v1_fix	84043	397	5
chr2_ML143341v1_fix	145975	1421	17
chr3_ML143343v1_alt	215443	2340	24
chr4_ML143344v1_fix	235734	3669	55
chr4_ML143347v1_fix	176674	2122	31
chr4_ML143346v1_fix	53476	136	2
chr4_ML143348v1_fix	125549	242	0
chr4_ML143345v1_fix	341066	7614	79
chr4_ML143349v1_fix	276109	545	6
chr5_ML143350v1_fix	89956	4852	55
chr6_ML143351v1_fix	73265	119	3
chr7_ML143352v1_fix	254759	4113	41
chr9_ML143353v1_fix	25408	171	5
chr10_ML143354v1_fix	454963	4920	71
chr10_ML143355v1_fix	292944	13803	163
chr11_ML143358v1_fix	270122	13680	159
chr11_ML143360v1_fix	170928	8222	103
chr11_ML143359v1_fix	217075	12123	163
chr11_ML143357v1_fix	165419	922	7
chr11_ML143356v1_fix	45257	66	0
chr12_ML143362v1_fix	192531	17093	220
chr12_ML143361v1_fix	297568	11934	161
chr13_ML143366v1_fix	409912	3512	41
chr13_ML143363v1_fix	7309	0	0
chr13_ML143364v1_fix	158944	2122	28
chr13_ML143365v1_fix	65394	4211	69
chr14_ML143367v1_fix	399183	2293	26
chr14_ML143368v1_alt	264228	622	7
chr15_ML143372v1_fix	396515	2350	27
chr15_ML143371v1_fix	5500449	115372	1431
chr15_ML143370v1_fix	369264	19842	252
chr15_ML143369v1_fix	97763	6093	86
chr16_ML143373v1_fix	270967	15112	188
chr17_ML143374v1_fix	137908	22397	305
chr17_ML143375v1_fix	56695	3950	48
chr19_ML143376v1_fix	493165	38825	548
chr21_ML143377v1_fix	519485	36737	553
chr22_ML143380v1_fix	412368	5819	54
chr22_ML143378v1_fix	461303	2805	40
chr22_ML143379v1_fix	12295	68	0
chrX_ML143385v1_fix	17435	20	0
chrX_ML143382v1_fix	28824	240	1
chrX_ML143383v1_fix	68192	76	1
chrX_ML143381v1_fix	403128	3881	38
chrX_ML143384v1_fix	14678	6	0
chr1_MU273333v1_fix	1572686	130856	1704
chr1_MU273330v1_alt	516764	27148	298
chr1_MU273335v1_fix	211934	20429	278
chr1_MU273336v1_fix	250447	5589	64
chr1_MU273331v1_alt	847441	16701	170
chr1_MU273334v1_fix	210426	7120	66
chr1_MU273332v1_alt	335159	19667	230
chr2_MU273344v1_fix	244725	18693	205
chr2_MU273345v1_fix	174385	515	6
chr2_MU273343v1_fix	489404	20674	223
chr2_MU273340v1_alt	284971	10976	122
chr2_MU273337v1_alt	431782	19884	264
chr2_MU273342v1_fix	955087	36654	397
chr2_MU273339v1_alt	500581	30965	408
chr2_MU273338v1_alt	535251	11528	156
chr2_MU273341v1_fix	120381	6394	68
chr3_MU273347v1_fix	301310	7618	106
chr3_MU273348v1_fix	475876	8621	102
chr3_MU273346v1_fix	469342	8204	91
chr4_MU273351v1_fix	205691	2190	24
chr4_MU273349v1_alt	308682	6445	80
chr4_MU273350v1_fix	113364	401	5
chr5_MU273354v1_fix	2101585	35462	472
chr5_MU273353v1_fix	208405	3274	47
chr5_MU273356v1_alt	302485	5024	74
chr5_MU273355v1_fix	508332	96447	1207
chr5_MU273352v1_fix	34400	683	5
chr6_MU273357v1_alt	383128	10281	131
chr7_MU273358v1_alt	464417	1565	19
chr8_MU273362v1_fix	429744	3884	55
chr8_MU273359v1_fix	150302	740	8
chr8_MU273361v1_fix	106905	7622	87
chr8_MU273363v1_fix	207371	9048	115
chr8_MU273360v1_fix	39290	828	10
chr9_MU273366v1_fix	569668	5426	79
chr9_MU273364v1_fix	340717	2597	33
chr9_MU273365v1_fix	482250	22444	249
chr10_MU273367v1_fix	196262	10204	130
chr11_KQ759759v2_fix	204999	34963	517
chr11_MU273369v1_fix	434831	12504	198
chr11_MU273371v1_fix	122722	2951	31
chr11_MU273370v1_fix	344606	9535	96
chr11_MU273368v1_alt	261194	4002	51
chr12_MU273372v1_fix	104537	13273	193
chr14_MU273373v1_fix	722645	41874	542
chr15_MU273375v1_alt	204007	13247	167
chr15_MU273374v1_fix	1154574	37539	429
chr16_MU273376v1_fix	87715	16461	207
chr16_MU273377v1_fix	334997	19178	250
chr17_MU273380v1_fix	538541	19285	216
chr17_MU273378v1_alt	372839	27502	298
chr17_MU273383v1_fix	172609	8660	110
chr17_MU273379v1_fix	234878	16719	244
chr17_MU273382v1_fix	187626	14808	235
chr17_MU273381v1_fix	144689	3906	66
chr19_MU273386v1_fix	226166	11627	175
chr19_MU273387v1_alt	89211	10447	159
chr19_MU273384v1_fix	333754	65140	846
chr19_MU273385v1_fix	137818	8949	109
chr20_MU273388v1_fix	273725	5246	57
chr20_MU273389v1_fix	355731	13341	189
chr21_MU273390v1_fix	336752	12737	141
chr21_MU273391v1_fix	1020778	12325	150
chr21_MU273392v1_fix	189707	11906	181
chr22_KQ759762v2_fix	101040	4760	71
chrX_MU273397v1_alt	330493	15269	200
chrX_MU273393v1_fix	68810	1377	23
chrX_MU273394v1_fix	140567	3601	45
chrX_MU273396v1_alt	294119	707	7
chrX_MU273395v1_alt	619716	17577	216
chrY_MU273398v1_fix	865743	27144	311
*	0	0	283790
