# This file was produced by samtools stats (1.21+htslib-1.21) and can be plotted using plot-bamstats
# This file contains statistics for all reads.
# The command line was:  stats post_aligned/ERR2828359_fixed_sorted.bam
# CHK, Checksum	[2]Read Names	[3]Sequences	[4]Qualities
# CHK, CRC32 of reads which passed filtering followed by addition (32bit overflow)
CHK	f4861d84	5b6584f1	d2387bc6
# Summary Numbers. Use `grep ^SN | cut -f 2-` to extract this part.
SN	raw total sequences:	116799976	# excluding supplementary and secondary reads
SN	filtered sequences:	0
SN	sequences:	116799976
SN	is sorted:	1
SN	1st fragments:	58399988
SN	last fragments:	58399988
SN	reads mapped:	115069269
SN	reads mapped and paired:	113622352	# paired-end technology bit set + both mates mapped
SN	reads unmapped:	1730707
SN	reads properly paired:	112643094	# proper-pair bit set
SN	reads paired:	116799976	# paired-end technology bit set
SN	reads duplicated:	0	# PCR or optical duplicate bit set
SN	reads MQ0:	12584045	# mapped and MQ=0
SN	reads QC failed:	0
SN	non-primary alignments:	0
SN	supplementary alignments:	15122
SN	total length:	9169258189	# ignores clipping
SN	total first fragment length:	4646207609	# ignores clipping
SN	total last fragment length:	4523050580	# ignores clipping
SN	bases mapped:	9150172215	# ignores clipping
SN	bases mapped (cigar):	9144989055	# more accurate
SN	bases trimmed:	0
SN	bases duplicated:	0
SN	mismatches:	16802953	# from NM fields
SN	error rate:	1.837395e-03	# mismatches / bases mapped (cigar)
SN	average length:	79
SN	average first fragment length:	80
SN	average last fragment length:	77
SN	maximum length:	81
SN	maximum first fragment length:	81
SN	maximum last fragment length:	81
SN	average quality:	37.9
SN	insert size average:	184.7
SN	insert size standard deviation:	77.0
SN	inward oriented pairs:	55632242
SN	outward oriented pairs:	978280
SN	pairs with other orientation:	10389
SN	pairs on different chromosomes:	190265
SN	percentage of properly paired reads (%):	96.4
# First Fragment Qualities. Use `grep ^FFQ | cut -f 2-` to extract this part.
# Columns correspond to qualities and rows to cycles. First column is the cycle number.
FFQ	1	0	0	0	0	0	0	0	0	0	0	0	0	0	0	0	0	0	0	0	0	0	0	0	0	0	0	0	903059	43591	0	487769	631209	0	0	1746002	721196	2046839	1448055	2625069	13157560	34589639	0
FFQ	2	0	0	0	0	0	0	0	0	0	0	0	0	0	0	73377	63660	660038	0	0	0	0	0	0	0	0	0	0	521152	44679	0	498273	623848	0	0	1553172	482130	2051362	1329049	2631291	13292093	34547517	0
FFQ	3	0	0	1	0	0	0	0	0	0	0	0	0	0	0	72716	63121	651036	0	0	0	0	0	0	0	0	0	0	619405	44463	0	491437	607496	0	0	1562871	550688	2033884	1335340	2569346	13261217	34501983	0
FFQ	4	0	0	0	0	0	0	0	0	0	0	0	0	0	0	75287	65665	673028	0	0	0	0	0	0	0	0	0	0	634307	44365	0	490977	608577	0	0	1579546	563075	2035749	1347338	2592506	13247289	34397177	0
FFQ	5	0	0	0	0	0	0	0	0	0	0	0	0	0	0	76026	65387	677899	0	0	0	0	0	0	0	0	0	0	652910	44451	0	494078	612542	0	0	1597782	568953	2044179	1356677	2610727	13305755	34233360	0
FFQ	6	0	0	0	0	0	0	0	0	0	0	0	0	0	0	80418	69510	723015	0	0	0	0	0	0	0	0	0	0	653982	44508	0	496722	613292	0	0	1605760	577367	2058255	1369310	2635870	13386972	34006502	0
FFQ	7	0	0	0	0	0	0	0	0	0	0	0	0	0	0	79968	69809	724065	0	0	0	0	0	0	0	0	0	0	677992	44158	0	492810	609151	0	0	1599473	578649	2052907	1365374	2636305	13408077	33963428	0
FFQ	8	0	0	0	0	0	0	0	0	0	0	0	0	0	0	83505	73742	759264	0	0	0	0	0	0	0	0	0	0	698678	44615	0	499127	615747	0	0	1620053	586853	2069546	1377514	2654479	13454734	33743808	0
FFQ	9	0	0	0	0	0	0	0	0	0	0	0	0	0	0	82724	72901	750799	0	0	0	0	0	0	0	0	0	0	724610	44609	0	497818	613083	0	0	1622805	600212	2072142	1386159	2673777	13474618	33643762	0
FFQ	10	0	0	0	0	0	0	0	0	0	0	0	0	0	0	84319	73335	760655	0	0	0	0	0	0	0	0	0	0	716194	44665	0	500586	613649	0	0	1625299	601782	2074071	1392831	2684269	13529611	33536743	0
FFQ	11	0	0	0	0	0	0	0	0	0	0	0	0	0	0	81200	71494	735909	0	0	0	0	0	0	0	0	0	0	725879	45255	0	502606	614300	0	0	1628376	605169	2081806	1394323	2697175	13562358	33469783	0
FFQ	12	0	0	2	0	0	0	0	0	0	0	0	0	0	0	82038	72314	740846	0	0	0	0	0	0	0	0	0	0	711838	45992	0	505913	615052	0	0	1635357	606323	2088811	1398553	2702977	13583492	33403788	0
FFQ	13	0	0	0	0	0	0	0	0	0	0	0	0	0	0	83683	73321	751866	0	0	0	0	0	0	0	0	0	0	711510	46200	0	506425	616296	0	0	1640928	606310	2096334	1404168	2708779	13642179	33282823	0
FFQ	14	0	0	0	0	0	0	0	0	0	0	0	0	0	0	83027	72531	749377	0	0	0	0	0	0	0	0	0	0	719855	46334	0	510765	619833	0	0	1643165	604232	2106916	1399523	2713732	13624367	33255147	0
FFQ	15	0	0	0	0	0	0	0	0	0	0	0	0	0	0	82468	72178	743723	0	0	0	0	0	0	0	0	0	0	707729	46448	0	513778	618744	0	0	1648975	613655	2115603	1415149	2743064	13724073	33081071	0
FFQ	16	0	0	0	0	0	0	0	0	0	0	0	0	0	0	82274	71956	743152	0	0	0	0	0	0	0	0	0	0	702453	46096	0	513096	618311	0	0	1648513	606104	2116929	1411768	2744927	13743380	33055052	0
FFQ	17	0	0	10	0	0	0	0	0	0	0	0	0	0	0	82629	73028	753592	0	0	0	0	0	0	0	0	0	0	703412	46789	0	520030	624262	0	0	1655600	604845	2128738	1415565	2750703	13731653	32990415	0
FFQ	18	0	0	25	0	0	0	0	0	0	0	0	0	0	0	83719	73518	756906	0	0	0	0	0	0	0	0	0	0	711119	47373	0	522035	624582	0	0	1666973	612590	2138726	1425733	2773179	13812900	32809476	0
FFQ	19	0	0	352	0	0	0	0	0	0	0	0	0	0	0	84194	73974	764786	0	0	0	0	0	0	0	0	0	0	716096	47673	0	528002	629380	0	0	1681335	618102	2153229	1439872	2785868	13881093	32632083	0
FFQ	20	0	0	242	0	0	0	0	0	0	0	0	0	0	0	84573	74067	762071	0	0	0	0	0	0	0	0	0	0	716417	48440	0	531111	630971	0	0	1685217	623661	2163830	1446090	2801802	13935025	32509914	0
FFQ	21	0	0	65	0	0	0	0	0	0	0	0	0	0	0	85707	74876	767009	0	0	0	0	0	0	0	0	0	0	715720	48785	0	534088	630953	0	0	1689669	622416	2171300	1445268	2803222	13954681	32447015	0
FFQ	22	0	0	94	0	0	0	0	0	0	0	0	0	0	0	91206	80524	813232	0	0	0	0	0	0	0	0	0	0	731003	50080	0	548744	639537	0	0	1711154	630345	2195982	1462419	2829306	14025138	32158896	0
FFQ	23	0	0	280	0	0	0	0	0	0	0	0	0	0	0	87404	76202	785714	0	0	0	0	0	0	0	0	0	0	755732	49808	0	547946	640905	0	0	1728177	648966	2208810	1479242	2859090	14145904	31930266	0
FFQ	24	0	0	1	0	0	0	0	0	0	0	0	0	0	0	89484	77785	799236	0	0	0	0	0	0	0	0	0	0	738661	50630	0	550949	643643	0	0	1731448	647330	2219317	1484584	2874509	14192986	31820605	0
FFQ	25	0	0	85	0	0	0	0	0	0	0	0	0	0	0	87091	76781	786066	0	0	0	0	0	0	0	0	0	0	740337	50144	0	552393	642143	0	0	1733826	645633	2223278	1486979	2886409	14232150	31754207	0
FFQ	26	0	0	8	0	0	0	0	0	0	0	0	0	0	0	100890	87902	890682	0	0	0	0	0	0	0	0	0	0	760960	52434	0	569153	652162	0	0	1752413	651123	2246720	1496393	2900187	14274492	31438101	0
FFQ	27	0	0	0	0	0	0	0	0	0	0	0	0	0	0	91202	79765	816565	0	0	0	0	0	0	0	0	0	0	821080	51691	0	565097	650000	0	0	1765789	679083	2256161	1511697	2922491	14324882	31314988	0
FFQ	28	0	0	15	0	0	0	0	0	0	0	0	0	0	0	92523	81058	825235	0	0	0	0	0	0	0	0	0	0	779063	52657	0	568624	653381	0	0	1772461	683128	2271368	1527057	2947148	14406021	31166991	0
FFQ	29	0	0	1316	0	0	0	0	0	0	0	0	0	0	0	92289	80608	824353	0	0	0	0	0	0	0	0	0	0	772991	53160	0	571256	655350	0	0	1778138	671487	2277897	1526853	2949096	14468642	31079502	0
FFQ	30	0	0	0	0	0	0	0	0	0	0	0	0	0	0	91934	80664	820332	0	0	0	0	0	0	0	0	0	0	767539	53398	0	576197	659082	0	0	1783833	670489	2289185	1530654	2962028	14517307	30976154	0
FFQ	31	0	0	6	0	0	0	0	0	0	0	0	0	0	0	91925	80436	820903	0	0	0	0	0	0	0	0	0	0	763339	53463	0	578454	660891	0	0	1792051	672939	2300963	1537227	2969918	14535966	30895529	0
FFQ	32	0	0	0	0	0	0	0	0	0	0	0	0	0	0	94502	82931	843070	0	0	0	0	0	0	0	0	0	0	766212	54291	0	587954	667048	0	0	1810492	675604	2322932	1549316	2992515	14617365	30664620	0
FFQ	33	0	0	0	0	0	0	0	0	0	0	0	0	0	0	95488	83055	850373	0	0	0	0	0	0	0	0	0	0	780557	54931	0	593883	672068	0	0	1827425	684006	2340861	1559851	3009888	14681025	30470227	0
FFQ	34	0	0	0	0	0	0	0	0	0	0	0	0	0	0	94785	83096	850037	0	0	0	0	0	0	0	0	0	0	782694	55366	0	600235	675382	0	0	1832734	690529	2354126	1572339	3028665	14743600	30314858	0
FFQ	35	0	0	0	0	0	0	0	0	0	0	0	0	0	0	96213	84514	861458	0	0	0	0	0	0	0	0	0	0	775649	56284	0	608890	680068	0	0	1844268	690381	2375175	1578988	3049662	14777723	30173434	0
FFQ	36	0	0	0	0	0	0	0	0	0	0	0	0	0	0	97597	85567	869889	0	0	0	0	0	0	0	0	0	0	783970	56793	0	614192	685499	0	0	1865694	701679	2393787	1596684	3079564	14897711	29898551	0
FFQ	37	0	0	2	0	0	0	0	0	0	0	0	0	0	0	98419	86432	880119	0	0	0	0	0	0	0	0	0	0	784459	56908	0	617417	683784	0	0	1869078	700125	2399858	1601335	3082935	14930554	29809923	0
FFQ	38	0	0	285	0	0	0	0	0	0	0	0	0	0	0	98791	86493	883335	0	0	0	0	0	0	0	0	0	0	800156	57540	0	620098	688202	0	0	1880159	708718	2412515	1609617	3097134	14987006	29644851	0
FFQ	39	0	0	5	0	0	0	0	0	0	0	0	0	0	0	97850	86069	871872	0	0	0	0	0	0	0	0	0	0	800269	58007	0	623253	686314	0	0	1884078	713688	2416554	1616739	3115497	15021992	29556278	0
FFQ	40	0	0	252	0	0	0	0	0	0	0	0	0	0	0	99486	87983	889181	0	0	0	0	0	0	0	0	0	0	800355	58557	0	631225	693670	0	0	1896776	716967	2436852	1628878	3133770	15085582	29362326	0
FFQ	41	0	0	0	0	0	0	0	0	0	0	0	0	0	0	101130	88742	901656	0	0	0	0	0	0	0	0	0	0	813915	59724	0	639396	698675	0	0	1917048	721816	2459263	1639295	3148665	15134371	29171373	0
FFQ	42	0	0	0	0	0	0	0	0	0	0	0	0	0	0	103909	91071	921766	0	0	0	0	0	0	0	0	0	0	824821	60768	0	649756	708000	0	0	1941274	738280	2480853	1657564	3169143	15216438	28904680	0
FFQ	43	0	0	0	0	0	0	0	0	0	0	0	0	0	0	101940	89075	905866	0	0	0	0	0	0	0	0	0	0	823198	60611	0	645692	703885	0	0	1942434	740665	2486728	1665326	3194478	15297971	28783459	0
FFQ	44	0	0	4	0	0	0	0	0	0	0	0	0	0	0	108896	94157	954982	0	0	0	0	0	0	0	0	0	0	828118	61541	0	656424	711225	0	0	1955623	741491	2501356	1670715	3198223	15329891	28601223	0
FFQ	45	0	0	6	0	0	0	0	0	0	0	0	0	0	0	103782	91609	924768	0	0	0	0	0	0	0	0	0	0	857535	62360	0	660802	713581	0	0	1970191	758960	2523665	1691155	3221379	15408182	28398558	0
FFQ	46	0	0	567	0	0	0	0	0	0	0	0	0	0	0	103974	91274	921823	0	0	0	0	0	0	0	0	0	0	833913	62238	0	664629	713629	0	0	1973842	757249	2531308	1694636	3235587	15451809	28322139	0
FFQ	47	0	0	211	0	0	0	0	0	0	0	0	0	0	0	107939	94474	954435	0	0	0	0	0	0	0	0	0	0	837281	64520	0	675848	724619	0	0	1996666	756256	2558508	1704510	3254068	15498093	28102929	0
FFQ	48	0	0	12	0	0	0	0	0	0	0	0	0	0	0	109924	96918	975434	0	0	0	0	0	0	0	0	0	0	855225	64108	0	679042	726181	0	0	2004104	765734	2566264	1714844	3264020	15547173	27933125	0
FFQ	49	0	0	1	0	0	0	0	0	0	0	0	0	0	0	107886	94842	962073	0	0	0	0	0	0	0	0	0	0	877902	64472	0	686691	731051	0	0	2025646	778950	2588978	1733062	3285709	15614529	27721265	0
FFQ	50	0	0	90	0	0	0	0	0	0	0	0	0	0	0	108524	95327	961392	0	0	0	0	0	0	0	0	0	0	858997	65171	0	689611	733394	0	0	2031988	779356	2598682	1740011	3299727	15652445	27629005	0
FFQ	51	0	0	245	0	0	0	0	0	0	0	0	0	0	0	112400	98790	991993	0	0	0	0	0	0	0	0	0	0	863198	65871	0	698058	736287	0	0	2043073	777776	2611569	1746275	3308394	15681462	27478726	0
FFQ	52	0	0	44	0	0	0	0	0	0	0	0	0	0	0	116605	101526	1023194	0	0	0	0	0	0	0	0	0	0	888163	67387	0	711417	748706	0	0	2067598	791026	2642459	1761184	3328629	15735814	27200220	0
FFQ	53	0	0	217	0	0	0	0	0	0	0	0	0	0	0	115225	101120	1017660	0	0	0	0	0	0	0	0	0	0	914087	68160	0	716377	751373	0	0	2086749	806511	2660284	1779160	3347598	15775126	27013954	0
FFQ	54	0	0	0	0	0	0	0	0	0	0	0	0	0	0	116882	101997	1027059	0	0	0	0	0	0	0	0	0	0	917124	69063	0	725682	757800	0	0	2109793	816560	2685247	1794650	3363057	15817911	26819898	0
FFQ	55	0	0	3	0	0	0	0	0	0	0	0	0	0	0	114308	100612	1015616	0	0	0	0	0	0	0	0	0	0	911506	68725	0	729513	760608	0	0	2122806	824348	2700894	1812173	3400976	15949891	26579426	0
FFQ	56	0	0	153	0	0	0	0	0	0	0	0	0	0	0	117840	102565	1037908	0	0	0	0	0	0	0	0	0	0	904685	70766	0	737981	764658	0	0	2133750	820886	2720611	1818734	3412011	16006003	26410909	0
FFQ	57	0	0	0	0	0	0	0	0	0	0	0	0	0	0	118130	103942	1047509	0	0	0	0	0	0	0	0	0	0	913559	71629	0	746786	770408	0	0	2145614	829541	2737307	1829090	3422878	16051293	26239764	0
FFQ	58	0	0	4	0	0	0	0	0	0	0	0	0	0	0	120018	105818	1065468	0	0	0	0	0	0	0	0	0	0	929117	72332	0	756083	777309	0	0	2169895	837629	2761142	1841310	3437628	16089921	26031392	0
FFQ	59	0	0	5	0	0	0	0	0	0	0	0	0	0	0	118696	104103	1052282	0	0	0	0	0	0	0	0	0	0	928002	72575	0	755191	776490	0	0	2167135	842521	2765085	1848594	3446060	16122331	25963495	0
FFQ	60	0	0	0	0	0	0	0	0	0	0	0	0	0	0	119579	105555	1065103	0	0	0	0	0	0	0	0	0	0	933486	73699	0	764746	784029	0	0	2192133	848553	2787385	1863401	3465387	16163466	25763162	0
FFQ	61	0	0	2	0	0	0	0	0	0	0	0	0	0	0	123332	108188	1092110	0	0	0	0	0	0	0	0	0	0	934792	74568	0	775242	788990	0	0	2209895	856495	2811956	1877284	3492034	16237137	25514272	0
FFQ	62	0	0	2	0	0	0	0	0	0	0	0	0	0	0	125763	110394	1111467	0	0	0	0	0	0	0	0	0	0	960218	76407	0	788646	800435	0	0	2234941	869910	2841370	1893411	3510671	16309635	25229212	0
FFQ	63	0	0	188	0	0	0	0	0	0	0	0	0	0	0	125471	110056	1108229	0	0	0	0	0	0	0	0	0	0	968868	77730	0	795683	803462	0	0	2254379	881077	2860240	1910680	3527750	16369742	25034987	0
FFQ	64	0	0	0	0	0	0	0	0	0	0	0	0	0	0	126437	110803	1117730	0	0	0	0	0	0	0	0	0	0	960471	77169	0	798968	802981	0	0	2254903	880884	2873416	1917316	3540166	16392661	24939666	0
FFQ	65	0	0	0	0	0	0	0	0	0	0	0	0	0	0	128817	113427	1143095	0	0	0	0	0	0	0	0	0	0	980644	79282	0	813537	815783	0	0	2282406	887162	2899555	1929075	3542471	16402125	24740819	0
FFQ	66	0	0	0	0	0	0	0	0	0	0	0	0	0	0	132119	115802	1162016	0	0	0	0	0	0	0	0	0	0	988938	80842	0	820404	818554	0	0	2294515	894454	2915698	1941409	3568654	16446877	24542398	0
FFQ	67	0	0	0	0	0	0	0	0	0	0	0	0	0	0	130247	114470	1156657	0	0	0	0	0	0	0	0	0	0	1007700	81115	0	828625	827156	0	0	2319634	913485	2941724	1966213	3591362	16531990	24276340	0
FFQ	68	0	0	0	0	0	0	0	0	0	0	0	0	0	0	131202	116093	1166812	0	0	0	0	0	0	0	0	0	0	1000790	82552	0	833746	832098	0	0	2330936	915840	2955117	1972826	3604447	16574800	24132551	0
FFQ	69	0	0	36	0	0	0	0	0	0	0	0	0	0	0	135435	119447	1201621	0	0	0	0	0	0	0	0	0	0	1014684	83589	0	845073	833951	0	0	2349354	927353	2971896	1988460	3620210	16607527	23913407	0
FFQ	70	0	0	4	0	0	0	0	0	0	0	0	0	0	0	137024	120944	1214816	0	0	0	0	0	0	0	0	0	0	1046417	85292	0	860648	848793	0	0	2380116	935807	3008758	2005650	3634193	16631669	23663152	0
FFQ	71	0	0	327	0	0	0	0	0	0	0	0	0	0	0	135743	121380	1208195	0	0	0	0	0	0	0	0	0	0	1049664	86386	0	869190	854794	0	0	2403034	954020	3035128	2024520	3663788	16709438	23417983	0
FFQ	72	0	0	195	0	0	0	0	0	0	0	0	0	0	0	136021	122997	1221501	0	0	0	0	0	0	0	0	0	0	1042565	87430	0	877149	859544	0	0	2421128	960913	3060294	2043150	3684856	16796751	23178310	0
FFQ	73	0	0	3	0	0	0	0	0	0	0	0	0	0	0	140350	130615	1259628	0	0	0	0	0	0	0	0	0	0	1048350	88899	0	889527	868018	0	0	2438495	963830	3085032	2052655	3695043	16838490	22951955	0
FFQ	74	0	0	305	0	0	0	0	0	0	0	0	0	0	0	138177	129877	1251265	0	0	0	0	0	0	0	0	0	0	1071801	90557	0	896318	875514	0	0	2462117	980935	3108888	2071787	3706176	16863922	22759025	0
FFQ	75	0	0	10	0	0	0	0	0	0	0	0	0	0	0	140354	134904	1282177	0	0	0	0	0	0	0	0	0	0	1067363	91681	0	907910	882508	0	0	2476939	986520	3123696	2079726	3714528	16892655	22579472	0
FFQ	76	0	0	517	0	0	0	0	0	0	0	0	0	0	0	140451	140708	1301479	0	0	0	0	0	0	0	0	0	0	1096861	93714	0	924219	896521	0	0	2512988	1003917	3159022	2104784	3737190	16924906	22272823	0
FFQ	77	0	0	0	0	0	0	0	0	0	0	0	0	0	0	135000	145054	1289937	0	0	0	0	0	0	0	0	0	0	1102337	94551	0	927246	899612	0	0	2528025	1017221	3178457	2119746	3754712	16980084	22082115	0
FFQ	78	0	0	0	0	0	0	0	0	0	0	0	0	0	0	129149	150581	1307263	0	0	0	0	0	0	0	0	0	0	1095659	96004	0	942122	906267	0	0	2552135	1027148	3203702	2139879	3782578	17039187	21811955	0
FFQ	79	0	0	0	0	0	0	0	0	0	0	0	0	0	0	109267	152111	1252754	0	0	0	0	0	0	0	0	0	0	1100111	96770	0	949005	914444	0	0	2574051	1039916	3228670	2154460	3792322	17105163	21572013	0
FFQ	80	0	0	0	0	0	0	0	0	0	0	0	0	0	0	62962	125419	1006070	0	0	0	0	0	0	0	0	0	0	1093603	96035	0	955763	919582	0	0	2582411	1046673	3233911	2158570	3790730	17085433	21407032	0
FFQ	81	0	0	0	0	0	0	0	0	0	0	0	0	0	0	0	0	0	0	0	0	0	0	0	0	0	0	0	2099652	160083	0	1643683	1754060	0	0	4285909	1596313	4901490	3036430	4191098	16605378	11869443	0
# Last Fragment Qualities. Use `grep ^LFQ | cut -f 2-` to extract this part.
# Columns correspond to qualities and rows to cycles. First column is the cycle number.
LFQ	1	0	0	0	0	0	0	0	0	0	0	0	0	0	0	0	0	0	0	0	0	0	0	0	0	0	0	0	1978984	57838	0	639233	836926	0	0	2381698	1117476	2441179	1803574	2964645	14106922	30071513	0
LFQ	2	0	0	0	0	0	0	0	0	0	0	0	0	0	0	135349	120104	1263500	0	0	0	0	0	0	0	0	0	0	938605	59173	0	646310	830730	0	0	2053538	682872	2403478	1613346	2874020	13975809	30635473	0
LFQ	3	0	0	6	0	0	0	0	0	0	0	0	0	0	0	140968	126620	1324998	0	0	0	0	0	0	0	0	0	0	1120516	58193	0	654283	804784	0	0	2046926	757897	2412774	1611616	2884406	14140426	30113798	0
LFQ	4	0	0	326	0	0	0	0	0	0	0	0	0	0	0	145968	129148	1319154	0	0	0	0	0	0	0	0	0	0	1200787	59389	0	641717	791146	0	0	2069048	803476	2379758	1626199	2879847	13958607	30148316	0
LFQ	5	0	0	19	0	0	0	0	0	0	0	0	0	0	0	140764	123173	1295160	0	0	0	0	0	0	0	0	0	0	1225560	56438	0	641293	798472	0	0	2088252	819899	2409302	1641438	2962159	14060558	29832940	0
LFQ	6	0	0	8	0	0	0	0	0	0	0	0	0	0	0	138470	122769	1270871	0	0	0	0	0	0	0	0	0	0	1222880	56881	0	638852	787210	0	0	2072734	810886	2370822	1633522	2884052	13937056	30079137	0
LFQ	7	0	0	11	0	0	0	0	0	0	0	0	0	0	0	135655	121076	1250832	0	0	0	0	0	0	0	0	0	0	1194339	57051	0	625994	781533	0	0	2052754	796355	2338854	1603074	2813404	13700080	30482312	0
LFQ	8	0	0	97	0	0	0	0	0	0	0	0	0	0	0	144775	128043	1307888	0	0	0	0	0	0	0	0	0	0	1186008	57512	0	643082	784765	0	0	2057145	788358	2355451	1605233	2845225	13634074	30348951	0
LFQ	9	0	0	0	0	0	0	0	0	0	0	0	0	0	0	145044	129609	1302462	0	0	0	0	0	0	0	0	0	0	1207277	64137	0	668556	795104	0	0	2101964	818693	2443252	1658647	3037495	14116315	29333745	0
LFQ	10	0	0	11	0	0	0	0	0	0	0	0	0	0	0	156877	139153	1433833	0	0	0	0	0	0	0	0	0	0	1242870	58917	0	673877	806423	0	0	2117821	816539	2447868	1666706	2993117	14169026	29035307	0
LFQ	11	0	0	267	0	0	0	0	0	0	0	0	0	0	0	134400	120317	1248814	0	0	0	0	0	0	0	0	0	0	1298168	57861	0	641512	791751	0	0	2110717	871997	2409710	1680662	2954418	14088981	29286546	0
LFQ	12	0	0	5	0	0	0	0	0	0	0	0	0	0	0	134599	119406	1229564	0	0	0	0	0	0	0	0	0	0	1194240	58402	0	637298	782728	0	0	2082240	828285	2387986	1654305	2912446	13988019	29623172	0
LFQ	13	0	0	238	0	0	0	0	0	0	0	0	0	0	0	140021	123587	1279652	0	0	0	0	0	0	0	0	0	0	1185678	60169	0	676439	803926	0	0	2127137	822854	2481449	1684688	3121549	14264022	28798956	0
LFQ	14	0	0	157	0	0	0	0	0	0	0	0	0	0	0	137316	122122	1223598	0	0	0	0	0	0	0	0	0	0	1172291	63354	0	660268	789668	0	0	2099626	827091	2449748	1674540	3000965	14342754	28946791	0
LFQ	15	0	0	28	0	0	0	0	0	0	0	0	0	0	0	141730	126535	1252693	0	0	0	0	0	0	0	0	0	0	1141509	68215	0	689362	802768	0	0	2133760	822890	2529126	1702783	3128415	14645462	28266261	0
LFQ	16	0	0	1	0	0	0	0	0	0	0	0	0	0	0	141185	124039	1246384	0	0	0	0	0	0	0	0	0	0	1167837	63308	0	678256	804777	0	0	2143577	825588	2511243	1699536	3030884	14576718	28380392	0
LFQ	17	0	0	1	0	0	0	0	0	0	0	0	0	0	0	144915	127281	1294184	0	0	0	0	0	0	0	0	0	0	1166553	64817	0	704079	816912	0	0	2176560	833255	2568082	1728567	3115256	14684875	27911126	0
LFQ	18	0	0	70	0	0	0	0	0	0	0	0	0	0	0	133196	119216	1237911	0	0	0	0	0	0	0	0	0	0	1191475	60007	0	677859	804845	0	0	2154234	841874	2522481	1727525	3109452	14767291	27933220	0
LFQ	19	0	0	3	0	0	0	0	0	0	0	0	0	0	0	130702	117630	1198629	0	0	0	0	0	0	0	0	0	0	1151508	61656	0	659621	795423	0	0	2126806	836734	2484538	1710644	3059480	14672710	28219799	0
LFQ	20	0	0	25	0	0	0	0	0	0	0	0	0	0	0	134770	119742	1207787	0	0	0	0	0	0	0	0	0	0	1122719	61735	0	660682	786653	0	0	2093197	806918	2451625	1670193	2971732	14376259	28706268	0
LFQ	21	0	0	0	0	0	0	0	0	0	0	0	0	0	0	136267	119840	1211175	0	0	0	0	0	0	0	0	0	0	1126653	62403	0	673290	794549	0	0	2111900	812931	2483730	1679201	3023755	14344698	28535201	0
LFQ	22	0	0	19	0	0	0	0	0	0	0	0	0	0	0	139824	123846	1230649	0	0	0	0	0	0	0	0	0	0	1118429	65301	0	685271	790890	0	0	2118306	818446	2496010	1689028	3057076	14425179	28301635	0
LFQ	23	0	0	5	0	0	0	0	0	0	0	0	0	0	0	145087	129895	1298870	0	0	0	0	0	0	0	0	0	0	1147251	72225	0	762703	840211	0	0	2243642	847534	2717597	1802689	3367143	15184864	26442685	0
LFQ	24	0	0	41	0	0	0	0	0	0	0	0	0	0	0	148313	131895	1324592	0	0	0	0	0	0	0	0	0	0	1174746	71680	0	765620	854044	0	0	2298959	883336	2780046	1856089	3379588	15654715	25621242	0
LFQ	25	0	0	149	0	0	0	0	0	0	0	0	0	0	0	150700	133603	1342415	0	0	0	0	0	0	0	0	0	0	1205967	72386	0	776006	867182	0	0	2331316	891396	2823414	1879512	3370810	15877547	25163325	0
LFQ	26	0	0	13	0	0	0	0	0	0	0	0	0	0	0	151085	134504	1355874	0	0	0	0	0	0	0	0	0	0	1221717	73674	0	786612	879911	0	0	2364486	906702	2857504	1906235	3385975	16025289	24776308	0
LFQ	27	0	0	15	0	0	0	0	0	0	0	0	0	0	0	149492	132419	1337492	0	0	0	0	0	0	0	0	0	0	1220921	72956	0	779928	880121	0	0	2374835	916318	2858427	1916725	3392254	16101854	24632502	0
LFQ	28	0	0	23	0	0	0	0	0	0	0	0	0	0	0	151673	135487	1357397	0	0	0	0	0	0	0	0	0	0	1218846	73085	0	785228	882625	0	0	2377067	913866	2872668	1922905	3400093	16153450	24462272	0
LFQ	29	0	0	109	0	0	0	0	0	0	0	0	0	0	0	153089	135567	1366547	0	0	0	0	0	0	0	0	0	0	1231484	73506	0	792493	886067	0	0	2387700	920021	2882038	1930471	3404967	16156856	24326624	0
LFQ	30	0	0	92	0	0	0	0	0	0	0	0	0	0	0	152050	134592	1348973	0	0	0	0	0	0	0	0	0	0	1229521	73995	0	789842	882467	0	0	2395003	927358	2889213	1939098	3423663	16189154	24214981	0
LFQ	31	0	0	3	0	0	0	0	0	0	0	0	0	0	0	151330	133937	1345369	0	0	0	0	0	0	0	0	0	0	1221990	74579	0	793694	885241	0	0	2402088	928150	2902941	1944666	3425823	16214427	24107662	0
LFQ	32	0	0	20	0	0	0	0	0	0	0	0	0	0	0	151512	134101	1343903	0	0	0	0	0	0	0	0	0	0	1206795	75203	0	795255	883012	0	0	2399322	926421	2904408	1946681	3441792	16254007	24011929	0
LFQ	33	0	0	9	0	0	0	0	0	0	0	0	0	0	0	150553	132867	1332981	0	0	0	0	0	0	0	0	0	0	1210209	75331	0	799895	887231	0	0	2406034	926145	2916035	1950756	3446166	16271015	23911718	0
LFQ	34	0	0	195	0	0	0	0	0	0	0	0	0	0	0	150709	134358	1341869	0	0	0	0	0	0	0	0	0	0	1198470	76033	0	807752	888172	0	0	2408783	925994	2923864	1952928	3447917	16270455	23831862	0
LFQ	35	0	0	6	0	0	0	0	0	0	0	0	0	0	0	153595	136466	1357500	0	0	0	0	0	0	0	0	0	0	1197130	76234	0	809668	889350	0	0	2409975	926461	2923805	1956852	3449960	16266255	23749149	0
LFQ	36	0	0	7	0	0	0	0	0	0	0	0	0	0	0	154466	136076	1359346	0	0	0	0	0	0	0	0	0	0	1214807	77158	0	816407	893121	0	0	2430369	935287	2939501	1964412	3465010	16274901	23584610	0
LFQ	37	0	0	273	0	0	0	0	0	0	0	0	0	0	0	153339	136144	1360110	0	0	0	0	0	0	0	0	0	0	1212633	76974	0	819074	894442	0	0	2431992	939393	2948811	1971086	3471980	16291635	23480296	0
LFQ	38	0	0	72	0	0	0	0	0	0	0	0	0	0	0	153424	136723	1362347	0	0	0	0	0	0	0	0	0	0	1215887	77908	0	824406	897479	0	0	2443922	942403	2957154	1974878	3479290	16290682	23374040	0
LFQ	39	0	0	192	0	0	0	0	0	0	0	0	0	0	0	157947	139241	1392717	0	0	0	0	0	0	0	0	0	0	1226911	78967	0	832327	902788	0	0	2456255	946260	2976095	1984565	3488220	16299755	23190666	0
LFQ	40	0	0	271	0	0	0	0	0	0	0	0	0	0	0	154589	136629	1363845	0	0	0	0	0	0	0	0	0	0	1236368	78045	0	831519	898185	0	0	2457091	952182	2975265	1989471	3495010	16309545	23137613	0
LFQ	41	0	0	181	0	0	0	0	0	0	0	0	0	0	0	156719	138687	1384051	0	0	0	0	0	0	0	0	0	0	1223251	79554	0	841833	905336	0	0	2469759	954936	2990693	1998049	3509970	16317880	22987513	0
LFQ	42	0	0	595	0	0	0	0	0	0	0	0	0	0	0	159005	139920	1391383	0	0	0	0	0	0	0	0	0	0	1236154	80983	0	851870	913678	0	0	2490125	960215	3015330	2015561	3528157	16362727	22754917	0
LFQ	43	0	0	9	0	0	0	0	0	0	0	0	0	0	0	157872	139185	1390122	0	0	0	0	0	0	0	0	0	0	1228402	81054	0	853611	910451	0	0	2490538	966519	3019525	2019616	3541823	16400512	22644568	0
LFQ	44	0	0	69	0	0	0	0	0	0	0	0	0	0	0	159380	141346	1399912	0	0	0	0	0	0	0	0	0	0	1230846	82019	0	858747	914893	0	0	2504821	968764	3034423	2029001	3547207	16430581	22484597	0
LFQ	45	0	0	15	0	0	0	0	0	0	0	0	0	0	0	160611	141015	1399284	0	0	0	0	0	0	0	0	0	0	1234752	81575	0	856689	911400	0	0	2506433	972071	3035335	2031203	3553044	16454377	22391966	0
LFQ	46	0	0	4	0	0	0	0	0	0	0	0	0	0	0	156726	138412	1375226	0	0	0	0	0	0	0	0	0	0	1235660	81862	0	859806	911150	0	0	2506939	971154	3044388	2031660	3556500	16454211	22349133	0
LFQ	47	0	0	6	0	0	0	0	0	0	0	0	0	0	0	160965	142255	1410527	0	0	0	0	0	0	0	0	0	0	1227538	82997	0	872348	917128	0	0	2517391	971917	3064616	2039054	3567040	16450566	22191848	0
LFQ	48	0	0	8	0	0	0	0	0	0	0	0	0	0	0	159642	140767	1395435	0	0	0	0	0	0	0	0	0	0	1246795	83692	0	875733	919961	0	0	2533573	981716	3077542	2050280	3580783	16481223	22032277	0
LFQ	49	0	0	562	0	0	0	0	0	0	0	0	0	0	0	160995	141571	1407139	0	0	0	0	0	0	0	0	0	0	1237337	84849	0	883578	922821	0	0	2549546	990743	3094108	2068119	3600438	16548154	21812849	0
LFQ	50	0	0	0	0	0	0	0	0	0	0	0	0	0	0	161908	143933	1420279	0	0	0	0	0	0	0	0	0	0	1242436	85436	0	894862	928916	0	0	2563101	990850	3116114	2072158	3607160	16557098	21661281	0
LFQ	51	0	0	7	0	0	0	0	0	0	0	0	0	0	0	167697	147991	1458710	0	0	0	0	0	0	0	0	0	0	1250884	86947	0	901859	934238	0	0	2573105	998744	3131589	2082800	3621114	16571315	21461407	0
LFQ	52	0	0	73	0	0	0	0	0	0	0	0	0	0	0	167679	147903	1454395	0	0	0	0	0	0	0	0	0	0	1280768	87853	0	908151	939852	0	0	2592721	1010653	3143290	2091786	3632028	16583677	21290000	0
LFQ	53	0	0	77	0	0	0	0	0	0	0	0	0	0	0	163000	144553	1419713	0	0	0	0	0	0	0	0	0	0	1272561	87824	0	907111	934756	0	0	2599139	1019163	3151111	2102998	3647831	16631068	21192551	0
LFQ	54	0	0	157	0	0	0	0	0	0	0	0	0	0	0	164581	145744	1425437	0	0	0	0	0	0	0	0	0	0	1254893	89288	0	915518	942245	0	0	2611296	1019361	3176572	2116269	3664514	16691658	20997781	0
LFQ	55	0	0	0	0	0	0	0	0	0	0	0	0	0	0	169720	151372	1467603	0	0	0	0	0	0	0	0	0	0	1258520	90170	0	931627	951822	0	0	2631766	1016900	3197755	2121386	3661917	16697991	20807979	0
LFQ	56	0	0	63	0	0	0	0	0	0	0	0	0	0	0	169136	150482	1463967	0	0	0	0	0	0	0	0	0	0	1277335	91354	0	938429	956027	0	0	2645536	1029903	3215142	2136028	3683363	16718515	20622563	0
LFQ	57	0	0	1	0	0	0	0	0	0	0	0	0	0	0	171249	153112	1477910	0	0	0	0	0	0	0	0	0	0	1280401	92884	0	946961	961578	0	0	2666723	1041366	3243608	2149037	3694767	16741776	20417387	0
LFQ	58	0	0	46	0	0	0	0	0	0	0	0	0	0	0	170317	152968	1471220	0	0	0	0	0	0	0	0	0	0	1270145	92524	0	948088	960002	0	0	2662898	1036835	3233459	2148912	3696700	16755070	20379742	0
LFQ	59	0	0	418	0	0	0	0	0	0	0	0	0	0	0	175713	158852	1510898	0	0	0	0	0	0	0	0	0	0	1291175	94533	0	969966	972454	0	0	2694501	1048103	3272343	2167579	3713821	16761978	20085995	0
LFQ	60	0	0	151	0	0	0	0	0	0	0	0	0	0	0	178901	163825	1529788	0	0	0	0	0	0	0	0	0	0	1314967	95723	0	979650	979845	0	0	2717707	1064652	3294675	2186595	3729130	16779691	19841907	0
LFQ	61	0	0	31	0	0	0	0	0	0	0	0	0	0	0	177406	165223	1520709	0	0	0	0	0	0	0	0	0	0	1319076	96736	0	980174	981850	0	0	2729158	1076520	3305853	2198983	3742957	16825491	19675852	0
LFQ	62	0	0	110	0	0	0	0	0	0	0	0	0	0	0	177626	169540	1516960	0	0	0	0	0	0	0	0	0	0	1326616	97521	0	986203	985545	0	0	2742709	1080971	3320865	2204888	3746969	16840979	19537434	0
LFQ	63	0	0	7	0	0	0	0	0	0	0	0	0	0	0	185348	182953	1573190	0	0	0	0	0	0	0	0	0	0	1332002	99158	0	999299	990527	0	0	2761008	1085741	3342443	2218311	3761068	16849715	19292249	0
LFQ	64	0	0	37	0	0	0	0	0	0	0	0	0	0	0	181818	184752	1537992	0	0	0	0	0	0	0	0	0	0	1367835	100378	0	1002670	995437	0	0	2771155	1096023	3355368	2226779	3765747	16873806	19151180	0
LFQ	65	0	0	2	0	0	0	0	0	0	0	0	0	0	0	180791	189264	1525425	0	0	0	0	0	0	0	0	0	0	1360919	101081	0	1008905	998449	0	0	2785032	1108941	3374930	2240676	3781636	16896239	18995713	0
LFQ	66	0	0	118	0	0	0	0	0	0	0	0	0	0	0	182803	196522	1540878	0	0	0	0	0	0	0	0	4	0	1351042	103784	0	1024362	1009705	0	0	2814481	1119003	3408944	2261214	3802391	16939437	18729611	0
LFQ	67	0	0	543	0	0	0	0	0	0	0	0	0	0	0	184548	205012	1546150	0	0	0	0	0	0	0	0	105	7	1351694	104483	0	1034358	1015148	0	0	2829025	1122563	3427019	2271752	3814812	16975811	18536548	0
LFQ	68	0	0	1	0	0	0	0	0	0	0	0	0	0	0	187157	215821	1550875	0	0	0	0	0	0	0	0	120	7	1356924	105068	0	1041625	1020657	0	0	2844456	1127962	3443378	2281833	3821918	17007790	18348300	0
LFQ	69	0	0	82	0	0	0	0	0	0	0	0	0	0	0	191965	224222	1582192	0	0	0	0	0	0	0	0	293	25	1385535	108127	0	1060314	1034410	0	0	2880066	1141987	3476306	2301434	3834155	17000015	18065939	0
LFQ	70	0	0	115	0	0	0	0	0	0	0	0	0	0	0	189962	234258	1571404	0	0	0	0	0	0	0	0	289	25	1388515	109001	0	1066686	1036175	0	0	2891543	1154167	3498166	2312420	3841407	17023506	17901276	0
LFQ	71	0	0	0	0	0	0	0	0	0	0	0	0	0	0	196109	237996	1604381	0	0	0	0	0	0	0	0	815	41	1407674	111170	0	1085577	1051545	0	0	2929638	1170298	3525944	2332413	3856555	17027461	17610409	0
LFQ	72	0	0	0	0	0	0	0	0	0	0	0	0	0	1	197249	246429	1603737	0	0	0	0	0	0	0	0	868	47	1408271	111777	0	1086664	1051191	0	0	2937564	1178716	3534861	2344523	3868228	17053311	17452789	0
LFQ	73	0	0	0	0	0	0	0	0	0	0	0	0	0	0	197513	249407	1601844	0	0	0	0	0	0	0	0	1396	72	1423608	113496	0	1101042	1060298	0	0	2958914	1182945	3559657	2352272	3877368	17046129	17275899	0
LFQ	74	0	0	36	0	0	0	0	0	0	0	0	0	4	19	198365	258699	1616880	0	0	0	0	0	0	1	0	1738	88	1418363	115196	0	1113128	1069296	2	3	2979245	1199799	3589352	2370247	3887847	17064964	17041083	0
LFQ	75	0	0	0	0	0	0	0	0	0	0	0	0	14	185	201848	266232	1651264	0	0	0	0	0	0	18	0	2182	115	1441203	117663	0	1134790	1084546	7	14	3016394	1210656	3622215	2390192	3898396	17038245	16766278	0
LFQ	76	0	0	2	0	0	0	0	0	0	0	0	0	410	3302	195899	263697	1637243	0	0	0	0	0	0	307	0	3607	302	1446073	117537	0	1133145	1084811	323	353	3022749	1224623	3630994	2403267	3907624	17076680	16603341	0
LFQ	77	0	0	250	0	0	0	0	0	0	0	0	0	642	4810	186615	264223	1633473	0	0	0	0	0	0	564	0	3978	352	1426518	117847	0	1137506	1084643	531	658	3017401	1218698	3635418	2398947	3903182	17070033	16553965	0
LFQ	78	0	0	0	0	0	0	0	0	0	0	0	0	356	2465	180546	267786	1650880	0	0	0	0	0	0	301	0	4839	334	1438870	121056	0	1160282	1096390	345	402	3056301	1236386	3669159	2418748	3920182	17038528	16271237	0
LFQ	79	0	0	0	0	0	0	0	0	0	0	0	0	526	3499	151939	258206	1598789	0	0	0	0	0	0	448	0	6311	433	1448957	120146	0	1171409	1109048	612	715	3076853	1256749	3690376	2433816	3925891	17023847	16010284	0
LFQ	80	0	0	0	0	0	0	0	0	0	0	0	0	330	1936	81355	197887	1207151	0	0	0	0	0	0	388	0	5445	378	1438136	118318	0	1174004	1111365	607	679	3093072	1266577	3698591	2445318	3935017	17023046	15726192	0
LFQ	81	0	0	0	0	0	0	0	0	0	0	0	0	0	0	0	0	0	0	0	0	0	0	0	1413	0	15612	646	3149722	204472	0	2148974	2358242	972	751	5130067	1767068	5054521	3033417	3595248	13106041	7249317	0
# GC Content of first fragments. Use `grep ^GCF | cut -f 2-` to extract this part.
GCF	0.50	27826
GCF	1.26	27812
GCF	1.76	27813
GCF	2.26	27818
GCF	2.76	27836
GCF	3.27	27905
GCF	3.77	28097
GCF	4.27	28224
GCF	4.77	28446
GCF	5.28	28537
GCF	5.78	28647
GCF	6.28	28803
GCF	6.78	28960
GCF	7.29	29210
GCF	7.79	29418
GCF	8.29	29636
GCF	8.79	29881
GCF	9.30	30293
GCF	9.80	30766
GCF	10.30	31054
GCF	10.80	31179
GCF	11.31	32043
GCF	11.81	32474
GCF	12.31	33669
GCF	12.81	34017
GCF	13.32	34519
GCF	13.82	35621
GCF	14.32	36925
GCF	14.82	38980
GCF	15.33	39715
GCF	15.83	43020
GCF	16.33	43742
GCF	16.83	45893
GCF	17.34	52755
GCF	17.84	53591
GCF	18.34	65186
GCF	18.84	67479
GCF	19.35	68403
GCF	19.85	90572
GCF	20.35	91538
GCF	20.85	119099
GCF	21.36	122615
GCF	21.86	124035
GCF	22.36	167163
GCF	22.86	169789
GCF	23.37	222592
GCF	23.87	228269
GCF	24.37	229983
GCF	24.87	305867
GCF	25.38	307393
GCF	25.88	388125
GCF	26.38	395620
GCF	26.88	398120
GCF	27.39	498317
GCF	27.89	501315
GCF	28.39	606451
GCF	28.89	615170
GCF	29.40	730977
GCF	29.90	740989
GCF	30.40	743756
GCF	30.90	869225
GCF	31.41	880419
GCF	31.91	1013796
GCF	32.41	1023223
GCF	32.91	1025185
GCF	33.42	1169618
GCF	33.92	1178282
GCF	34.42	1323068
GCF	34.92	1333437
GCF	35.43	1336667
GCF	35.93	1475436
GCF	36.43	1486741
GCF	36.93	1619222
GCF	37.44	1629686
GCF	37.94	1632184
GCF	38.44	1755894
GCF	38.94	1763372
GCF	39.45	1858197
GCF	39.95	1868583
GCF	40.45	1870803
GCF	40.95	1950014
GCF	41.46	1956449
GCF	41.96	2014395
GCF	42.46	2018028
GCF	42.96	2060375
GCF	43.47	2061962
GCF	43.97	2066440
GCF	44.47	2097497
GCF	44.97	2098956
GCF	45.48	2111818
GCF	45.98	2113543
GCF	46.48	2115091
GCF	46.98	2116809
GCF	47.49	2117912
GCF	47.99	2118153
GCF	48.49	2118706
GCF	48.99	2120566
GCF	49.50	2129505
GCF	50.00	2141234
GCF	50.50	2149952
GCF	51.01	2152362
GCF	51.51	2153513
GCF	52.01	2172035
GCF	52.51	2175214
GCF	53.02	2198544
GCF	53.52	2202157
GCF	54.02	2203848
GCF	54.52	2221029
GCF	55.03	2225207
GCF	55.53	2244737
GCF	56.03	2247880
GCF	56.53	2248425
GCF	57.04	2239392
GCF	57.54	2241230
GCF	58.04	2207796
GCF	58.54	2205460
GCF	59.05	2131903
GCF	59.55	2130554
GCF	60.05	2125272
GCF	60.55	2022932
GCF	61.06	2016029
GCF	61.56	1889091
GCF	62.06	1886168
GCF	62.56	1876096
GCF	63.07	1723948
GCF	63.57	1711332
GCF	64.07	1542326
GCF	64.57	1538371
GCF	65.08	1524881
GCF	65.58	1349470
GCF	66.08	1335991
GCF	66.58	1150111
GCF	67.09	1146962
GCF	67.59	1131968
GCF	68.09	958597
GCF	68.59	941182
GCF	69.10	778472
GCF	69.60	774109
GCF	70.10	760352
GCF	70.60	622348
GCF	71.11	610158
GCF	71.61	493042
GCF	72.11	488384
GCF	72.61	390056
GCF	73.12	386448
GCF	73.62	377406
GCF	74.12	307709
GCF	74.62	306008
GCF	75.13	244395
GCF	75.63	242218
GCF	76.13	236025
GCF	76.63	197301
GCF	77.14	193708
GCF	77.64	160111
GCF	78.14	158240
GCF	78.64	153751
GCF	79.15	132091
GCF	79.65	131148
GCF	80.15	109041
GCF	80.65	108064
GCF	81.16	104951
GCF	81.66	92146
GCF	82.16	90721
GCF	82.66	80948
GCF	83.17	76369
GCF	83.67	75208
GCF	84.17	67844
GCF	84.67	66515
GCF	85.18	60645
GCF	85.68	57221
GCF	86.18	53285
GCF	86.68	52601
GCF	87.19	52202
GCF	87.69	47590
GCF	88.19	47020
GCF	88.69	44055
GCF	89.20	43878
GCF	89.70	43545
GCF	90.20	41628
GCF	90.70	40606
GCF	91.21	40252
GCF	91.71	39545
GCF	92.21	38937
GCF	92.71	38491
GCF	93.22	38180
GCF	93.72	37895
GCF	94.22	37629
GCF	94.72	37526
GCF	95.23	37332
GCF	95.73	37251
GCF	96.23	37167
GCF	96.73	37108
GCF	97.24	37088
GCF	97.74	37080
GCF	98.24	37079
GCF	99.25	37080
# GC Content of last fragments. Use `grep ^GCL | cut -f 2-` to extract this part.
GCL	0.50	114177
GCL	1.26	114176
GCL	1.76	114166
GCL	2.26	114155
GCL	2.76	114178
GCL	3.27	114230
GCL	3.77	114358
GCL	4.27	114493
GCL	4.77	114716
GCL	5.28	114865
GCL	5.78	115169
GCL	6.28	115440
GCL	6.78	115711
GCL	7.29	116177
GCL	7.79	116701
GCL	8.29	117333
GCL	8.79	117626
GCL	9.30	118756
GCL	9.80	119988
GCL	10.30	120380
GCL	10.80	120602
GCL	11.31	122777
GCL	11.81	123489
GCL	12.31	126338
GCL	12.81	126820
GCL	13.32	127786
GCL	13.82	129441
GCL	14.32	133425
GCL	14.82	136316
GCL	15.33	138120
GCL	15.83	142342
GCL	16.33	143721
GCL	16.83	150897
GCL	17.34	159106
GCL	17.84	160980
GCL	18.34	173966
GCL	18.84	178225
GCL	19.35	179810
GCL	19.85	209863
GCL	20.35	211471
GCL	20.85	238721
GCL	21.36	245993
GCL	21.86	248592
GCL	22.36	294736
GCL	22.86	299944
GCL	23.37	349978
GCL	23.87	361018
GCL	24.37	364044
GCL	24.87	452926
GCL	25.38	455387
GCL	25.88	534006
GCL	26.38	547326
GCL	26.88	552110
GCL	27.39	653467
GCL	27.89	658718
GCL	28.39	766341
GCL	28.89	780690
GCL	29.40	889315
GCL	29.90	907337
GCL	30.40	912736
GCL	30.90	1034565
GCL	31.41	1053105
GCL	31.91	1180230
GCL	32.41	1194827
GCL	32.91	1197925
GCL	33.42	1353555
GCL	33.92	1367805
GCL	34.42	1502437
GCL	34.92	1519454
GCL	35.43	1525005
GCL	35.93	1658708
GCL	36.43	1676715
GCL	36.93	1800521
GCL	37.44	1819795
GCL	37.94	1824875
GCL	38.44	1935885
GCL	38.94	1950081
GCL	39.45	2039354
GCL	39.95	2065412
GCL	40.45	2069074
GCL	40.95	2139374
GCL	41.46	2149543
GCL	41.96	2199936
GCL	42.46	2207549
GCL	42.96	2248549
GCL	43.47	2251595
GCL	43.97	2259440
GCL	44.47	2281832
GCL	44.97	2287293
GCL	45.48	2298033
GCL	45.98	2301996
GCL	46.48	2308451
GCL	46.98	2308683
GCL	47.49	2313163
GCL	47.99	2305824
GCL	48.49	2308655
GCL	48.99	2312822
GCL	49.50	2315522
GCL	50.00	2359507
GCL	50.50	2361030
GCL	51.01	2367425
GCL	51.51	2370528
GCL	52.01	2385423
GCL	52.51	2393022
GCL	53.02	2407611
GCL	53.52	2416923
GCL	54.02	2420814
GCL	54.52	2437462
GCL	55.03	2445152
GCL	55.53	2459830
GCL	56.03	2468851
GCL	56.53	2470877
GCL	57.04	2463729
GCL	57.54	2468639
GCL	58.04	2432386
GCL	58.54	2431656
GCL	59.05	2364128
GCL	59.55	2361972
GCL	60.05	2357856
GCL	60.55	2264962
GCL	61.06	2252392
GCL	61.56	2137823
GCL	62.06	2132063
GCL	62.56	2115547
GCL	63.07	1976470
GCL	63.57	1956205
GCL	64.07	1803931
GCL	64.57	1795950
GCL	65.08	1772416
GCL	65.58	1614875
GCL	66.08	1590974
GCL	66.58	1419476
GCL	67.09	1414215
GCL	67.59	1387771
GCL	68.09	1227697
GCL	68.59	1195403
GCL	69.10	1048884
GCL	69.60	1038681
GCL	70.10	1011224
GCL	70.60	886272
GCL	71.11	862689
GCL	71.61	751826
GCL	72.11	741534
GCL	72.61	639320
GCL	73.12	629845
GCL	73.62	611113
GCL	74.12	547069
GCL	74.62	543448
GCL	75.13	470115
GCL	75.63	465250
GCL	76.13	452379
GCL	76.63	415559
GCL	77.14	406282
GCL	77.64	368254
GCL	78.14	364551
GCL	78.64	354491
GCL	79.15	333724
GCL	79.65	331693
GCL	80.15	297626
GCL	80.65	295244
GCL	81.16	288621
GCL	81.66	273888
GCL	82.16	270750
GCL	82.66	259538
GCL	83.17	244024
GCL	83.67	241333
GCL	84.17	233984
GCL	84.67	230288
GCL	85.18	223550
GCL	85.68	212938
GCL	86.18	208628
GCL	86.68	206750
GCL	87.19	205765
GCL	87.69	196177
GCL	88.19	194914
GCL	88.69	188171
GCL	89.20	187841
GCL	89.70	187106
GCL	90.20	182812
GCL	90.70	179860
GCL	91.21	179351
GCL	91.71	177552
GCL	92.21	176247
GCL	92.71	175245
GCL	93.22	174512
GCL	93.72	173940
GCL	94.22	173361
GCL	94.72	173175
GCL	95.23	172869
GCL	95.73	172747
GCL	96.23	172623
GCL	96.73	172544
GCL	97.24	172512
GCL	97.74	172495
GCL	98.24	172491
GCL	99.25	172495
# ACGT content per cycle. Use `grep ^GCC | cut -f 2-` to extract this part. The columns are: cycle; A,C,G,T base counts as a percentage of all A/C/G/T bases [%]; and N and O counts as a percentage of all A/C/G/T bases [%]
GCC	1	25.19	24.51	24.83	25.48	0.00	0.00
GCC	2	25.25	24.46	24.78	25.51	0.00	0.00
GCC	3	25.29	24.42	24.74	25.55	0.00	0.00
GCC	4	25.15	24.57	24.85	25.43	0.00	0.00
GCC	5	25.19	24.52	24.82	25.47	0.00	0.00
GCC	6	25.23	24.48	24.77	25.52	0.00	0.00
GCC	7	25.12	24.59	24.89	25.41	0.00	0.00
GCC	8	25.16	24.56	24.84	25.45	0.00	0.00
GCC	9	25.21	24.50	24.79	25.50	0.00	0.00
GCC	10	25.09	24.62	24.88	25.40	0.00	0.00
GCC	11	25.13	24.59	24.88	25.40	0.00	0.00
GCC	12	25.16	24.55	24.82	25.47	0.00	0.00
GCC	13	25.05	24.66	24.94	25.35	0.00	0.00
GCC	14	25.09	24.62	24.89	25.40	0.00	0.00
GCC	15	25.13	24.58	24.85	25.44	0.00	0.00
GCC	16	25.04	24.67	24.94	25.35	0.00	0.00
GCC	17	25.07	24.65	24.91	25.37	0.00	0.00
GCC	18	25.11	24.61	24.86	25.42	0.00	0.00
GCC	19	25.02	24.70	24.95	25.33	0.00	0.00
GCC	20	25.04	24.67	24.93	25.36	0.00	0.00
GCC	21	25.09	24.63	24.87	25.40	0.00	0.00
GCC	22	24.99	24.74	24.96	25.31	0.00	0.00
GCC	23	25.02	24.71	24.95	25.33	0.00	0.00
GCC	24	25.06	24.65	24.88	25.41	0.00	0.00
GCC	25	24.96	24.76	24.98	25.30	0.00	0.00
GCC	26	24.99	24.73	24.95	25.33	0.00	0.00
GCC	27	25.04	24.68	24.90	25.39	0.00	0.00
GCC	28	24.95	24.78	24.99	25.28	0.00	0.00
GCC	29	24.99	24.74	24.96	25.32	0.00	0.00
GCC	30	25.03	24.68	24.91	25.38	0.00	0.00
GCC	31	24.94	24.78	24.99	25.29	0.00	0.00
GCC	32	24.96	24.75	24.97	25.31	0.00	0.00
GCC	33	25.02	24.70	24.90	25.37	0.00	0.00
GCC	34	24.93	24.79	25.00	25.28	0.00	0.00
GCC	35	24.95	24.77	24.98	25.31	0.00	0.00
GCC	36	24.98	24.73	24.92	25.37	0.00	0.00
GCC	37	24.91	24.82	24.99	25.28	0.00	0.00
GCC	38	24.95	24.77	24.97	25.31	0.00	0.00
GCC	39	24.99	24.73	24.92	25.36	0.00	0.00
GCC	40	24.89	24.83	25.00	25.27	0.00	0.00
GCC	41	24.92	24.80	24.98	25.30	0.00	0.00
GCC	42	24.97	24.75	24.92	25.36	0.00	0.00
GCC	43	24.89	24.83	25.01	25.27	0.00	0.00
GCC	44	24.92	24.80	24.98	25.30	0.00	0.00
GCC	45	24.98	24.75	24.92	25.35	0.00	0.00
GCC	46	24.88	24.85	25.01	25.26	0.00	0.00
GCC	47	24.91	24.81	24.99	25.29	0.00	0.00
GCC	48	24.96	24.76	24.94	25.35	0.00	0.00
GCC	49	24.87	24.85	25.02	25.26	0.00	0.00
GCC	50	24.90	24.83	24.99	25.28	0.00	0.00
GCC	51	24.94	24.78	24.94	25.33	0.00	0.00
GCC	52	24.87	24.85	25.01	25.26	0.00	0.00
GCC	53	24.90	24.82	24.99	25.29	0.00	0.00
GCC	54	24.94	24.78	24.93	25.34	0.00	0.00
GCC	55	24.85	24.87	25.02	25.25	0.00	0.00
GCC	56	24.89	24.83	25.00	25.28	0.00	0.00
GCC	57	24.93	24.78	24.94	25.35	0.00	0.00
GCC	58	24.86	24.87	25.01	25.26	0.00	0.00
GCC	59	24.89	24.83	24.98	25.29	0.00	0.00
GCC	60	24.93	24.79	24.95	25.34	0.00	0.00
GCC	61	24.87	24.87	25.00	25.27	0.00	0.00
GCC	62	24.88	24.83	24.99	25.30	0.00	0.00
GCC	63	24.94	24.79	24.93	25.34	0.00	0.00
GCC	64	24.85	24.87	25.02	25.27	0.00	0.00
GCC	65	24.88	24.84	24.99	25.29	0.00	0.00
GCC	66	24.93	24.80	24.94	25.33	0.00	0.00
GCC	67	24.86	24.86	25.02	25.26	0.00	0.00
GCC	68	24.89	24.84	25.00	25.28	0.00	0.00
GCC	69	24.91	24.81	24.96	25.32	0.00	0.00
GCC	70	24.85	24.87	25.03	25.25	0.00	0.00
GCC	71	24.87	24.84	25.01	25.27	0.00	0.00
GCC	72	24.91	24.80	24.96	25.33	0.00	0.00
GCC	73	24.85	24.87	25.01	25.26	0.00	0.00
GCC	74	24.88	24.85	25.00	25.27	0.00	0.00
GCC	75	24.92	24.79	24.96	25.33	0.00	0.00
GCC	76	24.85	24.87	25.03	25.25	0.00	0.00
GCC	77	24.89	24.83	24.99	25.29	0.00	0.00
GCC	78	24.93	24.79	24.94	25.34	0.00	0.00
GCC	79	24.88	24.85	25.00	25.28	0.00	0.00
GCC	80	24.91	24.81	24.97	25.31	0.00	0.00
GCC	81	24.75	24.95	25.04	25.27	0.00	0.00
# ACGT content per cycle, read oriented. Use `grep ^GCT | cut -f 2-` to extract this part. The columns are: cycle; A,C,G,T base counts as a percentage of all A/C/G/T bases [%]
GCT	1	24.93	25.01	24.33	25.74
GCT	2	25.15	24.82	24.43	25.61
GCT	3	25.18	24.75	24.41	25.66
GCT	4	25.02	24.98	24.45	25.56
GCT	5	25.14	24.85	24.49	25.52
GCT	6	25.16	24.80	24.46	25.59
GCT	7	25.02	24.98	24.50	25.50
GCT	8	25.12	24.86	24.54	25.48
GCT	9	25.17	24.79	24.50	25.54
GCT	10	25.00	24.95	24.56	25.50
GCT	11	25.12	24.84	24.63	25.41
GCT	12	25.15	24.81	24.56	25.48
GCT	13	25.02	24.96	24.64	25.38
GCT	14	25.13	24.87	24.64	25.36
GCT	15	25.11	24.84	24.60	25.46
GCT	16	25.01	24.98	24.63	25.38
GCT	17	25.10	24.90	24.66	25.34
GCT	18	25.10	24.85	24.62	25.43
GCT	19	25.00	24.99	24.66	25.35
GCT	20	25.07	24.90	24.70	25.32
GCT	21	25.13	24.85	24.66	25.37
GCT	22	25.00	24.98	24.72	25.30
GCT	23	25.06	24.92	24.73	25.29
GCT	24	25.10	24.86	24.67	25.38
GCT	25	24.96	25.02	24.73	25.29
GCT	26	25.07	24.91	24.77	25.25
GCT	27	25.10	24.88	24.70	25.33
GCT	28	24.95	25.03	24.74	25.28
GCT	29	25.06	24.94	24.76	25.24
GCT	30	25.09	24.89	24.70	25.32
GCT	31	24.96	25.02	24.75	25.27
GCT	32	25.06	24.95	24.77	25.22
GCT	33	25.08	24.89	24.71	25.31
GCT	34	24.96	25.04	24.75	25.26
GCT	35	25.05	24.93	24.81	25.21
GCT	36	25.06	24.94	24.71	25.28
GCT	37	24.97	25.04	24.77	25.22
GCT	38	25.04	24.96	24.78	25.22
GCT	39	25.08	24.92	24.74	25.27
GCT	40	24.96	25.06	24.77	25.21
GCT	41	25.05	24.97	24.82	25.17
GCT	42	25.06	24.92	24.74	25.27
GCT	43	24.95	25.05	24.79	25.21
GCT	44	25.05	24.95	24.82	25.17
GCT	45	25.09	24.90	24.77	25.24
GCT	46	24.97	25.06	24.80	25.18
GCT	47	25.05	24.97	24.83	25.15
GCT	48	25.07	24.94	24.75	25.23
GCT	49	24.97	25.06	24.81	25.16
GCT	50	25.05	24.96	24.86	25.13
GCT	51	25.08	24.91	24.81	25.19
GCT	52	25.00	25.03	24.84	25.14
GCT	53	25.09	24.94	24.87	25.11
GCT	54	25.09	24.91	24.81	25.19
GCT	55	24.98	25.03	24.86	25.13
GCT	56	25.07	24.96	24.87	25.11
GCT	57	25.10	24.91	24.82	25.18
GCT	58	24.99	25.02	24.85	25.13
GCT	59	25.08	24.93	24.88	25.10
GCT	60	25.10	24.90	24.83	25.17
GCT	61	25.03	25.00	24.87	25.11
GCT	62	25.08	24.92	24.90	25.09
GCT	63	25.12	24.87	24.85	25.16
GCT	64	25.01	25.01	24.88	25.10
GCT	65	25.11	24.93	24.90	25.07
GCT	66	25.13	24.89	24.85	25.13
GCT	67	25.03	24.99	24.89	25.09
GCT	68	25.09	24.93	24.91	25.07
GCT	69	25.11	24.90	24.87	25.12
GCT	70	25.03	25.01	24.88	25.08
GCT	71	25.09	24.94	24.92	25.05
GCT	72	25.13	24.89	24.87	25.11
GCT	73	25.04	24.99	24.90	25.07
GCT	74	25.10	24.93	24.92	25.05
GCT	75	25.15	24.89	24.86	25.10
GCT	76	25.05	25.00	24.89	25.05
GCT	77	25.15	24.92	24.90	25.04
GCT	78	25.17	24.90	24.83	25.10
GCT	79	25.09	24.99	24.86	25.06
GCT	80	25.15	24.93	24.85	25.07
GCT	81	24.87	25.31	24.67	25.14
# ACGT content per cycle for first fragments. Use `grep ^FBC | cut -f 2-` to extract this part. The columns are: cycle; A,C,G,T base counts as a percentage of all A/C/G/T bases [%]; and N and O counts as a percentage of all A/C/G/T bases [%]
FBC	1	25.30	24.46	24.94	25.30	0.00	0.00
FBC	2	25.30	24.46	24.87	25.37	0.00	0.00
FBC	3	25.34	24.43	24.83	25.41	0.00	0.00
FBC	4	25.23	24.53	24.95	25.29	0.00	0.00
FBC	5	25.24	24.52	24.89	25.35	0.00	0.00
FBC	6	25.28	24.48	24.86	25.38	0.00	0.00
FBC	7	25.19	24.56	24.97	25.27	0.00	0.00
FBC	8	25.20	24.56	24.92	25.33	0.00	0.00
FBC	9	25.24	24.51	24.88	25.38	0.00	0.00
FBC	10	25.15	24.60	24.98	25.27	0.00	0.00
FBC	11	25.16	24.60	24.93	25.30	0.00	0.00
FBC	12	25.19	24.56	24.90	25.35	0.00	0.00
FBC	13	25.11	24.65	25.00	25.24	0.00	0.00
FBC	14	25.11	24.63	24.95	25.31	0.00	0.00
FBC	15	25.16	24.60	24.93	25.31	0.00	0.00
FBC	16	25.10	24.65	25.01	25.24	0.00	0.00
FBC	17	25.09	24.65	24.97	25.29	0.00	0.00
FBC	18	25.14	24.61	24.93	25.31	0.00	0.00
FBC	19	25.06	24.69	25.02	25.23	0.00	0.00
FBC	20	25.06	24.68	24.99	25.27	0.00	0.00
FBC	21	25.11	24.65	24.94	25.30	0.00	0.00
FBC	22	25.03	24.73	25.02	25.22	0.00	0.00
FBC	23	25.03	24.72	24.99	25.26	0.00	0.00
FBC	24	25.09	24.66	24.94	25.31	0.00	0.00
FBC	25	24.99	24.75	25.05	25.21	0.00	0.00
FBC	26	25.01	24.73	24.99	25.27	0.00	0.00
FBC	27	25.06	24.69	24.96	25.29	0.00	0.00
FBC	28	24.99	24.77	25.05	25.20	0.00	0.00
FBC	29	25.01	24.75	25.00	25.25	0.00	0.00
FBC	30	25.04	24.69	24.96	25.30	0.00	0.00
FBC	31	24.98	24.77	25.05	25.20	0.00	0.00
FBC	32	24.98	24.76	25.02	25.24	0.00	0.00
FBC	33	25.04	24.71	24.95	25.30	0.00	0.00
FBC	34	24.97	24.77	25.06	25.20	0.00	0.00
FBC	35	24.96	24.78	25.01	25.25	0.00	0.00
FBC	36	25.00	24.73	24.98	25.29	0.00	0.00
FBC	37	24.94	24.79	25.06	25.21	0.00	0.00
FBC	38	24.96	24.77	25.01	25.26	0.00	0.00
FBC	39	25.00	24.75	24.97	25.28	0.00	0.00
FBC	40	24.93	24.81	25.06	25.21	0.00	0.00
FBC	41	24.93	24.80	25.02	25.25	0.00	0.00
FBC	42	24.99	24.77	24.97	25.28	0.00	0.00
FBC	43	24.93	24.81	25.05	25.22	0.00	0.00
FBC	44	24.93	24.80	25.01	25.26	0.00	0.00
FBC	45	24.99	24.77	24.96	25.28	0.00	0.00
FBC	46	24.92	24.82	25.05	25.21	0.00	0.00
FBC	47	24.91	24.82	25.02	25.24	0.00	0.00
FBC	48	24.97	24.76	24.98	25.29	0.00	0.00
FBC	49	24.89	24.84	25.06	25.21	0.00	0.00
FBC	50	24.90	24.83	25.03	25.24	0.00	0.00
FBC	51	24.95	24.79	24.98	25.28	0.00	0.00
FBC	52	24.89	24.84	25.06	25.21	0.00	0.00
FBC	53	24.89	24.83	25.02	25.26	0.00	0.00
FBC	54	24.94	24.80	24.98	25.29	0.00	0.00
FBC	55	24.87	24.86	25.06	25.21	0.00	0.00
FBC	56	24.88	24.84	25.02	25.25	0.00	0.00
FBC	57	24.93	24.80	24.97	25.30	0.00	0.00
FBC	58	24.88	24.85	25.06	25.20	0.00	0.00
FBC	59	24.88	24.85	25.01	25.26	0.00	0.00
FBC	60	24.92	24.80	24.98	25.29	0.00	0.00
FBC	61	24.87	24.86	25.04	25.22	0.00	0.00
FBC	62	24.87	24.85	25.01	25.27	0.00	0.00
FBC	63	24.92	24.81	24.97	25.30	0.00	0.00
FBC	64	24.86	24.86	25.06	25.23	0.00	0.00
FBC	65	24.86	24.86	25.01	25.28	0.00	0.00
FBC	66	24.91	24.81	24.97	25.30	0.00	0.00
FBC	67	24.86	24.86	25.05	25.23	0.00	0.00
FBC	68	24.87	24.85	25.02	25.26	0.00	0.00
FBC	69	24.89	24.83	24.99	25.28	0.00	0.00
FBC	70	24.85	24.86	25.06	25.23	0.00	0.00
FBC	71	24.85	24.87	25.03	25.26	0.00	0.00
FBC	72	24.89	24.82	24.98	25.30	0.00	0.00
FBC	73	24.85	24.87	25.04	25.24	0.00	0.00
FBC	74	24.86	24.87	25.02	25.26	0.00	0.00
FBC	75	24.89	24.82	24.99	25.30	0.00	0.00
FBC	76	24.83	24.87	25.06	25.24	0.00	0.00
FBC	77	24.85	24.85	25.01	25.29	0.00	0.00
FBC	78	24.90	24.81	24.98	25.32	0.00	0.00
FBC	79	24.86	24.85	25.03	25.26	0.00	0.00
FBC	80	24.88	24.82	25.01	25.30	0.00	0.00
FBC	81	24.85	24.81	25.07	25.27	0.00	0.00
# ACGT raw counters for first fragments. Use `grep ^FTC | cut -f 2-` to extract this part. The columns are: A,C,G,T,N base counters
FTC	1161289998	1149549557	1161231591	1174130266	6197
# ACGT content per cycle for last fragments. Use `grep ^LBC | cut -f 2-` to extract this part. The columns are: cycle; A,C,G,T base counts as a percentage of all A/C/G/T bases [%]; and N and O counts as a percentage of all A/C/G/T bases [%]
LBC	1	25.08	24.56	24.71	25.65	0.00	0.00
LBC	2	25.20	24.45	24.70	25.65	0.00	0.00
LBC	3	25.24	24.41	24.65	25.70	0.00	0.00
LBC	4	25.07	24.61	24.76	25.57	0.00	0.00
LBC	5	25.14	24.53	24.74	25.59	0.00	0.00
LBC	6	25.17	24.49	24.68	25.66	0.00	0.00
LBC	7	25.04	24.63	24.80	25.54	0.00	0.00
LBC	8	25.12	24.55	24.76	25.57	0.00	0.00
LBC	9	25.18	24.49	24.70	25.63	0.00	0.00
LBC	10	25.03	24.63	24.79	25.54	0.00	0.00
LBC	11	25.09	24.58	24.83	25.50	0.00	0.00
LBC	12	25.14	24.53	24.74	25.58	0.00	0.00
LBC	13	25.00	24.67	24.87	25.46	0.00	0.00
LBC	14	25.07	24.62	24.82	25.49	0.00	0.00
LBC	15	25.10	24.57	24.77	25.56	0.00	0.00
LBC	16	24.98	24.69	24.86	25.46	0.00	0.00
LBC	17	25.04	24.65	24.85	25.46	0.00	0.00
LBC	18	25.07	24.60	24.79	25.53	0.00	0.00
LBC	19	24.98	24.72	24.88	25.43	0.00	0.00
LBC	20	25.02	24.66	24.88	25.44	0.00	0.00
LBC	21	25.08	24.61	24.81	25.51	0.00	0.00
LBC	22	24.95	24.74	24.91	25.40	0.00	0.00
LBC	23	25.00	24.70	24.90	25.40	0.00	0.00
LBC	24	25.04	24.63	24.82	25.51	0.00	0.00
LBC	25	24.92	24.77	24.92	25.39	0.00	0.00
LBC	26	24.97	24.74	24.90	25.39	0.00	0.00
LBC	27	25.02	24.67	24.84	25.48	0.00	0.00
LBC	28	24.91	24.79	24.93	25.37	0.00	0.00
LBC	29	24.97	24.74	24.91	25.39	0.00	0.00
LBC	30	25.02	24.67	24.85	25.46	0.00	0.00
LBC	31	24.91	24.79	24.93	25.37	0.00	0.00
LBC	32	24.95	24.75	24.92	25.39	0.00	0.00
LBC	33	25.01	24.70	24.85	25.45	0.00	0.00
LBC	34	24.89	24.81	24.94	25.37	0.00	0.00
LBC	35	24.94	24.75	24.94	25.37	0.00	0.00
LBC	36	24.96	24.73	24.87	25.44	0.00	0.00
LBC	37	24.88	24.84	24.93	25.35	0.00	0.00
LBC	38	24.94	24.78	24.93	25.36	0.00	0.00
LBC	39	24.98	24.72	24.87	25.44	0.00	0.00
LBC	40	24.86	24.86	24.95	25.34	0.00	0.00
LBC	41	24.91	24.80	24.95	25.34	0.00	0.00
LBC	42	24.96	24.73	24.87	25.44	0.00	0.00
LBC	43	24.86	24.86	24.96	25.33	0.00	0.00
LBC	44	24.92	24.79	24.95	25.34	0.00	0.00
LBC	45	24.96	24.74	24.88	25.41	0.00	0.00
LBC	46	24.85	24.87	24.96	25.32	0.00	0.00
LBC	47	24.91	24.80	24.96	25.33	0.00	0.00
LBC	48	24.94	24.76	24.89	25.41	0.00	0.00
LBC	49	24.85	24.87	24.97	25.31	0.00	0.00
LBC	50	24.90	24.82	24.96	25.32	0.00	0.00
LBC	51	24.94	24.77	24.90	25.39	0.00	0.00
LBC	52	24.85	24.87	24.97	25.31	0.00	0.00
LBC	53	24.91	24.81	24.95	25.33	0.00	0.00
LBC	54	24.94	24.77	24.89	25.39	0.00	0.00
LBC	55	24.84	24.88	24.98	25.30	0.00	0.00
LBC	56	24.90	24.82	24.97	25.31	0.00	0.00
LBC	57	24.93	24.77	24.90	25.40	0.00	0.00
LBC	58	24.85	24.88	24.96	25.31	0.00	0.00
LBC	59	24.91	24.82	24.95	25.32	0.00	0.00
LBC	60	24.93	24.77	24.91	25.39	0.00	0.00
LBC	61	24.86	24.87	24.96	25.31	0.00	0.00
LBC	62	24.89	24.82	24.96	25.33	0.00	0.00
LBC	63	24.96	24.76	24.90	25.39	0.00	0.00
LBC	64	24.84	24.87	24.98	25.31	0.00	0.00
LBC	65	24.91	24.82	24.97	25.30	0.00	0.00
LBC	66	24.94	24.78	24.91	25.37	0.00	0.00
LBC	67	24.86	24.86	24.99	25.30	0.00	0.00
LBC	68	24.90	24.82	24.97	25.30	0.00	0.00
LBC	69	24.93	24.78	24.93	25.35	0.00	0.00
LBC	70	24.86	24.87	24.99	25.28	0.00	0.00
LBC	71	24.89	24.82	25.00	25.29	0.00	0.00
LBC	72	24.93	24.78	24.93	25.36	0.00	0.00
LBC	73	24.86	24.88	24.98	25.29	0.00	0.00
LBC	74	24.90	24.83	24.98	25.28	0.00	0.00
LBC	75	24.95	24.76	24.93	25.36	0.00	0.00
LBC	76	24.87	24.87	25.00	25.27	0.00	0.00
LBC	77	24.93	24.81	24.96	25.29	0.00	0.00
LBC	78	24.97	24.77	24.91	25.36	0.00	0.00
LBC	79	24.89	24.85	24.96	25.30	0.00	0.00
LBC	80	24.95	24.79	24.93	25.33	0.00	0.00
LBC	81	24.64	25.10	25.00	25.26	0.00	0.00
# ACGT raw counters for last fragments. Use `grep ^LTC | cut -f 2-` to extract this part. The columns are: A,C,G,T,N base counters
LTC	1129023513	1118987800	1125834698	1149198006	6563
# Insert sizes. Use `grep ^IS | cut -f 2-` to extract this part. The columns are: insert size, pairs total, inward oriented pairs, outward oriented pairs, other pairs
IS	0	0	0	0	0
IS	1	2	0	2	0
IS	2	145	0	145	0
IS	3	131	0	131	0
IS	4	156	0	156	0
IS	5	168	0	166	2
IS	6	199	0	199	0
IS	7	205	0	203	2
IS	8	216	0	216	0
IS	9	225	0	224	1
IS	10	221	0	221	0
IS	11	259	0	258	1
IS	12	272	0	272	0
IS	13	252	0	252	0
IS	14	307	0	307	0
IS	15	311	0	311	0
IS	16	338	0	337	1
IS	17	330	0	329	1
IS	18	376	0	376	0
IS	19	671	145	526	0
IS	20	586	98	488	0
IS	21	497	63	433	1
IS	22	517	44	473	0
IS	23	529	45	484	0
IS	24	503	24	478	1
IS	25	517	32	484	1
IS	26	521	25	494	2
IS	27	564	28	536	0
IS	28	563	40	523	0
IS	29	591	26	564	1
IS	30	625	34	589	2
IS	31	653	44	608	1
IS	32	678	39	638	1
IS	33	645	32	612	1
IS	34	767	51	714	2
IS	35	782	54	726	2
IS	36	802	57	744	1
IS	37	843	70	772	1
IS	38	918	77	839	2
IS	39	938	68	870	0
IS	40	993	77	916	0
IS	41	1086	79	1004	3
IS	42	1156	84	1069	3
IS	43	1280	103	1175	2
IS	44	1329	125	1202	2
IS	45	1461	111	1348	2
IS	46	1579	111	1465	3
IS	47	1804	154	1648	2
IS	48	2021	165	1856	0
IS	49	2285	185	2100	0
IS	50	2588	200	2383	5
IS	51	2752	185	2564	3
IS	52	3216	210	3006	0
IS	53	3413	219	3192	2
IS	54	3945	250	3693	2
IS	55	4618	291	4325	2
IS	56	5233	293	4939	1
IS	57	5939	347	5588	4
IS	58	6831	308	6519	4
IS	59	7987	416	7569	2
IS	60	9265	429	8834	2
IS	61	10770	502	10267	1
IS	62	12160	497	11662	1
IS	63	14254	639	13614	1
IS	64	16126	725	15400	1
IS	65	18507	765	17740	2
IS	66	21049	917	20130	2
IS	67	24221	991	23229	1
IS	68	27504	1124	26380	0
IS	69	31131	1245	29884	2
IS	70	34761	1496	33265	0
IS	71	39219	1586	37630	3
IS	72	44036	1768	42265	3
IS	73	49341	2066	47275	0
IS	74	55255	2259	52992	4
IS	75	61569	2667	58901	1
IS	76	68041	2926	65114	1
IS	77	74653	3258	71391	4
IS	78	81870	3758	78111	1
IS	79	89425	4729	84696	0
IS	80	97878	9359	88517	2
IS	81	105925	46932	58991	2
IS	82	114283	114114	168	1
IS	83	123746	123675	68	3
IS	84	132567	132517	49	1
IS	85	141571	141540	30	1
IS	86	151225	151207	18	0
IS	87	160483	160464	17	2
IS	88	169941	169927	14	0
IS	89	179778	179766	8	4
IS	90	190015	190002	11	2
IS	91	198914	198901	10	3
IS	92	207971	207962	7	2
IS	93	217303	217294	5	4
IS	94	226706	226699	2	5
IS	95	235852	235847	3	2
IS	96	244729	244724	3	2
IS	97	253170	253162	2	6
IS	98	261586	261580	2	4
IS	99	269956	269953	2	1
IS	100	277577	277571	5	1
IS	101	284915	284912	1	2
IS	102	291007	291005	2	0
IS	103	298757	298751	4	2
IS	104	304312	304309	1	2
IS	105	310445	310440	4	1
IS	106	315925	315923	0	2
IS	107	322923	322920	1	2
IS	108	327499	327496	2	1
IS	109	330771	330768	2	1
IS	110	336127	336124	1	2
IS	111	340419	340416	1	2
IS	112	343293	343289	2	2
IS	113	348509	348506	0	3
IS	114	350322	350322	0	0
IS	115	354770	354769	1	0
IS	116	356670	356664	3	3
IS	117	358746	358741	2	3
IS	118	360819	360815	3	1
IS	119	363914	363912	1	1
IS	120	364701	364699	2	0
IS	121	365945	365943	0	2
IS	122	367026	367021	1	4
IS	123	370058	370055	1	2
IS	124	370179	370178	0	1
IS	125	371639	371637	1	1
IS	126	370635	370630	3	2
IS	127	371890	371887	3	0
IS	128	372461	372459	1	1
IS	129	372364	372361	1	2
IS	130	371859	371858	0	1
IS	131	372435	372433	2	0
IS	132	371855	371853	1	1
IS	133	371586	371582	4	0
IS	134	371962	371958	1	3
IS	135	370295	370292	3	0
IS	136	368722	368717	1	4
IS	137	368501	368497	1	3
IS	138	367351	367349	1	1
IS	139	367849	367841	5	3
IS	140	366532	366531	1	0
IS	141	364203	364200	2	1
IS	142	363628	363626	1	1
IS	143	361330	361327	1	2
IS	144	359788	359786	0	2
IS	145	359133	359127	2	4
IS	146	358096	358095	1	0
IS	147	356907	356901	2	4
IS	148	354400	354396	2	2
IS	149	353483	353480	0	3
IS	150	349716	349714	0	2
IS	151	349256	349253	3	0
IS	152	346889	346884	2	3
IS	153	345161	345153	3	5
IS	154	342723	342718	3	2
IS	155	340392	340388	0	4
IS	156	339105	339101	2	2
IS	157	336263	336256	4	3
IS	158	334831	334828	1	2
IS	159	332996	332996	0	0
IS	160	331366	331362	4	0
IS	161	328929	328927	2	0
IS	162	325668	325663	3	2
IS	163	323327	323321	3	3
IS	164	321629	321626	2	1
IS	165	319019	319014	3	2
IS	166	317060	317053	4	3
IS	167	314379	314376	1	2
IS	168	312740	312732	5	3
IS	169	310759	310755	1	3
IS	170	307925	307921	2	2
IS	171	305337	305336	0	1
IS	172	302210	302205	0	5
IS	173	300118	300118	0	0
IS	174	297877	297874	1	2
IS	175	295381	295379	0	2
IS	176	293328	293325	2	1
IS	177	290373	290372	1	0
IS	178	287856	287852	1	3
IS	179	285147	285141	2	4
IS	180	283825	283822	1	2
IS	181	280722	280717	2	3
IS	182	278172	278169	1	2
IS	183	275304	275300	3	1
IS	184	273371	273369	1	1
IS	185	271134	271131	1	2
IS	186	268459	268455	2	2
IS	187	265073	265070	2	1
IS	188	263370	263366	1	3
IS	189	260905	260902	0	3
IS	190	258934	258930	2	2
IS	191	257122	257119	1	2
IS	192	253237	253237	0	0
IS	193	250988	250983	1	4
IS	194	248986	248984	0	2
IS	195	245806	245805	0	1
IS	196	243587	243586	0	1
IS	197	242478	242473	3	2
IS	198	238739	238734	3	2
IS	199	236136	236133	2	1
IS	200	233050	233046	2	2
IS	201	231540	231535	4	1
IS	202	228405	228399	4	2
IS	203	226679	226678	0	1
IS	204	224874	224873	1	0
IS	205	222423	222422	1	0
IS	206	220421	220418	1	2
IS	207	218328	218325	1	2
IS	208	215323	215319	2	2
IS	209	212572	212571	0	1
IS	210	211606	211602	3	1
IS	211	207660	207659	0	1
IS	212	207041	207039	0	2
IS	213	203771	203769	1	1
IS	214	200922	200920	1	1
IS	215	199868	199865	2	1
IS	216	196903	196901	0	2
IS	217	195204	195202	0	2
IS	218	193853	193853	0	0
IS	219	190366	190361	1	4
IS	220	188191	188187	2	2
IS	221	186389	186387	2	0
IS	222	184985	184983	0	2
IS	223	182482	182480	0	2
IS	224	179495	179493	0	2
IS	225	178256	178252	2	2
IS	226	176625	176623	2	0
IS	227	173515	173513	1	1
IS	228	171999	171996	1	2
IS	229	169764	169762	1	1
IS	230	168571	168570	1	0
IS	231	166233	166229	3	1
IS	232	163373	163370	3	0
IS	233	161842	161842	0	0
IS	234	159992	159991	0	1
IS	235	158250	158249	0	1
IS	236	156444	156440	2	2
IS	237	154842	154837	2	3
IS	238	152344	152342	2	0
IS	239	151645	151642	2	1
IS	240	149267	149266	1	0
IS	241	147240	147240	0	0
IS	242	145531	145527	2	2
IS	243	145241	145240	1	0
IS	244	141998	141997	1	0
IS	245	140063	140061	0	2
IS	246	137807	137804	3	0
IS	247	137102	137100	0	2
IS	248	136166	136164	0	2
IS	249	133816	133815	1	0
IS	250	132665	132661	3	1
IS	251	130914	130913	0	1
IS	252	129363	129361	1	1
IS	253	128110	128109	1	0
IS	254	126458	126456	1	1
IS	255	124445	124443	2	0
IS	256	122427	122426	1	0
IS	257	121361	121360	1	0
IS	258	120030	120029	1	0
IS	259	119035	119033	1	1
IS	260	117160	117158	0	2
IS	261	115434	115434	0	0
IS	262	114393	114393	0	0
IS	263	113061	113061	0	0
IS	264	111991	111991	0	0
IS	265	110494	110492	1	1
IS	266	107897	107894	0	3
IS	267	107212	107209	3	0
IS	268	105913	105911	0	2
IS	269	104773	104773	0	0
IS	270	103315	103314	0	1
IS	271	101878	101873	0	5
IS	272	101033	101032	0	1
IS	273	99900	99898	2	0
IS	274	98793	98792	1	0
IS	275	97069	97068	1	0
IS	276	95939	95937	1	1
IS	277	95051	95050	1	0
IS	278	93789	93786	3	0
IS	279	92384	92382	2	0
IS	280	91219	91216	1	2
IS	281	90356	90355	0	1
IS	282	89184	89183	1	0
IS	283	88388	88387	1	0
IS	284	87518	87514	1	3
IS	285	85663	85660	0	3
IS	286	84396	84395	1	0
IS	287	84006	84006	0	0
IS	288	82676	82675	0	1
IS	289	81778	81777	1	0
IS	290	80085	80080	3	2
IS	291	79978	79978	0	0
IS	292	78663	78663	0	0
IS	293	78161	78159	2	0
IS	294	76880	76880	0	0
IS	295	75967	75966	1	0
IS	296	74616	74615	0	1
IS	297	73764	73763	0	1
IS	298	73214	73212	0	2
IS	299	71974	71974	0	0
IS	300	71303	71301	1	1
IS	301	70919	70917	0	2
IS	302	69592	69590	2	0
IS	303	68525	68525	0	0
IS	304	67411	67411	0	0
IS	305	67516	67514	1	1
IS	306	66694	66694	0	0
IS	307	65545	65545	0	0
IS	308	64705	64705	0	0
IS	309	64194	64193	0	1
IS	310	63180	63180	0	0
IS	311	62287	62287	0	0
IS	312	61169	61168	0	1
IS	313	60348	60346	1	1
IS	314	59765	59764	0	1
IS	315	59514	59514	0	0
IS	316	58703	58702	1	0
IS	317	57733	57733	0	0
IS	318	57408	57408	0	0
IS	319	56324	56324	0	0
IS	320	55891	55889	1	1
IS	321	54973	54972	1	0
IS	322	54176	54174	0	2
IS	323	53902	53902	0	0
IS	324	53079	53079	0	0
IS	325	52863	52862	0	1
IS	326	52011	52010	0	1
IS	327	50951	50946	2	3
IS	328	50398	50397	0	1
IS	329	50000	50000	0	0
IS	330	49119	49118	0	1
IS	331	48521	48520	1	0
IS	332	48031	48030	0	1
IS	333	47598	47597	0	1
IS	334	46721	46720	1	0
IS	335	46204	46204	0	0
IS	336	45881	45881	0	0
IS	337	45807	45806	0	1
IS	338	44568	44568	0	0
IS	339	43668	43668	0	0
IS	340	43532	43532	0	0
IS	341	43110	43110	0	0
IS	342	42672	42671	1	0
IS	343	41899	41898	1	0
IS	344	41803	41802	1	0
IS	345	40522	40521	1	0
IS	346	40287	40287	0	0
IS	347	39847	39847	0	0
IS	348	39478	39477	0	1
IS	349	38765	38764	0	1
IS	350	38835	38834	1	0
IS	351	37995	37995	0	0
IS	352	37704	37703	1	0
IS	353	37049	37049	0	0
IS	354	36728	36727	0	1
IS	355	35951	35951	0	0
IS	356	35817	35817	0	0
IS	357	35098	35097	0	1
IS	358	34828	34826	2	0
IS	359	34413	34410	2	1
IS	360	33983	33982	1	0
IS	361	33584	33584	0	0
IS	362	33270	33270	0	0
IS	363	32813	32812	1	0
IS	364	32492	32489	1	2
IS	365	32001	31998	2	1
IS	366	31434	31432	2	0
IS	367	31124	31122	2	0
IS	368	30990	30990	0	0
IS	369	30514	30513	1	0
IS	370	30032	30031	1	0
IS	371	29424	29424	0	0
IS	372	29428	29427	1	0
IS	373	29366	29365	1	0
IS	374	28601	28600	0	1
IS	375	27873	27872	0	1
IS	376	27882	27882	0	0
IS	377	27880	27879	0	1
IS	378	27210	27208	0	2
IS	379	27167	27166	0	1
IS	380	26605	26604	1	0
IS	381	26033	26031	1	1
IS	382	25696	25695	1	0
IS	383	25479	25478	1	0
IS	384	25023	25023	0	0
IS	385	24861	24857	4	0
IS	386	24536	24535	0	1
IS	387	24166	24164	2	0
IS	388	24006	24003	1	2
IS	389	23941	23941	0	0
IS	390	23395	23395	0	0
IS	391	23228	23227	1	0
IS	392	22682	22682	0	0
IS	393	22240	22237	1	2
IS	394	22004	22003	1	0
IS	395	21847	21847	0	0
IS	396	21841	21841	0	0
IS	397	21343	21342	1	0
IS	398	21204	21203	1	0
IS	399	20898	20896	2	0
IS	400	20394	20393	1	0
IS	401	20600	20600	0	0
IS	402	20170	20170	0	0
IS	403	19986	19984	2	0
IS	404	19695	19694	1	0
IS	405	19405	19403	1	1
IS	406	18921	18918	2	1
IS	407	18725	18723	2	0
IS	408	18777	18775	1	1
IS	409	18310	18307	1	2
IS	410	18004	18002	1	1
IS	411	18097	18096	1	0
IS	412	17785	17784	0	1
IS	413	17533	17529	1	3
IS	414	17556	17555	1	0
IS	415	17236	17235	0	1
IS	416	16862	16858	3	1
IS	417	16510	16508	1	1
IS	418	16263	16259	3	1
IS	419	15996	15995	0	1
IS	420	15869	15869	0	0
IS	421	15604	15604	0	0
IS	422	15657	15655	1	1
IS	423	15323	15320	2	1
IS	424	15179	15178	1	0
IS	425	15139	15137	1	1
IS	426	14819	14816	2	1
IS	427	14448	14447	0	1
IS	428	14295	14295	0	0
IS	429	14331	14331	0	0
IS	430	13989	13987	1	1
IS	431	13988	13987	1	0
IS	432	13542	13541	1	0
IS	433	13604	13601	1	2
IS	434	13217	13216	1	0
IS	435	12974	12974	0	0
IS	436	12916	12915	1	0
IS	437	12874	12874	0	0
IS	438	12664	12662	2	0
IS	439	12603	12600	1	2
IS	440	12125	12124	1	0
IS	441	12169	12169	0	0
IS	442	12018	12015	1	2
IS	443	11936	11935	1	0
IS	444	11616	11614	2	0
IS	445	11478	11476	2	0
IS	446	11393	11388	4	1
IS	447	11286	11286	0	0
IS	448	10800	10798	0	2
IS	449	10892	10891	0	1
IS	450	10825	10822	2	1
IS	451	10606	10605	1	0
IS	452	10484	10482	1	1
IS	453	10362	10360	2	0
IS	454	10433	10433	0	0
IS	455	10234	10232	1	1
IS	456	9838	9838	0	0
IS	457	9865	9864	1	0
IS	458	9860	9858	1	1
IS	459	9627	9625	2	0
IS	460	9474	9473	1	0
IS	461	9347	9345	1	1
IS	462	9291	9291	0	0
IS	463	9271	9267	4	0
IS	464	9072	9072	0	0
IS	465	8810	8808	1	1
IS	466	8670	8669	1	0
IS	467	8810	8810	0	0
IS	468	8738	8736	2	0
IS	469	8561	8558	2	1
IS	470	8498	8498	0	0
IS	471	8266	8263	2	1
IS	472	8095	8093	0	2
IS	473	7903	7902	1	0
IS	474	7885	7884	1	0
IS	475	7868	7866	2	0
IS	476	7805	7804	1	0
IS	477	7647	7645	1	1
# Read lengths. Use `grep ^RL | cut -f 2-` to extract this part. The columns are: read length, count
RL	1	196028
RL	2	40733
RL	3	55443
RL	4	71619
RL	5	88520
RL	6	92143
RL	7	87218
RL	8	85953
RL	9	85965
RL	10	84600
RL	11	85763
RL	12	84804
RL	13	82094
RL	14	80898
RL	15	80459
RL	16	80002
RL	17	78224
RL	18	77588
RL	19	78186
RL	20	77369
RL	21	78798
RL	22	80722
RL	23	80773
RL	24	82824
RL	25	83741
RL	26	82759
RL	27	83335
RL	28	82938
RL	29	81679
RL	30	82888
RL	31	82697
RL	32	82630
RL	33	82776
RL	34	82694
RL	35	82458
RL	36	83125
RL	37	84015
RL	38	84144
RL	39	83883
RL	40	84007
RL	41	84538
RL	42	83808
RL	43	84660
RL	44	84172
RL	45	84855
RL	46	84895
RL	47	85018
RL	48	85669
RL	49	86614
RL	50	86728
RL	51	87723
RL	52	87744
RL	53	89020
RL	54	90104
RL	55	90630
RL	56	91093
RL	57	92218
RL	58	93098
RL	59	94003
RL	60	94575
RL	61	94898
RL	62	95857
RL	63	97013
RL	64	98347
RL	65	99222
RL	66	100683
RL	67	102594
RL	68	104592
RL	69	106912
RL	70	110582
RL	71	112586
RL	72	116280
RL	73	121731
RL	74	128119
RL	75	136511
RL	76	152038
RL	77	195329
RL	78	389111
RL	79	1239925
RL	80	9129964
RL	81	98960022
# Read lengths - first fragments. Use `grep ^FRL | cut -f 2-` to extract this part. The columns are: read length, count
FRL	1	28347
FRL	2	6637
FRL	3	10118
FRL	4	14160
FRL	5	19243
FRL	6	19317
FRL	7	20501
FRL	8	21646
FRL	9	22010
FRL	10	22376
FRL	11	22337
FRL	12	22474
FRL	13	22018
FRL	14	22146
FRL	15	22647
FRL	16	22740
FRL	17	22417
FRL	18	22815
FRL	19	22608
FRL	20	22657
FRL	21	23114
FRL	22	23214
FRL	23	23278
FRL	24	23646
FRL	25	23902
FRL	26	23129
FRL	27	23761
FRL	28	23792
FRL	29	24142
FRL	30	24786
FRL	31	25158
FRL	32	25214
FRL	33	25192
FRL	34	25739
FRL	35	25530
FRL	36	25829
FRL	37	26448
FRL	38	26435
FRL	39	26605
FRL	40	26791
FRL	41	26746
FRL	42	26995
FRL	43	27459
FRL	44	27336
FRL	45	27916
FRL	46	28260
FRL	47	28249
FRL	48	29051
FRL	49	29337
FRL	50	29603
FRL	51	30145
FRL	52	30371
FRL	53	30878
FRL	54	31318
FRL	55	31945
FRL	56	32010
FRL	57	32384
FRL	58	32501
FRL	59	32881
FRL	60	33387
FRL	61	33815
FRL	62	33940
FRL	63	34971
FRL	64	35373
FRL	65	35518
FRL	66	35962
FRL	67	36908
FRL	68	37767
FRL	69	38760
FRL	70	39693
FRL	71	40786
FRL	72	41914
FRL	73	44226
FRL	74	46221
FRL	75	50343
FRL	76	56003
FRL	77	70468
FRL	78	142572
FRL	79	476863
FRL	80	3420655
FRL	81	52143539
# Read lengths - last fragments. Use `grep ^LRL | cut -f 2-` to extract this part. The columns are: read length, count
LRL	1	167681
LRL	2	34096
LRL	3	45325
LRL	4	57459
LRL	5	69277
LRL	6	72826
LRL	7	66717
LRL	8	64307
LRL	9	63955
LRL	10	62224
LRL	11	63426
LRL	12	62330
LRL	13	60076
LRL	14	58752
LRL	15	57812
LRL	16	57262
LRL	17	55807
LRL	18	54773
LRL	19	55578
LRL	20	54712
LRL	21	55684
LRL	22	57508
LRL	23	57495
LRL	24	59178
LRL	25	59839
LRL	26	59630
LRL	27	59574
LRL	28	59146
LRL	29	57537
LRL	30	58102
LRL	31	57539
LRL	32	57416
LRL	33	57584
LRL	34	56955
LRL	35	56928
LRL	36	57296
LRL	37	57567
LRL	38	57709
LRL	39	57278
LRL	40	57216
LRL	41	57792
LRL	42	56813
LRL	43	57201
LRL	44	56836
LRL	45	56939
LRL	46	56635
LRL	47	56769
LRL	48	56618
LRL	49	57277
LRL	50	57125
LRL	51	57578
LRL	52	57373
LRL	53	58142
LRL	54	58786
LRL	55	58685
LRL	56	59083
LRL	57	59834
LRL	58	60597
LRL	59	61122
LRL	60	61188
LRL	61	61083
LRL	62	61917
LRL	63	62042
LRL	64	62974
LRL	65	63704
LRL	66	64721
LRL	67	65686
LRL	68	66825
LRL	69	68152
LRL	70	70889
LRL	71	71800
LRL	72	74366
LRL	73	77505
LRL	74	81898
LRL	75	86168
LRL	76	96035
LRL	77	124861
LRL	78	246539
LRL	79	763062
LRL	80	5709309
LRL	81	46816483
# Mapping qualities for reads !(UNMAP|SECOND|SUPPL|QCFAIL|DUP). Use `grep ^MAPQ | cut -f 2-` to extract this part. The columns are: mapq, count
MAPQ	0	12584045
MAPQ	1	25691
MAPQ	2	10348
MAPQ	3	44249
MAPQ	4	13587
MAPQ	5	14104
MAPQ	6	19513
MAPQ	7	26554
MAPQ	8	17421
MAPQ	9	51343
MAPQ	10	18059
MAPQ	11	38024
MAPQ	12	16884
MAPQ	13	25066
MAPQ	14	13365
MAPQ	15	43277
MAPQ	16	17767
MAPQ	17	26987
MAPQ	18	22199
MAPQ	19	35525
MAPQ	20	48451
MAPQ	21	62829
MAPQ	22	76431
MAPQ	23	65267
MAPQ	24	107442
MAPQ	25	212748
MAPQ	26	5424
MAPQ	27	577623
MAPQ	28	32195
MAPQ	29	7942
MAPQ	30	34710
MAPQ	31	21798
MAPQ	32	6273
MAPQ	33	41379
MAPQ	34	12044
MAPQ	35	8256
MAPQ	36	15755
MAPQ	37	22672
MAPQ	38	5554
MAPQ	39	53679
MAPQ	40	888476
MAPQ	41	23431
MAPQ	42	40054
MAPQ	43	54964
MAPQ	44	30576
MAPQ	45	91470
MAPQ	46	100371
MAPQ	47	52483
MAPQ	48	131126
MAPQ	49	166389
MAPQ	50	88931
MAPQ	51	586801
MAPQ	52	72357
MAPQ	53	32583
MAPQ	54	80703
MAPQ	55	44940
MAPQ	56	35403
MAPQ	57	149730
MAPQ	58	49844
MAPQ	59	14710
MAPQ	60	97851447
# Indel distribution. Use `grep ^ID | cut -f 2-` to extract this part. The columns are: length, number of insertions, number of deletions
ID	1	137162	207176
ID	2	37352	53557
ID	3	19772	25983
ID	4	16985	23534
ID	5	9021	6970
ID	6	4548	6829
ID	7	1891	2199
ID	8	2172	3140
ID	9	1380	1912
ID	10	1401	1878
ID	11	492	1063
ID	12	835	1909
ID	13	380	731
ID	14	304	800
ID	15	253	916
ID	16	184	565
ID	17	108	243
ID	18	87	430
ID	19	33	168
ID	20	27	260
ID	21	31	140
ID	22	18	122
ID	23	4	68
ID	24	1	116
ID	25	0	42
ID	26	0	48
ID	27	0	57
ID	28	0	17
ID	29	0	4
ID	30	0	19
ID	31	0	6
ID	32	0	2
ID	33	0	2
ID	34	0	1
# Indels per cycle. Use `grep ^IC | cut -f 2-` to extract this part. The columns are: cycle, number of insertions (fwd), .. (rev) , number of deletions (fwd), .. (rev)
IC	3	0	1	718	1001
IC	4	525	798	925	1114
IC	5	776	999	1005	1265
IC	6	880	1103	1145	1323
IC	7	969	1199	1388	1624
IC	8	1152	1255	1441	1819
IC	9	1280	1412	1672	1887
IC	10	1355	1408	1767	2119
IC	11	1466	1517	1819	2125
IC	12	1488	1615	2025	2208
IC	13	1553	1662	2045	2260
IC	14	1694	1582	2178	2283
IC	15	1599	1730	2315	2347
IC	16	1678	1726	2319	2395
IC	17	1718	1683	2287	2363
IC	18	1766	1735	2418	2367
IC	19	1830	1813	2586	2409
IC	20	1927	1806	2618	2561
IC	21	1835	1837	2627	2531
IC	22	1889	1836	2567	2488
IC	23	1852	1853	2608	2609
IC	24	1936	1828	2663	2625
IC	25	1970	1850	2652	2721
IC	26	1907	1835	2723	2580
IC	27	1960	1880	2674	2502
IC	28	1903	1784	2746	2561
IC	29	2013	1788	2748	2503
IC	30	2002	1888	2817	2537
IC	31	1955	1834	2843	2616
IC	32	2058	1835	2848	2541
IC	33	1983	1903	2846	2563
IC	34	1854	1833	2795	2615
IC	35	1913	1813	2742	2549
IC	36	1986	1779	2824	2598
IC	37	1930	1746	2700	2551
IC	38	1918	1717	2840	2655
IC	39	1950	1825	2759	2576
IC	40	1918	1845	2753	2557
IC	41	1907	1786	2736	2489
IC	42	1826	1654	2707	2549
IC	43	1962	1864	2696	2544
IC	44	1890	1801	2686	2490
IC	45	1808	1742	2763	2461
IC	46	1777	1716	2732	2450
IC	47	1844	1747	2765	2530
IC	48	1814	1707	2805	2554
IC	49	1815	1692	2639	2415
IC	50	1787	1663	2704	2454
IC	51	1837	1641	2689	2526
IC	52	1783	1613	2642	2429
IC	53	1832	1610	2552	2380
IC	54	1701	1619	2566	2409
IC	55	1751	1618	2587	2429
IC	56	1800	1672	2551	2313
IC	57	1673	1548	2529	2358
IC	58	1712	1553	2522	2303
IC	59	1642	1570	2509	2272
IC	60	1684	1513	2432	2211
IC	61	1619	1491	2487	2192
IC	62	1620	1452	2525	2192
IC	63	1611	1425	2416	2198
IC	64	1602	1376	2341	2062
IC	65	1539	1318	2296	2054
IC	66	1414	1299	2192	1999
IC	67	1422	1291	2207	1976
IC	68	1406	1242	2127	1862
IC	69	1302	1108	2058	1792
IC	70	1263	1077	2064	1680
IC	71	1216	1036	1945	1654
IC	72	1212	934	1965	1528
IC	73	1049	800	1775	1375
IC	74	1056	828	1684	1387
IC	75	885	745	1669	1159
IC	76	845	628	1551	1075
IC	77	621	512	1318	918
IC	78	630	452	828	582
IC	79	0	0	2	0
# Coverage distribution. Use `grep ^COV | cut -f 2-` to extract this part.
COV	[1-1]	1	569313098
COV	[2-2]	2	255100517
COV	[3-3]	3	91967548
COV	[4-4]	4	43245852
COV	[5-5]	5	21040245
COV	[6-6]	6	12368021
COV	[7-7]	7	8244961
COV	[8-8]	8	6207816
COV	[9-9]	9	5027439
COV	[10-10]	10	4288094
COV	[11-11]	11	3767107
COV	[12-12]	12	3392096
COV	[13-13]	13	3098186
COV	[14-14]	14	2845629
COV	[15-15]	15	2633220
COV	[16-16]	16	2456954
COV	[17-17]	17	2301693
COV	[18-18]	18	2176879
COV	[19-19]	19	2054858
COV	[20-20]	20	1954767
COV	[21-21]	21	1861607
COV	[22-22]	22	1778617
COV	[23-23]	23	1701490
COV	[24-24]	24	1629468
COV	[25-25]	25	1569722
COV	[26-26]	26	1514285
COV	[27-27]	27	1465843
COV	[28-28]	28	1421276
COV	[29-29]	29	1379561
COV	[30-30]	30	1341621
COV	[31-31]	31	1301917
COV	[32-32]	32	1264340
COV	[33-33]	33	1234734
COV	[34-34]	34	1203433
COV	[35-35]	35	1179849
COV	[36-36]	36	1154733
COV	[37-37]	37	1129400
COV	[38-38]	38	1105883
COV	[39-39]	39	1086242
COV	[40-40]	40	1066246
COV	[41-41]	41	1046064
COV	[42-42]	42	1028487
COV	[43-43]	43	1015565
COV	[44-44]	44	996152
COV	[45-45]	45	979569
COV	[46-46]	46	964165
COV	[47-47]	47	952166
COV	[48-48]	48	936926
COV	[49-49]	49	926069
COV	[50-50]	50	912419
COV	[51-51]	51	899686
COV	[52-52]	52	887618
COV	[53-53]	53	875483
COV	[54-54]	54	864586
COV	[55-55]	55	853226
COV	[56-56]	56	842372
COV	[57-57]	57	830959
COV	[58-58]	58	821769
COV	[59-59]	59	814417
COV	[60-60]	60	803181
COV	[61-61]	61	793492
COV	[62-62]	62	783324
COV	[63-63]	63	773547
COV	[64-64]	64	763542
COV	[65-65]	65	755103
COV	[66-66]	66	744430
COV	[67-67]	67	735953
COV	[68-68]	68	729604
COV	[69-69]	69	721687
COV	[70-70]	70	711874
COV	[71-71]	71	702111
COV	[72-72]	72	692776
COV	[73-73]	73	686314
COV	[74-74]	74	678027
COV	[75-75]	75	666835
COV	[76-76]	76	658477
COV	[77-77]	77	651585
COV	[78-78]	78	642887
COV	[79-79]	79	632053
COV	[80-80]	80	625433
COV	[81-81]	81	614481
COV	[82-82]	82	605839
COV	[83-83]	83	595804
COV	[84-84]	84	587308
COV	[85-85]	85	577903
COV	[86-86]	86	569870
COV	[87-87]	87	560516
COV	[88-88]	88	551838
COV	[89-89]	89	544465
COV	[90-90]	90	533862
COV	[91-91]	91	526928
COV	[92-92]	92	515671
COV	[93-93]	93	508497
COV	[94-94]	94	498719
COV	[95-95]	95	492977
COV	[96-96]	96	485268
COV	[97-97]	97	476589
COV	[98-98]	98	468120
COV	[99-99]	99	460097
COV	[100-100]	100	453280
COV	[101-101]	101	444406
COV	[102-102]	102	436011
COV	[103-103]	103	427916
COV	[104-104]	104	422374
COV	[105-105]	105	412455
COV	[106-106]	106	406510
COV	[107-107]	107	398965
COV	[108-108]	108	391231
COV	[109-109]	109	383771
COV	[110-110]	110	376505
COV	[111-111]	111	370871
COV	[112-112]	112	362416
COV	[113-113]	113	356762
COV	[114-114]	114	350000
COV	[115-115]	115	342323
COV	[116-116]	116	335101
COV	[117-117]	117	328370
COV	[118-118]	118	322457
COV	[119-119]	119	315911
COV	[120-120]	120	310520
COV	[121-121]	121	303536
COV	[122-122]	122	298269
COV	[123-123]	123	292409
COV	[124-124]	124	287283
COV	[125-125]	125	281890
COV	[126-126]	126	274838
COV	[127-127]	127	269232
COV	[128-128]	128	263718
COV	[129-129]	129	258072
COV	[130-130]	130	252958
COV	[131-131]	131	247376
COV	[132-132]	132	242306
COV	[133-133]	133	237314
COV	[134-134]	134	233092
COV	[135-135]	135	227946
COV	[136-136]	136	222810
COV	[137-137]	137	216850
COV	[138-138]	138	212435
COV	[139-139]	139	207402
COV	[140-140]	140	203580
COV	[141-141]	141	198733
COV	[142-142]	142	192588
COV	[143-143]	143	189549
COV	[144-144]	144	184953
COV	[145-145]	145	181463
COV	[146-146]	146	177480
COV	[147-147]	147	172870
COV	[148-148]	148	168160
COV	[149-149]	149	165192
COV	[150-150]	150	161805
COV	[151-151]	151	157067
COV	[152-152]	152	154315
COV	[153-153]	153	150110
COV	[154-154]	154	146294
COV	[155-155]	155	143813
COV	[156-156]	156	139403
COV	[157-157]	157	136731
COV	[158-158]	158	133543
COV	[159-159]	159	130172
COV	[160-160]	160	127077
COV	[161-161]	161	124395
COV	[162-162]	162	121741
COV	[163-163]	163	118927
COV	[164-164]	164	116700
COV	[165-165]	165	113370
COV	[166-166]	166	110755
COV	[167-167]	167	108358
COV	[168-168]	168	106467
COV	[169-169]	169	103949
COV	[170-170]	170	100908
COV	[171-171]	171	98491
COV	[172-172]	172	96159
COV	[173-173]	173	94734
COV	[174-174]	174	92200
COV	[175-175]	175	90378
COV	[176-176]	176	88242
COV	[177-177]	177	85828
COV	[178-178]	178	83524
COV	[179-179]	179	82198
COV	[180-180]	180	79924
COV	[181-181]	181	78316
COV	[182-182]	182	76372
COV	[183-183]	183	74103
COV	[184-184]	184	72889
COV	[185-185]	185	71631
COV	[186-186]	186	69518
COV	[187-187]	187	68563
COV	[188-188]	188	67284
COV	[189-189]	189	65189
COV	[190-190]	190	63875
COV	[191-191]	191	62852
COV	[192-192]	192	60936
COV	[193-193]	193	60069
COV	[194-194]	194	58153
COV	[195-195]	195	56621
COV	[196-196]	196	55549
COV	[197-197]	197	54054
COV	[198-198]	198	53092
COV	[199-199]	199	51979
COV	[200-200]	200	50936
COV	[201-201]	201	49166
COV	[202-202]	202	48041
COV	[203-203]	203	47231
COV	[204-204]	204	46190
COV	[205-205]	205	45220
COV	[206-206]	206	44573
COV	[207-207]	207	43572
COV	[208-208]	208	42345
COV	[209-209]	209	41027
COV	[210-210]	210	40525
COV	[211-211]	211	39164
COV	[212-212]	212	38192
COV	[213-213]	213	37562
COV	[214-214]	214	36626
COV	[215-215]	215	35880
COV	[216-216]	216	34763
COV	[217-217]	217	34103
COV	[218-218]	218	33487
COV	[219-219]	219	32370
COV	[220-220]	220	31936
COV	[221-221]	221	31338
COV	[222-222]	222	30753
COV	[223-223]	223	29686
COV	[224-224]	224	29100
COV	[225-225]	225	28417
COV	[226-226]	226	27647
COV	[227-227]	227	27543
COV	[228-228]	228	26662
COV	[229-229]	229	26462
COV	[230-230]	230	25833
COV	[231-231]	231	25173
COV	[232-232]	232	24764
COV	[233-233]	233	24201
COV	[234-234]	234	23606
COV	[235-235]	235	23154
COV	[236-236]	236	22711
COV	[237-237]	237	22107
COV	[238-238]	238	21572
COV	[239-239]	239	21054
COV	[240-240]	240	21119
COV	[241-241]	241	20136
COV	[242-242]	242	19689
COV	[243-243]	243	19408
COV	[244-244]	244	18748
COV	[245-245]	245	18316
COV	[246-246]	246	17706
COV	[247-247]	247	17772
COV	[248-248]	248	17431
COV	[249-249]	249	17301
COV	[250-250]	250	17022
COV	[251-251]	251	16665
COV	[252-252]	252	16192
COV	[253-253]	253	15787
COV	[254-254]	254	15299
COV	[255-255]	255	15236
COV	[256-256]	256	14707
COV	[257-257]	257	14424
COV	[258-258]	258	14271
COV	[259-259]	259	13882
COV	[260-260]	260	13513
COV	[261-261]	261	13295
COV	[262-262]	262	12972
COV	[263-263]	263	12737
COV	[264-264]	264	12412
COV	[265-265]	265	12275
COV	[266-266]	266	12024
COV	[267-267]	267	11899
COV	[268-268]	268	11484
COV	[269-269]	269	11196
COV	[270-270]	270	10925
COV	[271-271]	271	10730
COV	[272-272]	272	10509
COV	[273-273]	273	10421
COV	[274-274]	274	9921
COV	[275-275]	275	9790
COV	[276-276]	276	9534
COV	[277-277]	277	9209
COV	[278-278]	278	9445
COV	[279-279]	279	9165
COV	[280-280]	280	9034
COV	[281-281]	281	8721
COV	[282-282]	282	8550
COV	[283-283]	283	8354
COV	[284-284]	284	8044
COV	[285-285]	285	8067
COV	[286-286]	286	7917
COV	[287-287]	287	7864
COV	[288-288]	288	7645
COV	[289-289]	289	7465
COV	[290-290]	290	7223
COV	[291-291]	291	7371
COV	[292-292]	292	7120
COV	[293-293]	293	6798
COV	[294-294]	294	6714
COV	[295-295]	295	6665
COV	[296-296]	296	6480
COV	[297-297]	297	6494
COV	[298-298]	298	6296
COV	[299-299]	299	6083
COV	[300-300]	300	5960
COV	[301-301]	301	6015
COV	[302-302]	302	5741
COV	[303-303]	303	5748
COV	[304-304]	304	5649
COV	[305-305]	305	5508
COV	[306-306]	306	5324
COV	[307-307]	307	5399
COV	[308-308]	308	5075
COV	[309-309]	309	5005
COV	[310-310]	310	4939
COV	[311-311]	311	4898
COV	[312-312]	312	4816
COV	[313-313]	313	4871
COV	[314-314]	314	4579
COV	[315-315]	315	4442
COV	[316-316]	316	4351
COV	[317-317]	317	4381
COV	[318-318]	318	4239
COV	[319-319]	319	4284
COV	[320-320]	320	4187
COV	[321-321]	321	4074
COV	[322-322]	322	4076
COV	[323-323]	323	4053
COV	[324-324]	324	4042
COV	[325-325]	325	3891
COV	[326-326]	326	3739
COV	[327-327]	327	3715
COV	[328-328]	328	3674
COV	[329-329]	329	3723
COV	[330-330]	330	3654
COV	[331-331]	331	3522
COV	[332-332]	332	3410
COV	[333-333]	333	3434
COV	[334-334]	334	3395
COV	[335-335]	335	3243
COV	[336-336]	336	3182
COV	[337-337]	337	3169
COV	[338-338]	338	3123
COV	[339-339]	339	3050
COV	[340-340]	340	2930
COV	[341-341]	341	2946
COV	[342-342]	342	2943
COV	[343-343]	343	2745
COV	[344-344]	344	2803
COV	[345-345]	345	2736
COV	[346-346]	346	2655
COV	[347-347]	347	2578
COV	[348-348]	348	2629
COV	[349-349]	349	2538
COV	[350-350]	350	2512
COV	[351-351]	351	2399
COV	[352-352]	352	2383
COV	[353-353]	353	2339
COV	[354-354]	354	2426
COV	[355-355]	355	2374
COV	[356-356]	356	2349
COV	[357-357]	357	2273
COV	[358-358]	358	2263
COV	[359-359]	359	2094
COV	[360-360]	360	2110
COV	[361-361]	361	2105
COV	[362-362]	362	1993
COV	[363-363]	363	2099
COV	[364-364]	364	1989
COV	[365-365]	365	1999
COV	[366-366]	366	1895
COV	[367-367]	367	1952
COV	[368-368]	368	1921
COV	[369-369]	369	1853
COV	[370-370]	370	1822
COV	[371-371]	371	1754
COV	[372-372]	372	1758
COV	[373-373]	373	1717
COV	[374-374]	374	1746
COV	[375-375]	375	1625
COV	[376-376]	376	1665
COV	[377-377]	377	1633
COV	[378-378]	378	1561
COV	[379-379]	379	1524
COV	[380-380]	380	1517
COV	[381-381]	381	1526
COV	[382-382]	382	1561
COV	[383-383]	383	1546
COV	[384-384]	384	1487
COV	[385-385]	385	1496
COV	[386-386]	386	1449
COV	[387-387]	387	1438
COV	[388-388]	388	1447
COV	[389-389]	389	1382
COV	[390-390]	390	1391
COV	[391-391]	391	1335
COV	[392-392]	392	1336
COV	[393-393]	393	1323
COV	[394-394]	394	1328
COV	[395-395]	395	1252
COV	[396-396]	396	1244
COV	[397-397]	397	1272
COV	[398-398]	398	1263
COV	[399-399]	399	1203
COV	[400-400]	400	1141
COV	[401-401]	401	1195
COV	[402-402]	402	1095
COV	[403-403]	403	1118
COV	[404-404]	404	1122
COV	[405-405]	405	1158
COV	[406-406]	406	1017
COV	[407-407]	407	1116
COV	[408-408]	408	1116
COV	[409-409]	409	1050
COV	[410-410]	410	1075
COV	[411-411]	411	1053
COV	[412-412]	412	968
COV	[413-413]	413	998
COV	[414-414]	414	972
COV	[415-415]	415	967
COV	[416-416]	416	945
COV	[417-417]	417	905
COV	[418-418]	418	929
COV	[419-419]	419	882
COV	[420-420]	420	859
COV	[421-421]	421	856
COV	[422-422]	422	887
COV	[423-423]	423	811
COV	[424-424]	424	755
COV	[425-425]	425	780
COV	[426-426]	426	787
COV	[427-427]	427	769
COV	[428-428]	428	727
COV	[429-429]	429	750
COV	[430-430]	430	805
COV	[431-431]	431	721
COV	[432-432]	432	699
COV	[433-433]	433	696
COV	[434-434]	434	712
COV	[435-435]	435	722
COV	[436-436]	436	703
COV	[437-437]	437	651
COV	[438-438]	438	662
COV	[439-439]	439	646
COV	[440-440]	440	668
COV	[441-441]	441	683
COV	[442-442]	442	669
COV	[443-443]	443	594
COV	[444-444]	444	678
COV	[445-445]	445	603
COV	[446-446]	446	582
COV	[447-447]	447	605
COV	[448-448]	448	578
COV	[449-449]	449	535
COV	[450-450]	450	553
COV	[451-451]	451	527
COV	[452-452]	452	571
COV	[453-453]	453	588
COV	[454-454]	454	534
COV	[455-455]	455	496
COV	[456-456]	456	550
COV	[457-457]	457	492
COV	[458-458]	458	438
COV	[459-459]	459	471
COV	[460-460]	460	467
COV	[461-461]	461	476
COV	[462-462]	462	428
COV	[463-463]	463	485
COV	[464-464]	464	425
COV	[465-465]	465	437
COV	[466-466]	466	415
COV	[467-467]	467	463
COV	[468-468]	468	452
COV	[469-469]	469	461
COV	[470-470]	470	433
COV	[471-471]	471	441
COV	[472-472]	472	366
COV	[473-473]	473	420
COV	[474-474]	474	402
COV	[475-475]	475	395
COV	[476-476]	476	370
COV	[477-477]	477	421
COV	[478-478]	478	437
COV	[479-479]	479	400
COV	[480-480]	480	399
COV	[481-481]	481	400
COV	[482-482]	482	381
COV	[483-483]	483	365
COV	[484-484]	484	346
COV	[485-485]	485	371
COV	[486-486]	486	367
COV	[487-487]	487	364
COV	[488-488]	488	374
COV	[489-489]	489	370
COV	[490-490]	490	339
COV	[491-491]	491	344
COV	[492-492]	492	354
COV	[493-493]	493	323
COV	[494-494]	494	332
COV	[495-495]	495	339
COV	[496-496]	496	318
COV	[497-497]	497	300
COV	[498-498]	498	301
COV	[499-499]	499	307
COV	[500-500]	500	347
COV	[501-501]	501	359
COV	[502-502]	502	327
COV	[503-503]	503	308
COV	[504-504]	504	355
COV	[505-505]	505	297
COV	[506-506]	506	297
COV	[507-507]	507	310
COV	[508-508]	508	334
COV	[509-509]	509	310
COV	[510-510]	510	283
COV	[511-511]	511	295
COV	[512-512]	512	294
COV	[513-513]	513	304
COV	[514-514]	514	282
COV	[515-515]	515	282
COV	[516-516]	516	263
COV	[517-517]	517	278
COV	[518-518]	518	256
COV	[519-519]	519	257
COV	[520-520]	520	317
COV	[521-521]	521	279
COV	[522-522]	522	288
COV	[523-523]	523	279
COV	[524-524]	524	264
COV	[525-525]	525	250
COV	[526-526]	526	266
COV	[527-527]	527	266
COV	[528-528]	528	266
COV	[529-529]	529	244
COV	[530-530]	530	266
COV	[531-531]	531	268
COV	[532-532]	532	253
COV	[533-533]	533	235
COV	[534-534]	534	254
COV	[535-535]	535	282
COV	[536-536]	536	230
COV	[537-537]	537	272
COV	[538-538]	538	236
COV	[539-539]	539	257
COV	[540-540]	540	260
COV	[541-541]	541	228
COV	[542-542]	542	239
COV	[543-543]	543	227
COV	[544-544]	544	237
COV	[545-545]	545	217
COV	[546-546]	546	219
COV	[547-547]	547	228
COV	[548-548]	548	201
COV	[549-549]	549	209
COV	[550-550]	550	219
COV	[551-551]	551	172
COV	[552-552]	552	206
COV	[553-553]	553	223
COV	[554-554]	554	193
COV	[555-555]	555	176
COV	[556-556]	556	204
COV	[557-557]	557	188
COV	[558-558]	558	223
COV	[559-559]	559	209
COV	[560-560]	560	191
COV	[561-561]	561	212
COV	[562-562]	562	193
COV	[563-563]	563	198
COV	[564-564]	564	201
COV	[565-565]	565	191
COV	[566-566]	566	216
COV	[567-567]	567	196
COV	[568-568]	568	183
COV	[569-569]	569	213
COV	[570-570]	570	187
COV	[571-571]	571	215
COV	[572-572]	572	178
COV	[573-573]	573	175
COV	[574-574]	574	162
COV	[575-575]	575	164
COV	[576-576]	576	172
COV	[577-577]	577	171
COV	[578-578]	578	191
COV	[579-579]	579	205
COV	[580-580]	580	175
COV	[581-581]	581	170
COV	[582-582]	582	191
COV	[583-583]	583	185
COV	[584-584]	584	190
COV	[585-585]	585	172
COV	[586-586]	586	168
COV	[587-587]	587	172
COV	[588-588]	588	179
COV	[589-589]	589	160
COV	[590-590]	590	160
COV	[591-591]	591	138
COV	[592-592]	592	153
COV	[593-593]	593	136
COV	[594-594]	594	129
COV	[595-595]	595	181
COV	[596-596]	596	153
COV	[597-597]	597	170
COV	[598-598]	598	169
COV	[599-599]	599	153
COV	[600-600]	600	173
COV	[601-601]	601	157
COV	[602-602]	602	163
COV	[603-603]	603	183
COV	[604-604]	604	204
COV	[605-605]	605	174
COV	[606-606]	606	172
COV	[607-607]	607	175
COV	[608-608]	608	203
COV	[609-609]	609	182
COV	[610-610]	610	153
COV	[611-611]	611	181
COV	[612-612]	612	168
COV	[613-613]	613	168
COV	[614-614]	614	163
COV	[615-615]	615	172
COV	[616-616]	616	194
COV	[617-617]	617	182
COV	[618-618]	618	157
COV	[619-619]	619	190
COV	[620-620]	620	165
COV	[621-621]	621	182
COV	[622-622]	622	152
COV	[623-623]	623	165
COV	[624-624]	624	154
COV	[625-625]	625	143
COV	[626-626]	626	152
COV	[627-627]	627	160
COV	[628-628]	628	147
COV	[629-629]	629	146
COV	[630-630]	630	146
COV	[631-631]	631	136
COV	[632-632]	632	168
COV	[633-633]	633	160
COV	[634-634]	634	167
COV	[635-635]	635	179
COV	[636-636]	636	168
COV	[637-637]	637	158
COV	[638-638]	638	145
COV	[639-639]	639	163
COV	[640-640]	640	175
COV	[641-641]	641	139
COV	[642-642]	642	150
COV	[643-643]	643	155
COV	[644-644]	644	143
COV	[645-645]	645	145
COV	[646-646]	646	149
COV	[647-647]	647	152
COV	[648-648]	648	136
COV	[649-649]	649	145
COV	[650-650]	650	130
COV	[651-651]	651	155
COV	[652-652]	652	142
COV	[653-653]	653	140
COV	[654-654]	654	157
COV	[655-655]	655	151
COV	[656-656]	656	153
COV	[657-657]	657	146
COV	[658-658]	658	170
COV	[659-659]	659	150
COV	[660-660]	660	139
COV	[661-661]	661	123
COV	[662-662]	662	141
COV	[663-663]	663	118
COV	[664-664]	664	151
COV	[665-665]	665	139
COV	[666-666]	666	133
COV	[667-667]	667	157
COV	[668-668]	668	126
COV	[669-669]	669	130
COV	[670-670]	670	131
COV	[671-671]	671	140
COV	[672-672]	672	112
COV	[673-673]	673	143
COV	[674-674]	674	142
COV	[675-675]	675	148
COV	[676-676]	676	137
COV	[677-677]	677	145
COV	[678-678]	678	106
COV	[679-679]	679	113
COV	[680-680]	680	124
COV	[681-681]	681	129
COV	[682-682]	682	112
COV	[683-683]	683	145
COV	[684-684]	684	130
COV	[685-685]	685	137
COV	[686-686]	686	109
COV	[687-687]	687	139
COV	[688-688]	688	129
COV	[689-689]	689	115
COV	[690-690]	690	120
COV	[691-691]	691	122
COV	[692-692]	692	124
COV	[693-693]	693	106
COV	[694-694]	694	132
COV	[695-695]	695	122
COV	[696-696]	696	123
COV	[697-697]	697	113
COV	[698-698]	698	131
COV	[699-699]	699	118
COV	[700-700]	700	140
COV	[701-701]	701	113
COV	[702-702]	702	111
COV	[703-703]	703	105
COV	[704-704]	704	113
COV	[705-705]	705	95
COV	[706-706]	706	93
COV	[707-707]	707	99
COV	[708-708]	708	119
COV	[709-709]	709	131
COV	[710-710]	710	109
COV	[711-711]	711	106
COV	[712-712]	712	100
COV	[713-713]	713	114
COV	[714-714]	714	107
COV	[715-715]	715	104
COV	[716-716]	716	99
COV	[717-717]	717	98
COV	[718-718]	718	98
COV	[719-719]	719	93
COV	[720-720]	720	109
COV	[721-721]	721	107
COV	[722-722]	722	94
COV	[723-723]	723	109
COV	[724-724]	724	98
COV	[725-725]	725	116
COV	[726-726]	726	104
COV	[727-727]	727	106
COV	[728-728]	728	102
COV	[729-729]	729	100
COV	[730-730]	730	87
COV	[731-731]	731	79
COV	[732-732]	732	73
COV	[733-733]	733	85
COV	[734-734]	734	100
COV	[735-735]	735	84
COV	[736-736]	736	89
COV	[737-737]	737	80
COV	[738-738]	738	75
COV	[739-739]	739	90
COV	[740-740]	740	85
COV	[741-741]	741	76
COV	[742-742]	742	87
COV	[743-743]	743	85
COV	[744-744]	744	86
COV	[745-745]	745	82
COV	[746-746]	746	85
COV	[747-747]	747	88
COV	[748-748]	748	75
COV	[749-749]	749	79
COV	[750-750]	750	82
COV	[751-751]	751	92
COV	[752-752]	752	85
COV	[753-753]	753	75
COV	[754-754]	754	80
COV	[755-755]	755	51
COV	[756-756]	756	75
COV	[757-757]	757	83
COV	[758-758]	758	72
COV	[759-759]	759	75
COV	[760-760]	760	67
COV	[761-761]	761	62
COV	[762-762]	762	79
COV	[763-763]	763	63
COV	[764-764]	764	74
COV	[765-765]	765	61
COV	[766-766]	766	69
COV	[767-767]	767	66
COV	[768-768]	768	78
COV	[769-769]	769	75
COV	[770-770]	770	73
COV	[771-771]	771	69
COV	[772-772]	772	58
COV	[773-773]	773	75
COV	[774-774]	774	75
COV	[775-775]	775	67
COV	[776-776]	776	83
COV	[777-777]	777	74
COV	[778-778]	778	65
COV	[779-779]	779	56
COV	[780-780]	780	55
COV	[781-781]	781	53
COV	[782-782]	782	58
COV	[783-783]	783	63
COV	[784-784]	784	82
COV	[785-785]	785	62
COV	[786-786]	786	63
COV	[787-787]	787	62
COV	[788-788]	788	51
COV	[789-789]	789	51
COV	[790-790]	790	63
COV	[791-791]	791	52
COV	[792-792]	792	51
COV	[793-793]	793	57
COV	[794-794]	794	56
COV	[795-795]	795	44
COV	[796-796]	796	61
COV	[797-797]	797	57
COV	[798-798]	798	55
COV	[799-799]	799	48
COV	[800-800]	800	55
COV	[801-801]	801	52
COV	[802-802]	802	53
COV	[803-803]	803	43
COV	[804-804]	804	51
COV	[805-805]	805	55
COV	[806-806]	806	46
COV	[807-807]	807	35
COV	[808-808]	808	52
COV	[809-809]	809	51
COV	[810-810]	810	43
COV	[811-811]	811	51
COV	[812-812]	812	50
COV	[813-813]	813	42
COV	[814-814]	814	43
COV	[815-815]	815	41
COV	[816-816]	816	35
COV	[817-817]	817	42
COV	[818-818]	818	37
COV	[819-819]	819	39
COV	[820-820]	820	48
COV	[821-821]	821	42
COV	[822-822]	822	37
COV	[823-823]	823	30
COV	[824-824]	824	39
COV	[825-825]	825	33
COV	[826-826]	826	40
COV	[827-827]	827	47
COV	[828-828]	828	46
COV	[829-829]	829	35
COV	[830-830]	830	35
COV	[831-831]	831	31
COV	[832-832]	832	35
COV	[833-833]	833	36
COV	[834-834]	834	31
COV	[835-835]	835	34
COV	[836-836]	836	34
COV	[837-837]	837	28
COV	[838-838]	838	24
COV	[839-839]	839	40
COV	[840-840]	840	29
COV	[841-841]	841	31
COV	[842-842]	842	49
COV	[843-843]	843	29
COV	[844-844]	844	40
COV	[845-845]	845	44
COV	[846-846]	846	43
COV	[847-847]	847	36
COV	[848-848]	848	24
COV	[849-849]	849	28
COV	[850-850]	850	31
COV	[851-851]	851	23
COV	[852-852]	852	44
COV	[853-853]	853	29
COV	[854-854]	854	31
COV	[855-855]	855	42
COV	[856-856]	856	25
COV	[857-857]	857	31
COV	[858-858]	858	24
COV	[859-859]	859	31
COV	[860-860]	860	31
COV	[861-861]	861	30
COV	[862-862]	862	36
COV	[863-863]	863	32
COV	[864-864]	864	30
COV	[865-865]	865	35
COV	[866-866]	866	35
COV	[867-867]	867	33
COV	[868-868]	868	29
COV	[869-869]	869	27
COV	[870-870]	870	34
COV	[871-871]	871	22
COV	[872-872]	872	25
COV	[873-873]	873	36
COV	[874-874]	874	25
COV	[875-875]	875	38
COV	[876-876]	876	36
COV	[877-877]	877	30
COV	[878-878]	878	38
COV	[879-879]	879	32
COV	[880-880]	880	37
COV	[881-881]	881	40
COV	[882-882]	882	40
COV	[883-883]	883	40
COV	[884-884]	884	37
COV	[885-885]	885	28
COV	[886-886]	886	30
COV	[887-887]	887	29
COV	[888-888]	888	35
COV	[889-889]	889	42
COV	[890-890]	890	34
COV	[891-891]	891	34
COV	[892-892]	892	40
COV	[893-893]	893	30
COV	[894-894]	894	34
COV	[895-895]	895	32
COV	[896-896]	896	32
COV	[897-897]	897	42
COV	[898-898]	898	29
COV	[899-899]	899	32
COV	[900-900]	900	33
COV	[901-901]	901	37
COV	[902-902]	902	24
COV	[903-903]	903	30
COV	[904-904]	904	23
COV	[905-905]	905	23
COV	[906-906]	906	28
COV	[907-907]	907	31
COV	[908-908]	908	23
COV	[909-909]	909	17
COV	[910-910]	910	21
COV	[911-911]	911	30
COV	[912-912]	912	27
COV	[913-913]	913	17
COV	[914-914]	914	20
COV	[915-915]	915	25
COV	[916-916]	916	27
COV	[917-917]	917	17
COV	[918-918]	918	19
COV	[919-919]	919	24
COV	[920-920]	920	29
COV	[921-921]	921	20
COV	[922-922]	922	21
COV	[923-923]	923	27
COV	[924-924]	924	38
COV	[925-925]	925	19
COV	[926-926]	926	19
COV	[927-927]	927	20
COV	[928-928]	928	25
COV	[929-929]	929	23
COV	[930-930]	930	15
COV	[931-931]	931	25
COV	[932-932]	932	20
COV	[933-933]	933	16
COV	[934-934]	934	15
COV	[935-935]	935	23
COV	[936-936]	936	20
COV	[937-937]	937	34
COV	[938-938]	938	29
COV	[939-939]	939	12
COV	[940-940]	940	25
COV	[941-941]	941	25
COV	[942-942]	942	28
COV	[943-943]	943	19
COV	[944-944]	944	17
COV	[945-945]	945	24
COV	[946-946]	946	26
COV	[947-947]	947	25
COV	[948-948]	948	12
COV	[949-949]	949	18
COV	[950-950]	950	23
COV	[951-951]	951	17
COV	[952-952]	952	29
COV	[953-953]	953	28
COV	[954-954]	954	15
COV	[955-955]	955	22
COV	[956-956]	956	25
COV	[957-957]	957	31
COV	[958-958]	958	22
COV	[959-959]	959	17
COV	[960-960]	960	14
COV	[961-961]	961	18
COV	[962-962]	962	20
COV	[963-963]	963	17
COV	[964-964]	964	18
COV	[965-965]	965	11
COV	[966-966]	966	17
COV	[967-967]	967	15
COV	[968-968]	968	11
COV	[969-969]	969	16
COV	[970-970]	970	9
COV	[971-971]	971	12
COV	[972-972]	972	13
COV	[973-973]	973	19
COV	[974-974]	974	9
COV	[975-975]	975	7
COV	[976-976]	976	16
COV	[977-977]	977	10
COV	[978-978]	978	12
COV	[979-979]	979	13
COV	[980-980]	980	22
COV	[981-981]	981	15
COV	[982-982]	982	16
COV	[983-983]	983	14
COV	[984-984]	984	16
COV	[985-985]	985	10
COV	[986-986]	986	14
COV	[987-987]	987	15
COV	[988-988]	988	17
COV	[989-989]	989	10
COV	[990-990]	990	18
COV	[991-991]	991	12
COV	[992-992]	992	18
COV	[993-993]	993	15
COV	[994-994]	994	9
COV	[995-995]	995	15
COV	[996-996]	996	13
COV	[997-997]	997	11
COV	[998-998]	998	15
COV	[999-999]	999	12
COV	[1000-1000]	1000	20
COV	[1000<]	1000	4245
# GC-depth. Use `grep ^GCD | cut -f 2-` to extract this part. The columns are: GC%, unique sequence percentiles, 10th, 25th, 50th, 75th and 90th depth percentile
GCD	0.0	0.001	0.000	0.000	0.000	0.000	0.000
GCD	20.7	0.002	0.141	0.141	0.141	0.141	0.141
GCD	23.0	0.004	0.228	0.228	1.119	12.121	12.121
GCD	24.0	0.006	0.024	0.044	0.557	1.144	1.189
GCD	25.0	0.009	0.267	0.283	0.836	3.444	4.145
GCD	28.0	0.010	0.094	0.094	0.416	0.738	0.738
GCD	29.0	0.018	0.008	0.074	0.587	1.401	2.358
GCD	30.0	0.036	0.087	0.525	1.091	2.600	4.309
GCD	31.0	0.097	0.232	0.864	1.808	2.793	4.033
GCD	32.0	0.241	0.247	0.753	1.784	3.369	5.124
GCD	33.0	0.656	0.225	0.298	1.519	3.717	5.998
GCD	34.0	1.523	0.228	0.302	1.248	3.678	6.563
GCD	35.0	3.187	0.212	0.287	0.393	2.971	6.253
GCD	36.0	6.041	0.204	0.290	0.381	2.397	5.818
GCD	37.0	10.326	0.216	0.298	0.377	1.515	5.257
GCD	38.0	15.992	0.208	0.310	0.393	1.103	4.895
GCD	39.0	23.022	0.208	0.314	0.404	0.624	4.275
GCD	40.0	30.443	0.228	0.338	0.436	0.640	4.480
GCD	41.0	37.636	0.267	0.377	0.475	0.800	4.653
GCD	42.0	44.562	0.279	0.396	0.510	0.836	4.833
GCD	43.0	51.183	0.310	0.436	0.553	1.222	5.115
GCD	44.0	57.251	0.338	0.471	0.604	1.342	5.157
GCD	45.0	62.466	0.361	0.518	0.659	1.653	5.860
GCD	46.0	67.246	0.389	0.557	0.722	2.108	6.503
GCD	47.0	71.231	0.416	0.601	0.781	2.237	7.027
GCD	48.0	74.729	0.455	0.656	0.867	2.912	7.830
GCD	49.0	77.771	0.491	0.718	0.962	3.553	9.162
GCD	50.0	80.495	0.529	0.781	1.074	4.008	9.868
GCD	51.0	82.855	0.572	0.860	1.252	4.973	11.203
GCD	52.0	85.082	0.636	0.942	1.558	5.381	11.760
GCD	53.0	86.995	0.611	1.001	1.990	6.237	12.842
GCD	54.0	88.803	0.703	1.134	2.653	7.423	15.195
GCD	55.0	90.425	0.827	1.268	3.175	8.722	16.246
GCD	56.0	91.946	0.982	1.441	3.986	9.997	18.461
GCD	57.0	93.316	1.130	1.696	4.514	10.476	19.741
GCD	58.0	94.656	1.095	1.778	5.079	11.774	20.984
GCD	59.0	95.860	1.185	1.970	5.350	13.369	23.308
GCD	60.0	96.892	1.276	2.084	6.418	14.131	24.332
GCD	61.0	97.732	1.318	2.245	6.849	14.957	25.138
GCD	62.0	98.439	1.512	2.354	6.508	14.766	25.743
GCD	63.0	98.989	1.562	2.351	7.042	14.916	24.344
GCD	64.0	99.399	1.735	2.720	6.229	12.659	22.264
GCD	65.0	99.683	1.923	3.245	7.996	15.659	26.914
GCD	66.0	99.863	1.939	3.097	6.488	12.423	22.786
GCD	67.0	99.932	1.985	2.893	4.463	10.156	23.128
GCD	68.0	99.975	1.929	3.368	5.511	10.327	25.267
GCD	69.0	99.993	2.794	4.565	6.406	11.481	27.394
GCD	70.0	99.997	0.773	0.915	4.086	6.739	7.666
GCD	71.0	99.999	2.752	2.752	2.814	21.118	21.118
GCD	74.0	99.999	10.166	10.166	10.166	10.166	10.166
GCD	79.0	100.000	0.027	0.027	0.027	0.027	0.027
