# This file was produced by samtools stats (1.21+htslib-1.21) and can be plotted using plot-bamstats
# This file contains statistics for all reads.
# The command line was:  stats post_aligned/ERR2828408_fixed_sorted.bam
# CHK, Checksum	[2]Read Names	[3]Sequences	[4]Qualities
# CHK, CRC32 of reads which passed filtering followed by addition (32bit overflow)
CHK	a6fcf573	e4e304b2	8ea1d1da
# Summary Numbers. Use `grep ^SN | cut -f 2-` to extract this part.
SN	raw total sequences:	80418312	# excluding supplementary and secondary reads
SN	filtered sequences:	0
SN	sequences:	80418312
SN	is sorted:	1
SN	1st fragments:	40209156
SN	last fragments:	40209156
SN	reads mapped:	79929387
SN	reads mapped and paired:	79532866	# paired-end technology bit set + both mates mapped
SN	reads unmapped:	488925
SN	reads properly paired:	78936440	# proper-pair bit set
SN	reads paired:	80418312	# paired-end technology bit set
SN	reads duplicated:	0	# PCR or optical duplicate bit set
SN	reads MQ0:	8989945	# mapped and MQ=0
SN	reads QC failed:	0
SN	non-primary alignments:	0
SN	supplementary alignments:	7269
SN	total length:	6361738570	# ignores clipping
SN	total first fragment length:	3208426835	# ignores clipping
SN	total last fragment length:	3153311735	# ignores clipping
SN	bases mapped:	6355575775	# ignores clipping
SN	bases mapped (cigar):	6352090769	# more accurate
SN	bases trimmed:	0
SN	bases duplicated:	0
SN	mismatches:	13269784	# from NM fields
SN	error rate:	2.089042e-03	# mismatches / bases mapped (cigar)
SN	average length:	79
SN	average first fragment length:	80
SN	average last fragment length:	78
SN	maximum length:	81
SN	maximum first fragment length:	81
SN	maximum last fragment length:	81
SN	average quality:	37.9
SN	insert size average:	170.8
SN	insert size standard deviation:	67.3
SN	inward oriented pairs:	38901998
SN	outward oriented pairs:	769652
SN	pairs with other orientation:	5891
SN	pairs on different chromosomes:	88892
SN	percentage of properly paired reads (%):	98.2
# First Fragment Qualities. Use `grep ^FFQ | cut -f 2-` to extract this part.
# Columns correspond to qualities and rows to cycles. First column is the cycle number.
FFQ	1	0	0	0	0	0	0	0	0	0	0	0	0	0	0	0	0	0	0	0	0	0	0	0	0	0	0	0	397265	21262	0	240877	317263	0	0	878278	360152	1148382	779981	1520956	8540738	26004002	0
FFQ	2	0	0	0	0	0	0	0	0	0	0	0	0	0	0	32778	27338	275168	0	0	0	0	0	0	0	0	0	0	244876	21687	0	243030	314613	0	0	802033	267703	1156697	732844	1530057	8660558	25890594	0
FFQ	3	0	0	0	0	0	0	0	0	0	0	0	0	0	0	32937	27654	275759	0	0	0	0	0	0	0	0	0	0	282532	21330	0	242534	309274	0	0	811937	294117	1151415	739587	1512475	8663267	25832941	0
FFQ	4	0	0	0	0	0	0	0	0	0	0	0	0	0	0	34770	29223	290180	0	0	0	0	0	0	0	0	0	0	293272	21625	0	243285	310622	0	0	819527	302803	1153328	745896	1519719	8663972	25766369	0
FFQ	5	0	0	48	0	0	0	0	0	0	0	0	0	0	0	34264	28608	284983	0	0	0	0	0	0	0	0	0	0	306453	21607	0	244667	312216	0	0	830872	307229	1160560	754433	1536268	8692740	25675106	0
FFQ	6	0	0	0	0	0	0	0	0	0	0	0	0	0	0	34723	29431	295377	0	0	0	0	0	0	0	0	0	0	302266	22182	0	250112	317643	0	0	850418	317731	1187926	776125	1567795	8811779	25420299	0
FFQ	7	0	0	1	0	0	0	0	0	0	0	0	0	0	0	36509	30660	307869	0	0	0	0	0	0	0	0	0	0	304046	22344	0	254502	319819	0	0	856044	316727	1198871	779723	1582785	8906282	25261436	0
FFQ	8	0	0	1	0	0	0	0	0	0	0	0	0	0	0	40502	34036	338515	0	0	0	0	0	0	0	0	0	0	317908	22628	0	257846	320333	0	0	859526	320778	1200109	781384	1582547	8922667	25172370	0
FFQ	9	0	0	190	0	0	0	0	0	0	0	0	0	0	0	39777	33220	332097	0	0	0	0	0	0	0	0	0	0	340294	22907	0	257050	317586	0	0	863150	333672	1202340	789116	1601386	8966351	25065025	0
FFQ	10	0	0	175	0	0	0	0	0	0	0	0	0	0	0	38597	32203	322051	0	0	0	0	0	0	0	0	0	0	342980	23057	0	260519	322732	0	0	876273	342301	1214882	803073	1614606	8998635	24965167	0
FFQ	11	0	0	92	0	0	0	0	0	0	0	0	0	0	0	35571	30145	299922	0	0	0	0	0	0	0	0	0	0	323643	22552	0	253924	318705	0	0	862409	334972	1202628	791886	1607035	9008977	25057864	0
FFQ	12	0	0	9	0	0	0	0	0	0	0	0	0	0	0	37482	31523	313143	0	0	0	0	0	0	0	0	0	0	312648	22912	0	258610	320710	0	0	867045	325607	1213411	792004	1613793	9023647	25010708	0
FFQ	13	0	0	71	0	0	0	0	0	0	0	0	0	0	0	36844	30922	310105	0	0	0	0	0	0	0	0	0	0	317118	24026	0	265008	325650	0	0	880813	329684	1230559	802231	1625592	9068963	24888521	0
FFQ	14	0	0	2	0	0	0	0	0	0	0	0	0	0	0	37750	31634	316221	0	0	0	0	0	0	0	0	0	0	316204	24290	0	269525	329656	0	0	889413	330833	1244519	805998	1639379	9100198	24793418	0
FFQ	15	0	0	32	0	0	0	0	0	0	0	0	0	0	0	42756	35690	354806	0	0	0	0	0	0	0	0	0	0	326219	24803	0	275843	334452	0	0	900783	333811	1251880	812258	1643243	9106404	24678932	0
FFQ	16	0	0	18	0	0	0	0	0	0	0	0	0	0	0	39823	33364	334605	0	0	0	0	0	0	0	0	0	0	346006	24743	0	277130	333444	0	0	910843	349592	1263989	825396	1666060	9167100	24542726	0
FFQ	17	0	0	10	0	0	0	0	0	0	0	0	0	0	0	44149	37053	365825	0	0	0	0	0	0	0	0	0	0	339670	25437	0	281635	339684	0	0	921904	352272	1278364	835833	1683443	9227816	24374492	0
FFQ	18	0	0	13	0	0	0	0	0	0	0	0	0	0	0	41103	33913	335948	0	0	0	0	0	0	0	0	1	0	355481	25147	0	280627	337084	0	0	922985	354146	1281690	838569	1694684	9290315	24308614	0
FFQ	19	0	0	1	0	0	0	0	0	0	0	0	0	0	0	42873	36200	354985	0	0	0	0	0	0	0	0	3	0	344567	25497	0	284510	338982	0	0	929533	360751	1286963	844082	1697336	9319706	24227041	0
FFQ	20	0	0	23	0	0	0	0	0	0	0	0	0	0	0	42846	36072	353496	0	0	0	0	0	0	0	0	7	0	358707	26743	0	297802	352055	0	0	955556	370104	1324107	863485	1730652	9389973	23983904	0
FFQ	21	0	0	214	0	0	0	0	0	0	0	0	0	0	9	42817	35855	354023	0	0	0	0	0	0	0	0	3	1	347224	26510	0	296749	349122	0	0	957544	366628	1324999	864625	1737397	9433250	23940923	0
FFQ	22	0	0	57	0	0	0	0	0	0	0	0	0	0	189	45421	37514	369386	0	0	0	0	0	0	3	0	14	0	351722	27384	0	303314	353186	3	1	967341	369001	1341357	872768	1758098	9497868	23775739	0
FFQ	23	0	0	227	0	0	0	0	0	0	0	0	0	5	382	45178	38219	371010	0	0	0	0	0	0	4	0	19	2	366192	27767	0	307521	357198	7	3	978789	374276	1354432	879615	1768752	9535154	23657994	0
FFQ	24	0	0	141	0	0	0	0	0	0	0	0	0	2	196	43800	36583	357837	0	0	0	0	0	0	1	0	38	2	362525	27629	0	310222	358517	3	6	986685	382763	1369401	889739	1787323	9609829	23531738	0
FFQ	25	0	0	0	0	0	0	0	0	0	0	0	0	2	228	49597	41408	399838	0	0	0	0	0	0	0	0	39	5	362502	29030	0	320910	367506	2	5	1006534	382436	1388372	899347	1799603	9664708	23335054	0
FFQ	26	0	0	0	0	0	0	0	0	0	0	0	0	15	971	48137	41154	394896	0	0	0	0	0	0	11	0	64	7	382888	29151	0	319377	366654	14	11	1012561	389016	1395218	907968	1817662	9711726	23221823	0
FFQ	27	0	0	0	0	0	0	0	0	0	0	0	0	22	1757	47392	40991	394030	0	0	0	0	0	0	9	0	81	6	384514	29381	0	325208	368781	17	34	1019857	397865	1411320	918606	1832067	9764498	23095160	0
FFQ	28	0	0	31	0	0	0	0	0	0	0	0	0	19	2264	45231	39314	383471	0	0	0	0	0	0	18	0	111	8	386996	30015	0	328393	373117	33	29	1035050	403133	1422172	927852	1845778	9803038	22997656	0
FFQ	29	0	0	106	0	0	0	0	0	0	0	0	0	33	2446	50890	44613	427579	0	0	0	0	0	0	16	0	106	14	392359	31396	0	340329	381692	30	37	1058715	411292	1447414	943904	1866050	9885798	22730561	0
FFQ	30	0	0	522	0	0	0	0	0	0	0	0	0	51	3858	51202	45291	436898	0	0	0	0	0	0	42	0	141	16	418672	31721	0	346744	385968	59	71	1069990	416778	1468218	952651	1887478	9947390	22543101	0
FFQ	31	0	0	399	0	0	0	0	0	0	0	0	0	107	5529	49727	45891	441482	0	0	0	0	0	0	60	0	161	28	434064	32047	0	352519	389649	88	94	1086848	435135	1483039	966884	1900231	9980260	22394089	0
FFQ	32	0	0	1	0	0	0	0	0	0	0	0	0	83	5178	53291	48693	462601	0	0	0	0	0	0	59	0	242	37	441179	32570	0	358849	399344	72	95	1107550	437222	1503754	979949	1923727	10039184	22195925	0
FFQ	33	0	0	147	0	0	0	0	0	0	0	0	0	33	1452	59406	49927	484707	0	0	0	0	0	0	19	0	77	13	490452	36280	0	394288	433015	21	26	1206898	488136	1609047	1062121	2011960	10246597	21405872	0
FFQ	34	0	0	61	0	0	0	0	0	0	0	0	0	73	3590	55356	48282	466466	0	0	0	0	0	0	72	0	204	17	450455	35583	0	390808	428375	70	97	1195108	480419	1611516	1066933	2030663	10411345	21295713	0
FFQ	35	0	0	495	0	0	0	0	0	0	0	0	0	31	1515	62473	53524	510700	0	0	0	0	0	0	20	0	141	21	456793	37993	0	411141	444737	31	38	1230918	483101	1653048	1083906	2050571	10503287	20977111	0
FFQ	36	0	0	66	0	0	0	0	0	0	0	0	0	41	2531	59644	52315	495418	0	0	0	0	0	9	30	2	109	26	466824	38089	0	414664	445180	45	69	1238609	486418	1666820	1090951	2058365	10528755	20906921	0
FFQ	37	0	0	185	0	0	0	0	0	0	0	0	0	166	5934	58221	53440	504438	0	0	0	0	0	9	103	4	197	43	456497	38021	0	418881	446893	136	145	1248712	490057	1677606	1100084	2073147	10576711	20792597	0
FFQ	38	0	0	70	0	0	0	0	0	0	0	0	0	314	10672	54777	54132	513315	0	0	0	0	0	24	205	4	356	75	462228	38517	0	419166	449039	236	334	1250083	491882	1677590	1099033	2075440	10588031	20746910	0
FFQ	39	0	0	18	0	0	0	0	0	0	0	0	12	717	22752	38980	53201	464094	0	0	0	2	5	75	421	26	622	137	442570	36013	0	391444	426167	576	624	1200251	478606	1630820	1067221	2047024	10583319	21036744	0
FFQ	40	0	0	121	0	0	0	0	0	0	0	0	10	877	24857	47111	61549	544331	0	0	0	3	8	84	497	25	634	174	456929	37799	0	412614	440058	578	693	1221732	472382	1648966	1059717	2027368	10454982	20997741	0
FFQ	41	0	0	2	0	0	0	0	0	0	0	0	57	1044	29799	36136	66823	480313	0	0	0	15	16	69	664	23	634	160	488952	37297	0	410412	438832	744	822	1231610	488130	1653643	1066495	2048171	10486328	20934153	0
FFQ	42	0	0	1	0	0	0	0	0	0	0	0	46	1185	31764	36143	67921	493924	0	0	0	6	14	124	696	29	701	236	473864	38747	0	421144	446013	785	899	1245872	492801	1675099	1076662	2061265	10465121	20859321	0
FFQ	43	0	0	89	0	0	0	0	0	0	0	0	77	1437	37014	35687	78786	530973	0	0	0	16	18	186	722	60	730	224	480764	39673	0	438007	457370	840	955	1276323	494186	1705589	1090143	2077796	10483412	20647849	0
FFQ	44	0	0	29	0	0	0	0	0	0	0	0	168	1540	38648	38446	98646	523513	0	0	0	32	51	317	811	83	693	263	510889	40330	15	439972	464075	1014	1117	1289994	504088	1719279	1098691	2090971	10524912	20478912	0
FFQ	45	0	0	0	0	0	0	0	0	0	0	0	161	1706	38321	35018	95350	494676	0	0	0	37	59	345	906	87	736	348	528115	40451	15	439968	463638	1045	1186	1300341	515703	1726691	1111518	2103694	10583704	20371663	0
FFQ	46	0	0	0	0	0	0	0	0	0	0	0	270	1827	39006	37354	112996	479870	0	0	0	74	78	392	815	112	764	277	505520	40713	39	444897	467419	1115	1302	1308407	515465	1739434	1116514	2114819	10617077	20296314	0
FFQ	47	0	0	0	0	0	0	0	0	0	0	0	251	2016	40898	37458	110249	510173	0	0	0	61	81	492	952	153	770	306	500968	41252	24	452191	470192	1232	1253	1315715	510655	1746681	1119592	2115485	10610951	20239526	0
FFQ	48	0	0	0	0	0	0	0	0	0	0	0	319	2265	45378	40734	119594	534019	0	0	0	65	90	637	957	240	765	312	524580	42647	57	467171	484589	1260	1455	1349353	525175	1775513	1131420	2134192	10581200	20051894	0
FFQ	49	0	0	12	0	0	0	0	0	0	0	0	502	2178	45528	38415	147029	494727	0	0	0	117	147	660	1033	1755	1463	317	530400	42437	64	463623	485494	1315	1557	1356821	536090	1781282	1143770	2147958	10654018	19923111	0
FFQ	50	0	0	0	0	0	0	0	0	0	0	0	581	2550	47121	39700	150080	504594	0	0	0	128	155	875	939	3596	2064	353	528217	43590	71	475816	491871	1393	1608	1374733	535985	1802802	1150964	2156621	10655953	19814294	0
FFQ	51	0	0	0	0	0	0	0	0	0	0	0	818	2714	50715	43108	189789	491279	0	0	0	188	228	990	1044	4215	2472	365	544237	45462	108	492591	507262	1526	1893	1412356	552556	1838491	1174677	2179896	10694976	19536574	0
FFQ	52	0	0	2	0	0	0	0	0	0	0	0	1164	2692	49036	51360	224149	478965	0	0	0	255	368	1175	1002	6320	3265	315	549041	45502	174	490158	508776	1611	1950	1423718	559520	1840333	1182731	2195250	10753366	19381356	0
FFQ	53	0	0	0	0	0	0	0	0	0	0	0	1262	3047	53547	51116	234367	491191	0	0	0	254	347	1549	984	8887	4230	348	579779	47519	192	510340	523773	1665	2017	1458313	572713	1874484	1198127	2206207	10748063	19160852	0
FFQ	54	0	0	7	0	0	0	0	0	0	0	0	1694	3189	54763	53572	271738	443715	0	0	0	357	482	1807	943	9283	4281	318	585017	47684	255	511731	527376	1815	2234	1477823	590485	1886893	1217012	2227937	10799409	18993864	0
FFQ	55	0	0	61	0	0	0	0	0	0	0	0	1589	3422	56615	60101	248628	509284	0	0	0	338	452	2290	796	9703	4247	389	594259	48555	317	519791	537129	1903	2413	1495094	592283	1900719	1226780	2236199	10821231	18819617	0
FFQ	56	0	0	89	0	0	0	0	0	0	0	0	2241	3655	62330	62846	315700	461759	0	0	0	488	607	2357	1007	14432	6457	366	626674	50378	417	537901	552925	1974	2636	1540092	613549	1935986	1250097	2254275	10828625	18540544	0
FFQ	57	0	0	4	0	0	0	0	0	0	0	0	3231	3551	63327	71012	397701	399054	0	0	0	708	940	2296	1222	15508	6825	261	630234	51087	531	540736	559367	2117	2756	1559658	623649	1943337	1258120	2264022	10834765	18409511	0
FFQ	58	0	0	0	0	0	0	0	0	0	0	0	3169	3923	65917	79347	371748	427405	0	0	0	706	897	2981	1092	19858	8638	336	652788	51199	580	546539	567409	2290	3054	1582919	634925	1960123	1273180	2277190	10852967	18227563	0
FFQ	59	0	0	11	0	0	0	0	0	0	0	0	3934	3874	68423	81139	418891	396151	0	0	0	822	1092	2963	1343	26904	11812	345	648320	52107	783	550301	572750	2312	3150	1596538	643636	1968185	1280443	2283264	10853239	18117545	0
FFQ	60	0	0	16	0	0	0	0	0	0	0	0	5323	3354	66767	97762	495605	293799	0	0	0	1234	1547	2400	1768	31361	13897	76	647881	52911	858	550770	575270	2384	3342	1606998	647653	1976411	1291672	2299290	10904988	17984225	0
FFQ	61	0	0	0	0	0	0	0	0	0	0	0	5634	3591	66885	127286	482807	319009	0	0	0	1254	1713	2638	1978	45013	19817	80	648130	53464	1235	554594	580425	2382	3320	1625393	665323	1980176	1299750	2307811	10917135	17810305	0
FFQ	62	0	0	0	0	0	0	0	0	0	0	0	6186	3709	70465	146763	491309	288248	0	0	0	1347	1790	2901	2160	54287	22935	76	662636	54234	1433	559972	589336	2594	3647	1638925	671553	1990948	1302047	2304563	10889450	17728815	0
FFQ	63	0	0	0	0	0	0	0	0	0	0	0	6964	4145	74290	176491	499476	282205	0	0	1	1426	1994	3122	2302	56556	24193	47	659431	55652	1539	574096	601085	2642	3628	1670069	686905	2006870	1318856	2320558	10853915	17566891	0
FFQ	64	0	0	27	0	0	0	0	0	0	0	84	7187	4665	87105	182726	492108	294111	0	12	9	1607	2161	6584	2592	63336	29711	405	664136	56879	2738	580453	612780	7784	5919	1693831	698974	2021569	1335164	2333657	10855100	17372855	0
FFQ	65	0	0	17	0	0	0	0	0	0	0	82	7768	4676	88276	191706	531748	308894	0	11	6	1795	2451	6996	2927	70057	33163	349	672898	58036	3028	587115	623208	7972	6268	1718366	707968	2036926	1345875	2341297	10857958	17155100	0
FFQ	66	0	0	62	0	0	0	0	0	0	0	109	8537	4954	90469	212045	531386	270861	0	8	10	1885	2596	7096	3220	79084	37401	369	698776	58466	3364	588008	629317	7824	6571	1740206	729628	2039319	1358988	2352238	10858964	17006194	0
FFQ	67	0	0	25	0	0	0	0	0	0	0	95	8809	5336	91775	227497	535774	270594	0	13	13	2039	2761	7461	3444	100265	46857	345	660153	59139	3624	591480	636160	7824	6575	1756290	739950	2049012	1368480	2355758	10874140	16868431	0
FFQ	68	0	0	0	0	0	0	0	0	0	0	3	9559	5643	83955	244563	548807	268136	0	1	0	2133	2920	4877	3618	114740	50906	7	660098	60602	3296	600152	643716	3043	5143	1786338	744041	2061314	1376752	2367567	10860563	16715874	0
FFQ	69	0	0	0	0	0	0	0	0	0	0	299	10149	6575	127229	246682	563426	266628	0	38	53	2312	3215	16359	4037	108081	55659	1060	670931	61853	5928	608776	657307	19681	11414	1776817	749075	2063060	1378263	2356913	10778636	16622394	0
FFQ	70	0	0	0	0	0	0	0	0	0	0	220	10674	6713	114206	283063	557734	313632	0	29	25	2497	3480	13157	4483	136847	67554	652	702796	61949	5535	606789	665133	14209	9537	1812538	774424	2069396	1391000	2366922	10758587	16361395	0
FFQ	71	0	0	0	0	0	0	0	0	0	0	399	11159	7939	137784	332095	531608	280333	0	89	76	2727	4227	23851	5364	155429	83427	509	719729	63425	7007	615757	673039	13007	10634	1836501	792552	2078540	1401576	2363299	10696947	16204985	0
FFQ	72	0	0	6	0	0	0	0	0	0	0	336	11302	7693	129329	362264	481073	285254	0	48	43	2678	4036	18602	5667	168040	85006	1055	716987	63381	7183	615573	676684	20772	12261	1841702	806530	2079204	1414298	2381482	10705488	16084612	0
FFQ	73	0	0	0	0	0	0	0	0	0	0	340	12044	8407	128462	400289	487519	298551	0	42	45	2843	4234	17138	5589	178180	87807	990	699520	65291	7030	627635	686827	19366	11465	1868054	811023	2100282	1424279	2387080	10697348	15878962	0
FFQ	74	0	0	202	0	0	0	0	0	0	0	927	12016	10040	193341	307625	528508	308293	0	105	126	2986	4470	37647	5768	178534	102588	2689	676829	66374	11519	633707	698184	46945	22609	1834493	819758	2117488	1433315	2393016	10687880	15705096	0
FFQ	75	0	0	309	0	0	0	0	0	0	0	827	12520	10103	179698	393014	473838	281631	0	116	121	3152	4786	33192	6226	185092	103463	2297	684662	66803	10696	639125	707272	41089	19417	1865234	829720	2126340	1440146	2404761	10700654	15540105	0
FFQ	76	0	0	1	0	0	0	0	0	0	0	933	13275	10942	186849	397060	508088	297171	0	110	127	3228	4822	34584	6641	201458	109971	2314	662519	67479	10916	653114	719989	41874	20061	1892412	831049	2144366	1455871	2403307	10670057	15333764	0
FFQ	77	0	0	0	0	0	0	0	0	0	0	1252	13780	12413	223563	468912	431669	288829	0	156	163	3463	5521	46118	7007	220485	126568	3024	631991	68946	13278	660794	731637	55514	25349	1888628	835502	2155002	1459895	2409894	10651867	15157479	0
FFQ	78	0	0	0	0	0	0	0	0	0	0	1844	13625	13867	256132	479273	396846	299316	0	241	266	3583	5836	55621	7535	221293	135098	4135	628437	69856	15855	665478	735835	71719	30450	1866953	841222	2154815	1462741	2408451	10616715	15034047	0
FFQ	79	0	0	32	0	0	0	0	0	0	0	2023	12487	13746	266018	482348	298995	293029	0	276	288	3787	6114	67891	7945	221273	144357	4934	634152	69900	17977	669039	747941	86103	35235	1858141	851017	2163531	1472474	2405627	10585663	14883640	0
FFQ	80	0	0	0	0	0	0	0	0	0	0	1076	7342	8411	164772	308454	190434	224442	0	136	138	3845	6550	74113	8418	223582	149154	5553	629926	70657	19747	675474	754306	95181	38534	1854333	857495	2167038	1475908	2403196	10515118	14723598	0
FFQ	81	0	0	0	0	0	0	0	0	0	0	0	0	0	0	0	0	0	0	0	0	6254	12711	167836	12946	734421	319055	4390	1078282	81752	12130	820938	1103127	81138	31339	2255786	876722	2299939	1468446	2120571	8868969	8126156	0
# Last Fragment Qualities. Use `grep ^LFQ | cut -f 2-` to extract this part.
# Columns correspond to qualities and rows to cycles. First column is the cycle number.
LFQ	1	0	0	0	0	0	0	0	0	0	0	0	0	0	0	0	0	0	0	0	0	0	0	0	0	0	0	0	703340	27643	0	318848	397883	0	0	1154508	526246	1388905	990614	1843610	9585052	23272507	0
LFQ	2	0	0	758	0	0	0	0	0	0	0	0	0	0	0	52328	45938	469686	0	0	0	0	0	0	0	0	0	0	373619	29259	0	332637	399700	0	0	1038367	362598	1398974	914678	1842914	9671985	23234174	0
LFQ	3	0	0	998	0	0	0	0	0	0	0	0	0	0	0	54485	47229	477436	0	0	0	0	0	0	0	0	0	0	434966	29449	0	334143	386709	0	0	1044653	400797	1393968	922701	1842765	9718820	23069705	0
LFQ	4	0	0	81	0	0	0	0	0	0	0	0	0	0	0	55225	47107	483537	0	0	0	0	0	0	0	0	0	0	457326	29407	0	333010	388716	0	0	1059953	415364	1398027	935317	1849046	9717956	22977257	0
LFQ	5	0	0	454	0	0	0	0	0	0	0	0	0	0	0	54254	46653	477155	0	0	0	0	0	0	0	0	0	0	465204	29033	0	332098	390604	0	0	1066499	420176	1407413	942974	1857903	9734192	22907766	0
LFQ	6	0	0	127	0	0	0	0	0	0	0	0	0	0	0	56114	48423	487181	0	0	0	0	0	0	0	0	0	0	469834	29869	0	340455	392586	0	0	1078122	420790	1419181	949511	1887619	9795801	22738209	0
LFQ	7	0	0	185	0	0	0	0	0	0	0	0	0	0	0	53363	46335	467445	0	0	0	0	0	0	0	0	0	0	464352	29547	0	330970	389178	0	0	1069015	426816	1408846	948053	1869914	9794974	22796369	0
LFQ	8	0	0	82	0	0	0	0	0	0	0	0	0	0	0	71228	60703	589652	0	0	0	0	0	0	0	0	0	0	487906	32446	0	363906	407372	0	0	1109801	431757	1453988	967482	1912644	9811179	22377403	0
LFQ	9	0	0	60	0	0	0	0	0	0	0	0	0	0	0	60716	51816	517994	0	0	0	0	0	0	0	0	0	0	547839	31307	0	347090	401361	0	0	1119564	467070	1452445	986574	1921104	9870535	22285620	0
LFQ	10	0	0	277	0	0	0	0	0	0	0	0	0	0	0	61142	52847	523441	0	0	0	0	0	0	0	0	0	0	526227	32048	0	358294	406508	0	0	1128029	458875	1471412	994373	1952335	9941375	22136635	0
LFQ	11	0	0	288	0	0	0	0	0	0	0	0	0	0	0	57476	49900	499134	0	0	0	0	0	0	0	0	0	0	509234	31235	0	354588	407183	0	0	1132923	463591	1483883	1005266	1965079	10026403	22041193	0
LFQ	12	0	0	214	0	0	0	0	0	0	0	0	0	0	0	58068	50721	504362	0	0	0	0	0	0	0	0	0	0	503882	32801	0	362056	412728	0	0	1143558	457758	1498826	1005636	1957137	10069463	21953239	0
LFQ	13	0	0	335	0	0	0	0	0	0	0	0	0	0	0	57402	50290	506323	0	0	0	0	0	0	0	0	0	0	495077	32432	0	364702	414378	0	0	1147811	455821	1509157	1008839	1979078	10109770	21862850	0
LFQ	14	0	0	138	0	0	0	0	0	0	0	0	0	0	0	55830	48843	489873	0	0	0	0	0	0	0	0	0	0	488102	33513	0	368162	413221	0	0	1149555	462973	1515152	1012176	1979530	10136522	21825023	0
LFQ	15	0	0	215	0	0	0	0	0	0	0	0	0	0	0	59397	51512	512950	0	0	0	0	0	0	0	0	1	0	477920	34244	0	375842	419344	0	0	1157244	456051	1528727	1016796	2003535	10160913	21708220	0
LFQ	16	0	0	576	0	0	0	0	0	0	0	0	0	0	0	59483	51769	521891	0	0	0	0	0	0	0	0	0	0	496460	34656	0	382038	423257	0	0	1174038	464740	1546397	1026193	2004878	10189294	21571844	0
LFQ	17	0	0	180	0	0	0	0	0	0	0	0	0	0	0	61362	53997	532954	0	0	0	0	0	0	0	0	4	0	502111	35836	0	394079	433178	0	0	1198340	479515	1580360	1049362	2035670	10290837	21284353	0
LFQ	18	0	0	759	0	0	0	0	0	0	0	0	0	0	0	60352	52661	521892	0	0	0	0	0	0	0	0	6	0	502164	35313	0	391529	430811	0	0	1200268	476807	1580228	1056377	2050042	10382369	21174787	0
LFQ	19	0	0	65	0	0	0	0	0	0	0	0	0	0	6	61336	52766	529036	0	0	0	0	0	0	0	0	16	0	506164	35858	0	396250	437910	0	0	1215872	484553	1593071	1064733	2049009	10376210	21098528	0
LFQ	20	0	0	915	0	0	0	0	0	0	0	0	0	0	291	62903	53593	532686	0	0	0	0	0	0	4	0	19	1	496543	35892	0	395615	434310	2	2	1209187	480757	1590913	1059555	2045590	10358533	21128858	0
LFQ	21	0	0	252	0	0	0	0	0	0	0	0	0	4	762	61667	54362	537832	0	0	0	0	0	0	4	0	25	3	512209	37501	0	411334	444816	7	7	1240247	494571	1628543	1079769	2080678	10400644	20885897	0
LFQ	22	0	0	39	0	0	0	0	0	0	0	0	0	7	845	62349	53147	531063	0	0	0	0	0	0	4	0	37	6	502156	37566	0	412595	443897	7	9	1241378	492877	1633166	1085105	2097094	10482373	20780028	0
LFQ	23	0	0	102	0	0	0	0	0	0	0	0	0	17	2158	65890	59031	574426	0	0	0	0	0	0	13	0	59	5	505493	40707	0	448617	465204	24	20	1301953	506704	1736136	1133581	2252722	10841605	19905309	0
LFQ	24	0	0	465	0	0	0	0	0	0	0	0	0	20	2917	66811	60276	590928	0	0	0	0	0	0	14	0	76	8	527531	41976	0	458162	476293	33	24	1333634	524867	1774296	1164642	2275317	11090597	19435134	0
LFQ	25	0	0	264	0	0	0	0	0	0	0	0	0	29	4275	66995	61757	604683	0	0	0	0	0	0	20	0	97	17	547590	42387	0	464232	484203	42	41	1356229	537859	1801724	1182860	2283901	11195968	19172543	0
LFQ	26	0	0	195	0	0	0	0	0	0	0	0	0	44	5689	67137	62781	610212	0	0	0	0	0	0	38	0	139	16	557012	43328	0	471162	489965	62	62	1380758	546649	1824048	1198905	2305719	11303975	18923356	0
LFQ	27	0	0	124	0	0	0	0	0	0	0	0	0	78	6646	72185	67004	654341	0	0	0	0	0	0	53	0	210	20	586342	45383	0	496187	510994	67	81	1434952	567073	1878977	1232175	2332714	11360482	18528297	0
LFQ	28	0	0	25	0	0	0	0	0	0	0	0	0	95	8941	66118	63403	623993	0	0	0	0	0	3	85	2	314	42	582574	44494	0	485118	505186	110	126	1431274	573470	1879642	1241713	2339295	11455942	18455563	0
LFQ	29	0	0	434	0	0	0	0	0	0	0	0	0	150	11809	67667	66945	658277	0	0	0	0	0	5	105	1	361	58	581749	46278	0	503210	517535	134	168	1460866	577303	1913150	1253497	2355611	11487851	18236916	0
LFQ	30	0	0	13	0	0	0	0	0	0	0	0	0	210	14432	69063	70433	688476	0	0	0	0	0	15	137	7	418	71	604818	47123	0	514326	528315	193	221	1485432	586990	1940086	1270401	2367435	11508035	18026182	0
LFQ	31	0	0	67	0	0	0	0	0	0	0	0	0	227	17507	65984	70248	683696	0	0	0	0	0	29	172	5	519	69	618800	47356	0	513281	529442	214	276	1492652	593792	1946793	1274419	2369771	11515548	17964973	0
LFQ	32	0	0	2	0	0	0	0	0	0	0	0	0	315	20420	61161	68420	668329	0	0	0	0	0	18	232	4	545	108	613677	46879	0	515611	530871	346	350	1498638	599350	1953709	1282470	2381600	11573702	17871696	0
LFQ	33	0	0	364	0	0	0	0	0	0	0	0	0	472	24987	61842	72468	707632	0	0	0	0	0	38	278	14	561	124	617395	48179	0	532441	538424	427	437	1522107	599454	1979945	1289319	2390933	11557544	17725164	0
LFQ	34	0	0	36	0	0	0	0	0	0	0	0	10	609	30837	56694	80147	705909	0	0	0	2	2	55	329	34	544	136	643905	49970	0	546534	552434	452	535	1554814	614854	2009874	1307453	2405772	11555055	17535423	0
LFQ	35	0	0	410	0	0	0	0	0	0	0	0	15	742	37678	51463	86815	713233	0	0	0	4	7	54	503	19	582	172	642071	50702	0	552179	559586	603	711	1580398	627941	2035849	1323148	2426968	11597991	17344081	0
LFQ	36	0	0	36	0	0	0	0	0	0	0	0	26	877	38129	55640	96510	739287	0	0	0	10	12	92	497	31	599	188	654588	51787	0	560767	567484	691	731	1596981	629537	2053317	1331658	2431056	11607822	17197013	0
LFQ	37	0	0	11	0	0	0	0	0	0	0	0	48	1083	43001	52528	98106	743643	0	0	0	7	14	120	616	42	627	202	676365	51578	0	565298	569921	725	823	1609426	639283	2056665	1339401	2437901	11587846	17120388	0
LFQ	38	0	0	27	0	0	0	0	0	0	0	0	92	1187	48062	48221	123097	717815	0	0	0	30	35	127	714	43	642	224	680531	52245	0	569631	571900	855	1021	1620440	644742	2071688	1343244	2440776	11579282	17058925	0
LFQ	39	0	0	197	0	0	0	0	0	0	0	0	84	1489	51628	49694	119011	760469	0	0	0	25	36	215	700	61	635	241	704311	54089	2	589023	587985	977	1072	1656261	655649	2099588	1359810	2453849	11585677	16821715	0
LFQ	40	0	0	0	0	0	0	0	0	0	0	0	187	1525	53324	55319	154482	769672	0	0	0	48	56	288	777	84	652	265	725265	54836	15	599259	598762	1027	1157	1686322	672693	2124185	1380133	2475070	11581132	16596142	0
LFQ	41	0	0	29	0	0	0	0	0	0	0	0	235	1725	56944	53926	167073	753732	0	0	0	43	71	349	816	86	717	270	748610	55550	32	605074	604873	1119	1306	1709400	684022	2139195	1391899	2486983	11625924	16420786	0
LFQ	42	0	0	5	0	0	0	0	0	0	0	0	279	1796	58776	52574	185922	747458	0	0	0	79	99	551	870	153	673	332	751968	55701	26	612082	610265	1203	1366	1724461	691972	2155935	1403928	2499130	11597086	16332892	0
LFQ	43	0	0	14	0	0	0	0	0	0	0	0	312	2077	63755	56725	197936	784326	0	0	0	89	107	621	873	234	796	346	776502	57883	41	630836	629429	1326	1539	1768617	703138	2192034	1421907	2512236	11616815	16042624	0
LFQ	44	0	0	48	0	0	0	0	0	0	0	0	530	2189	64388	59829	235329	736325	0	0	0	108	162	763	871	2861	1806	312	782800	57746	87	626984	630483	1263	1621	1776362	716529	2191260	1431986	2516294	11625097	15973657	0
LFQ	45	0	0	17	0	0	0	0	0	0	0	0	611	2207	65277	60739	249718	715050	0	0	0	154	224	854	931	5612	3120	327	783038	58328	97	631157	634137	1410	1764	1786383	719323	2196816	1436125	2523833	11628270	15905409	0
LFQ	46	0	0	384	0	0	0	0	0	0	0	0	797	2360	68325	62520	285673	695432	0	0	0	167	264	1106	846	3144	1906	332	783413	59476	112	639097	639709	1477	1785	1796945	717510	2203166	1434643	2513171	11578969	15889542	0
LFQ	47	0	0	602	0	0	0	0	0	0	0	0	950	2574	72015	67180	304457	707735	0	0	0	225	269	1359	837	3312	1951	377	805768	60021	126	651953	652288	1516	1887	1828409	728127	2223558	1448042	2519647	11553472	15713780	0
LFQ	48	0	0	43	0	0	0	0	0	0	0	0	1246	2775	77168	75474	352199	734688	0	0	0	279	389	1706	820	12462	5601	362	821359	61775	214	661213	660949	1593	2117	1852501	740996	2235574	1457742	2530404	11505857	15523456	0
LFQ	49	0	0	229	0	0	0	0	0	0	0	0	1689	3030	81783	74506	430625	657228	0	0	0	377	502	1651	1080	15304	7119	373	863838	62502	252	667019	670562	1719	2224	1880680	756523	2253937	1474800	2543697	11511064	15322753	0
LFQ	50	0	0	624	0	0	0	0	0	0	0	0	2195	2890	78780	97149	479680	588555	0	0	0	497	730	2073	948	17056	7488	337	885218	61754	408	660653	668902	1798	2447	1885593	776683	2243820	1477125	2544706	11522303	15240462	0
LFQ	51	0	0	38	0	0	0	0	0	0	0	0	2546	3103	84281	109835	485405	606708	0	0	0	556	797	2169	1047	24398	10676	339	904947	64015	440	681438	687475	1873	2457	1927048	786845	2274510	1494752	2548011	11475277	15030196	0
LFQ	52	0	0	63	0	0	0	0	0	0	0	0	3022	3145	85351	117608	548517	571969	0	0	0	721	936	2371	1264	34168	15186	236	897586	64755	532	683397	694751	1905	2616	1946897	798877	2277098	1503365	2562698	11442865	14906471	0
LFQ	53	0	0	129	0	0	0	0	0	0	0	0	3475	3584	96453	129527	585251	598978	0	0	0	786	1004	2604	1318	31607	13752	321	943676	67072	657	698981	712451	2004	2721	1989898	815879	2297855	1517605	2559110	11389394	14655209	0
LFQ	54	0	0	259	0	0	0	0	0	0	0	0	4293	3433	92740	142281	656771	503321	0	0	0	962	1283	2629	1736	49306	22127	197	946740	66257	775	697197	713597	2160	3018	1999772	829529	2299984	1526041	2570991	11380834	14554878	0
LFQ	55	0	0	316	0	0	0	0	0	0	0	57	4914	3525	104061	142522	674811	461156	0	6	4	1120	1555	5887	1862	45257	23043	476	961316	66879	1773	702557	721569	7356	5164	2015507	840670	2313278	1540602	2575199	11387635	14410140	0
LFQ	56	0	0	201	0	0	0	0	0	0	0	0	5596	3415	95266	180454	718541	416964	0	0	0	1283	1677	2622	2129	53369	24023	53	943223	68209	1082	711247	731142	2283	3232	2040621	843756	2319146	1544057	2575737	11365059	14307891	0
LFQ	57	0	0	237	0	0	0	0	0	0	0	0	6399	3769	101133	208259	752818	407912	0	0	0	1399	1866	2978	2323	72930	32622	55	949690	69817	1367	722696	748576	2333	3470	2084487	861413	2336418	1561834	2584060	11332464	14047105	0
LFQ	58	0	0	80	0	0	0	0	0	0	0	146	6561	4302	133444	210854	755978	429316	0	16	18	1566	1967	11168	2728	77509	40822	780	955788	69918	3574	719321	753272	13874	8076	2078379	876340	2327981	1565027	2580357	11289677	13916243	0
LFQ	59	0	0	182	0	0	0	0	0	0	0	1	7023	4206	108122	271156	754013	402850	0	0	0	1501	2216	3598	2802	103362	46326	51	960325	70216	2195	716405	756254	2173	3802	2110806	886574	2314375	1568011	2582811	11251743	13830428	0
LFQ	60	0	0	10	0	0	0	0	0	0	0	77	7946	4655	125699	261399	810108	395840	0	10	10	1745	2488	8204	3227	115122	54488	381	990460	72840	3082	738223	776484	8456	6158	2143080	903025	2346423	1581379	2582682	11169316	13574822	0
LFQ	61	0	0	0	0	0	0	0	0	0	0	135	7924	4931	139572	276978	781312	414839	0	17	19	1878	2545	12741	3467	124683	62695	742	998975	72575	4157	737199	782359	14635	8807	2155206	924833	2351100	1598340	2591972	11143486	13388099	0
LFQ	62	0	0	37	0	0	0	0	0	0	0	90	8430	4990	125800	316482	759597	392248	0	7	8	1887	2716	9258	3812	166134	79072	394	940680	73676	3897	731564	786921	8515	6864	2184965	935646	2345959	1603021	2598337	11137646	13290937	0
LFQ	63	0	0	0	0	0	0	0	0	0	0	88	8817	5407	128862	372955	727274	397971	0	11	17	2020	2852	10098	3884	186989	87473	394	905779	74668	4136	741278	791484	8795	6760	2185462	934874	2348434	1601490	2597616	11118152	13174418	0
LFQ	64	0	0	0	0	0	0	0	0	0	0	440	9179	6376	183375	333795	760591	406440	0	47	49	2099	3025	25627	4061	182678	96420	1727	913478	75918	7760	752837	807858	31365	15383	2168679	938640	2361349	1609589	2587447	11059559	12984865	0
LFQ	65	0	0	1	0	0	0	0	0	0	0	368	9970	6861	184356	372438	768738	399239	0	44	36	2253	3273	25850	4465	214904	109503	1474	899421	77110	7045	764288	817514	27459	14151	2200106	953036	2368844	1618512	2588323	10973616	12815793	0
LFQ	66	0	0	1	0	0	0	0	0	0	0	384	10390	7286	189658	405913	776564	406796	0	50	43	2391	3622	26453	4872	210031	108177	1490	940348	77684	7394	765876	826763	27942	14485	2219463	958523	2364959	1621060	2580222	10878854	12684191	0
LFQ	67	0	0	220	0	0	0	0	0	0	0	822	9831	8160	241881	442973	654786	444489	0	101	118	2542	3786	46145	5206	222380	128709	3201	913034	78053	12005	765675	835817	55110	25094	2194602	979826	2384826	1640031	2601244	10919634	12388202	0
LFQ	68	0	0	0	0	0	0	0	0	0	0	597	10957	8253	212867	441201	739050	401289	0	47	71	2551	3809	34062	5553	251608	132939	2176	910677	79334	9171	769484	837232	38240	18425	2229162	979830	2373110	1631525	2580470	10843333	12338121	0
LFQ	69	0	0	2	0	0	0	0	0	0	0	581	11746	8787	223234	504312	727626	397443	0	53	68	2714	4220	36644	5777	270510	141460	2161	897937	80178	9475	776799	844322	38365	19184	2242089	979738	2369054	1629577	2567811	10721666	12243424	0
LFQ	70	0	0	8	0	0	0	0	0	0	0	807	11822	9801	251552	662700	528550	406671	0	85	102	2820	4484	47133	6250	295091	162236	2740	853547	79417	11627	776166	847731	51024	22740	2228225	986862	2374767	1638500	2576247	10691161	12093120	0
LFQ	71	0	0	359	0	0	0	0	0	0	0	1278	11530	10706	302836	561421	609079	412163	0	173	174	2931	4611	63239	6769	285298	169869	4177	876263	79870	15077	783048	856961	73258	31711	2194731	990030	2375650	1633250	2564896	10638284	11920125	0
LFQ	72	0	0	2	0	0	0	0	0	0	0	1358	12266	11657	326451	581179	634172	430864	0	168	205	3138	4904	68435	7102	306396	182545	4345	877195	82186	15767	794429	871600	78254	33587	2210249	995936	2372511	1633619	2544731	10526229	11714664	0
LFQ	73	0	0	0	0	0	0	0	0	0	0	949	13031	11184	271600	700545	576148	415487	0	114	125	3095	5149	53337	7554	318644	178003	3086	923659	81602	12755	790000	869275	56968	25314	2253274	1007270	2368715	1639954	2542574	10467904	11569907	0
LFQ	74	0	0	3	0	0	0	0	0	0	0	1573	13064	13135	361796	671168	582751	462316	0	201	213	3279	5551	79573	7960	323763	198434	4897	902552	83422	17612	803159	886116	86502	36372	2227167	1023554	2374466	1647657	2531494	10356727	11290862	0
LFQ	75	0	0	36	0	0	0	0	0	0	0	2063	12778	14217	386060	784707	408788	415345	0	249	292	3358	6061	93292	8291	326011	208713	6075	901990	81947	20585	789457	884530	105594	42783	2195369	1030624	2359810	1648524	2529298	10331120	11224267	0
LFQ	76	0	0	324	0	0	0	0	0	0	0	2159	13124	14653	400215	809618	402269	408889	0	256	314	3567	6153	95874	8470	320415	208462	6147	880996	82697	20953	793954	885039	110390	43935	2177877	1025055	2357344	1641354	2520902	10267627	11126859	0
LFQ	77	0	0	185	0	0	0	0	0	0	0	1885	13286	14849	387936	881583	352473	407403	0	222	272	3646	6314	92762	8786	331640	210669	5437	891369	82553	19591	794100	886102	100525	40380	2188383	1018842	2346024	1633409	2510717	10208326	11003808	0
LFQ	78	0	0	929	0	0	0	0	0	0	0	2174	13759	15315	402790	832487	412966	419295	0	280	304	3773	6721	97356	9243	329984	214221	5866	918051	83768	20138	801062	893889	105680	42648	2196057	1021392	2343008	1628849	2486381	10094426	10817363	0
LFQ	79	0	0	2	0	0	0	0	0	0	0	2974	11756	16300	456271	750074	296467	385938	0	359	420	3790	7204	134124	9723	297215	223552	8328	911836	83648	26981	793342	894885	147709	58354	2112304	1026691	2327611	1624433	2476468	10033140	10732989	0
LFQ	80	0	0	59	0	0	0	0	0	0	0	1884	5807	10054	294406	407206	190554	342596	0	227	275	3923	7418	160448	9430	277351	234670	11222	900117	83537	34100	799509	905933	188278	73466	2043549	1027707	2323423	1619095	2457051	9915738	10522041	0
LFQ	81	0	0	0	0	0	0	0	0	0	0	0	0	0	0	0	0	0	0	0	0	4693	10205	298898	10544	569237	339026	7813	1472340	97288	20299	945753	1181637	137346	51870	2419254	996960	2482151	1557892	2009161	7619069	5151031	0
# GC Content of first fragments. Use `grep ^GCF | cut -f 2-` to extract this part.
GCF	0.75	9233
GCF	1.76	9230
GCF	2.26	9234
GCF	2.76	9241
GCF	3.27	9274
GCF	3.77	9289
GCF	4.27	9341
GCF	4.77	9338
GCF	5.28	9373
GCF	5.78	9358
GCF	6.28	9379
GCF	6.78	9411
GCF	7.29	9499
GCF	7.79	9546
GCF	8.29	9516
GCF	8.79	9603
GCF	9.30	9642
GCF	9.80	9783
GCF	10.30	9864
GCF	10.80	9894
GCF	11.31	10069
GCF	11.81	10184
GCF	12.31	10565
GCF	12.81	10650
GCF	13.32	10765
GCF	13.82	11243
GCF	14.32	11491
GCF	14.82	12498
GCF	15.33	12776
GCF	15.83	14145
GCF	16.33	14583
GCF	16.83	15104
GCF	17.34	18724
GCF	17.84	18982
GCF	18.34	23892
GCF	18.84	25587
GCF	19.35	25986
GCF	19.85	36736
GCF	20.35	37345
GCF	20.85	50534
GCF	21.36	54336
GCF	21.86	54912
GCF	22.36	78691
GCF	22.86	79907
GCF	23.37	105671
GCF	23.87	112938
GCF	24.37	113769
GCF	24.87	156832
GCF	25.38	158058
GCF	25.88	199932
GCF	26.38	211166
GCF	26.88	212224
GCF	27.39	271887
GCF	27.89	273914
GCF	28.39	332261
GCF	28.89	346799
GCF	29.40	407297
GCF	29.90	422320
GCF	30.40	424761
GCF	30.90	492429
GCF	31.41	510619
GCF	31.91	585132
GCF	32.41	603214
GCF	32.91	605481
GCF	33.42	683887
GCF	33.92	702624
GCF	34.42	786146
GCF	34.92	806418
GCF	35.43	809554
GCF	35.93	892763
GCF	36.43	912626
GCF	36.93	990490
GCF	37.44	1010525
GCF	37.94	1013432
GCF	38.44	1089516
GCF	38.94	1107635
GCF	39.45	1171252
GCF	39.95	1187842
GCF	40.45	1190908
GCF	40.95	1243116
GCF	41.46	1255729
GCF	41.96	1299159
GCF	42.46	1308590
GCF	42.96	1337346
GCF	43.47	1338931
GCF	43.97	1346582
GCF	44.47	1367689
GCF	44.97	1372814
GCF	45.48	1385122
GCF	45.98	1386701
GCF	46.48	1392329
GCF	46.98	1400042
GCF	47.49	1402093
GCF	47.99	1408075
GCF	48.49	1409361
GCF	48.99	1413030
GCF	49.50	1426162
GCF	50.00	1436098
GCF	50.50	1450581
GCF	51.01	1457298
GCF	51.51	1458707
GCF	52.01	1481621
GCF	52.51	1489759
GCF	53.02	1516303
GCF	53.52	1523591
GCF	54.02	1525320
GCF	54.52	1548062
GCF	55.03	1556988
GCF	55.53	1581482
GCF	56.03	1586825
GCF	56.53	1588935
GCF	57.04	1595146
GCF	57.54	1597277
GCF	58.04	1586898
GCF	58.54	1583926
GCF	59.05	1548473
GCF	59.55	1548752
GCF	60.05	1539196
GCF	60.55	1485037
GCF	61.06	1468242
GCF	61.56	1394779
GCF	62.06	1392845
GCF	62.56	1374918
GCF	63.07	1279930
GCF	63.57	1253879
GCF	64.07	1147464
GCF	64.57	1143742
GCF	65.08	1115601
GCF	65.58	998071
GCF	66.08	966908
GCF	66.58	849205
GCF	67.09	845150
GCF	67.59	814898
GCF	68.09	701559
GCF	68.59	669369
GCF	69.10	562955
GCF	69.60	557529
GCF	70.10	531144
GCF	70.60	444324
GCF	71.11	420879
GCF	71.61	346993
GCF	72.11	341954
GCF	72.61	267287
GCF	73.12	263839
GCF	73.62	248121
GCF	74.12	202189
GCF	74.62	199727
GCF	75.13	156269
GCF	75.63	154087
GCF	76.13	144636
GCF	76.63	119283
GCF	77.14	116319
GCF	77.64	93150
GCF	78.14	91574
GCF	78.64	86212
GCF	79.15	73311
GCF	79.65	71851
GCF	80.15	57909
GCF	80.65	56750
GCF	81.16	53708
GCF	81.66	47362
GCF	82.16	46235
GCF	82.66	39953
GCF	83.17	37923
GCF	83.67	36220
GCF	84.17	31962
GCF	84.67	30940
GCF	85.18	26921
GCF	85.68	25298
GCF	86.18	22629
GCF	86.68	21959
GCF	87.19	21556
GCF	87.69	19197
GCF	88.19	18731
GCF	88.69	17055
GCF	89.20	16830
GCF	89.70	16512
GCF	90.20	15424
GCF	90.70	14836
GCF	91.21	14491
GCF	91.71	14114
GCF	92.21	13797
GCF	92.71	13501
GCF	93.22	13326
GCF	93.72	13130
GCF	94.22	12995
GCF	94.72	12932
GCF	95.23	12784
GCF	95.73	12740
GCF	96.23	12696
GCF	96.73	12666
GCF	97.24	12650
GCF	97.74	12636
GCF	98.24	12630
GCF	99.25	12629
# GC Content of last fragments. Use `grep ^GCL | cut -f 2-` to extract this part.
GCL	0.50	29140
GCL	1.26	29138
GCL	1.76	29137
GCL	2.26	29133
GCL	2.76	29138
GCL	3.27	29161
GCL	3.77	29226
GCL	4.27	29261
GCL	4.77	29352
GCL	5.28	29370
GCL	5.78	29436
GCL	6.28	29481
GCL	6.78	29524
GCL	7.29	29596
GCL	7.79	29684
GCL	8.29	29758
GCL	8.79	29826
GCL	9.30	29975
GCL	9.80	30252
GCL	10.30	30376
GCL	10.80	30457
GCL	11.31	30994
GCL	11.81	31175
GCL	12.31	32020
GCL	12.81	32197
GCL	13.32	32353
GCL	13.82	32985
GCL	14.32	33840
GCL	14.82	35166
GCL	15.33	35665
GCL	15.83	37666
GCL	16.33	38531
GCL	16.83	40166
GCL	17.34	44270
GCL	17.84	45065
GCL	18.34	51127
GCL	18.84	53582
GCL	19.35	54274
GCL	19.85	67540
GCL	20.35	68586
GCL	20.85	81919
GCL	21.36	87300
GCL	21.86	88695
GCL	22.36	112861
GCL	22.86	115341
GCL	23.37	140902
GCL	23.87	150423
GCL	24.37	152288
GCL	24.87	198202
GCL	25.38	200517
GCL	25.88	241703
GCL	26.38	255728
GCL	26.88	258468
GCL	27.39	318673
GCL	27.89	322413
GCL	28.39	378577
GCL	28.89	395845
GCL	29.40	457612
GCL	29.90	476716
GCL	30.40	481264
GCL	30.90	544723
GCL	31.41	565902
GCL	31.91	636686
GCL	32.41	657948
GCL	32.91	662441
GCL	33.42	740095
GCL	33.92	761773
GCL	34.42	840652
GCL	34.92	863030
GCL	35.43	868427
GCL	35.93	944206
GCL	36.43	967554
GCL	36.93	1043590
GCL	37.44	1066424
GCL	37.94	1072040
GCL	38.44	1138852
GCL	38.94	1158619
GCL	39.45	1218721
GCL	39.95	1237993
GCL	40.45	1242834
GCL	40.95	1288503
GCL	41.46	1303451
GCL	41.96	1338066
GCL	42.46	1349647
GCL	42.96	1377951
GCL	43.47	1381014
GCL	43.97	1388931
GCL	44.47	1408319
GCL	44.97	1415710
GCL	45.48	1428930
GCL	45.98	1432125
GCL	46.48	1435584
GCL	46.98	1438686
GCL	47.49	1442825
GCL	47.99	1448475
GCL	48.49	1451225
GCL	48.99	1456165
GCL	49.50	1465213
GCL	50.00	1483650
GCL	50.50	1494684
GCL	51.01	1501743
GCL	51.51	1504802
GCL	52.01	1524979
GCL	52.51	1534597
GCL	53.02	1561164
GCL	53.52	1572294
GCL	54.02	1576504
GCL	54.52	1598921
GCL	55.03	1610608
GCL	55.53	1633639
GCL	56.03	1640323
GCL	56.53	1644191
GCL	57.04	1651150
GCL	57.54	1653575
GCL	58.04	1645279
GCL	58.54	1642026
GCL	59.05	1611381
GCL	59.55	1610861
GCL	60.05	1602226
GCL	60.55	1550484
GCL	61.06	1534388
GCL	61.56	1467370
GCL	62.06	1463635
GCL	62.56	1440802
GCL	63.07	1354465
GCL	63.57	1326708
GCL	64.07	1231558
GCL	64.57	1223328
GCL	65.08	1190779
GCL	65.58	1081205
GCL	66.08	1047440
GCL	66.58	937443
GCL	67.09	928276
GCL	67.59	892365
GCL	68.09	786512
GCL	68.59	748688
GCL	69.10	652507
GCL	69.60	641993
GCL	70.10	610349
GCL	70.60	525711
GCL	71.11	497831
GCL	71.61	427244
GCL	72.11	418272
GCL	72.61	343843
GCL	73.12	336268
GCL	73.62	317404
GCL	74.12	273801
GCL	74.62	269226
GCL	75.13	221730
GCL	75.63	217288
GCL	76.13	205181
GCL	76.63	180441
GCL	77.14	174269
GCL	77.64	149136
GCL	78.14	145904
GCL	78.64	138819
GCL	79.15	125890
GCL	79.65	123197
GCL	80.15	106612
GCL	80.65	104815
GCL	81.16	100722
GCL	81.66	93460
GCL	82.16	91310
GCL	82.66	84645
GCL	83.17	79801
GCL	83.67	77743
GCL	84.17	73207
GCL	84.67	71209
GCL	85.18	66808
GCL	85.68	63309
GCL	86.18	60529
GCL	86.68	59374
GCL	87.19	58672
GCL	87.69	54919
GCL	88.19	54181
GCL	88.69	51347
GCL	89.20	51036
GCL	89.70	50545
GCL	90.20	48867
GCL	90.70	47774
GCL	91.21	47396
GCL	91.71	46723
GCL	92.21	46185
GCL	92.71	45709
GCL	93.22	45427
GCL	93.72	45185
GCL	94.22	44920
GCL	94.72	44828
GCL	95.23	44674
GCL	95.73	44586
GCL	96.23	44520
GCL	96.73	44472
GCL	97.24	44454
GCL	97.74	44437
GCL	98.24	44423
GCL	99.25	44421
# ACGT content per cycle. Use `grep ^GCC | cut -f 2-` to extract this part. The columns are: cycle; A,C,G,T base counts as a percentage of all A/C/G/T bases [%]; and N and O counts as a percentage of all A/C/G/T bases [%]
GCC	1	24.74	25.00	25.20	25.06	0.00	0.00
GCC	2	24.80	24.96	25.13	25.12	0.00	0.00
GCC	3	24.83	24.92	25.08	25.17	0.00	0.00
GCC	4	24.69	25.07	25.19	25.04	0.00	0.00
GCC	5	24.75	25.01	25.15	25.09	0.00	0.00
GCC	6	24.79	24.99	25.11	25.12	0.00	0.00
GCC	7	24.67	25.10	25.22	25.01	0.00	0.00
GCC	8	24.72	25.04	25.16	25.07	0.00	0.00
GCC	9	24.77	25.01	25.13	25.10	0.00	0.00
GCC	10	24.63	25.12	25.24	25.01	0.00	0.00
GCC	11	24.67	25.11	25.21	25.01	0.00	0.00
GCC	12	24.72	25.06	25.15	25.07	0.00	0.00
GCC	13	24.60	25.18	25.27	24.95	0.00	0.00
GCC	14	24.63	25.14	25.23	25.00	0.00	0.00
GCC	15	24.67	25.11	25.18	25.04	0.00	0.00
GCC	16	24.58	25.20	25.27	24.95	0.00	0.00
GCC	17	24.61	25.18	25.22	24.98	0.00	0.00
GCC	18	24.65	25.16	25.17	25.02	0.00	0.00
GCC	19	24.56	25.24	25.28	24.92	0.00	0.00
GCC	20	24.58	25.21	25.25	24.96	0.00	0.00
GCC	21	24.62	25.18	25.20	25.01	0.00	0.00
GCC	22	24.52	25.28	25.29	24.91	0.00	0.00
GCC	23	24.54	25.26	25.26	24.94	0.00	0.00
GCC	24	24.59	25.22	25.21	24.98	0.00	0.00
GCC	25	24.49	25.32	25.30	24.90	0.00	0.00
GCC	26	24.52	25.29	25.28	24.91	0.00	0.00
GCC	27	24.57	25.23	25.21	24.98	0.00	0.00
GCC	28	24.46	25.35	25.32	24.88	0.00	0.00
GCC	29	24.51	25.31	25.26	24.92	0.00	0.00
GCC	30	24.55	25.26	25.21	24.99	0.00	0.00
GCC	31	24.46	25.36	25.31	24.87	0.00	0.00
GCC	32	24.48	25.33	25.28	24.91	0.00	0.00
GCC	33	24.54	25.27	25.23	24.96	0.00	0.00
GCC	34	24.44	25.38	25.31	24.88	0.00	0.00
GCC	35	24.47	25.35	25.28	24.90	0.00	0.00
GCC	36	24.52	25.31	25.23	24.94	0.00	0.00
GCC	37	24.42	25.40	25.30	24.87	0.00	0.00
GCC	38	24.47	25.36	25.27	24.91	0.00	0.00
GCC	39	24.51	25.33	25.23	24.93	0.00	0.00
GCC	40	24.41	25.41	25.31	24.86	0.00	0.00
GCC	41	24.44	25.38	25.29	24.88	0.00	0.00
GCC	42	24.49	25.34	25.22	24.95	0.00	0.00
GCC	43	24.42	25.42	25.31	24.86	0.00	0.00
GCC	44	24.44	25.39	25.28	24.89	0.00	0.00
GCC	45	24.49	25.35	25.23	24.93	0.00	0.00
GCC	46	24.40	25.43	25.32	24.85	0.00	0.00
GCC	47	24.43	25.41	25.29	24.87	0.00	0.00
GCC	48	24.48	25.36	25.23	24.93	0.00	0.00
GCC	49	24.39	25.45	25.33	24.84	0.00	0.00
GCC	50	24.42	25.43	25.29	24.86	0.00	0.00
GCC	51	24.46	25.38	25.25	24.91	0.00	0.00
GCC	52	24.40	25.45	25.30	24.86	0.00	0.00
GCC	53	24.42	25.42	25.28	24.88	0.00	0.00
GCC	54	24.46	25.39	25.24	24.91	0.00	0.00
GCC	55	24.37	25.47	25.33	24.83	0.00	0.00
GCC	56	24.41	25.43	25.29	24.87	0.00	0.00
GCC	57	24.45	25.39	25.23	24.94	0.00	0.00
GCC	58	24.39	25.46	25.30	24.86	0.00	0.00
GCC	59	24.42	25.43	25.29	24.87	0.00	0.00
GCC	60	24.45	25.39	25.24	24.92	0.00	0.00
GCC	61	24.38	25.46	25.30	24.86	0.00	0.00
GCC	62	24.41	25.44	25.28	24.87	0.00	0.00
GCC	63	24.46	25.38	25.23	24.92	0.00	0.00
GCC	64	24.39	25.47	25.30	24.84	0.00	0.00
GCC	65	24.41	25.43	25.28	24.89	0.00	0.00
GCC	66	24.46	25.38	25.22	24.94	0.00	0.00
GCC	67	24.39	25.46	25.30	24.85	0.00	0.00
GCC	68	24.41	25.43	25.27	24.88	0.00	0.00
GCC	69	24.45	25.39	25.24	24.92	0.00	0.00
GCC	70	24.39	25.45	25.30	24.86	0.00	0.00
GCC	71	24.41	25.43	25.28	24.88	0.00	0.00
GCC	72	24.46	25.38	25.22	24.94	0.00	0.00
GCC	73	24.40	25.44	25.28	24.88	0.00	0.00
GCC	74	24.43	25.41	25.27	24.89	0.00	0.00
GCC	75	24.46	25.38	25.22	24.94	0.00	0.00
GCC	76	24.40	25.44	25.28	24.88	0.00	0.00
GCC	77	24.44	25.41	25.25	24.91	0.00	0.00
GCC	78	24.48	25.36	25.21	24.95	0.00	0.00
GCC	79	24.42	25.43	25.26	24.89	0.00	0.00
GCC	80	24.45	25.41	25.24	24.90	0.00	0.00
GCC	81	23.74	26.00	25.97	24.29	0.00	0.00
# ACGT content per cycle, read oriented. Use `grep ^GCT | cut -f 2-` to extract this part. The columns are: cycle; A,C,G,T base counts as a percentage of all A/C/G/T bases [%]
GCT	1	24.49	25.39	24.81	25.31
GCT	2	24.65	25.22	24.87	25.26
GCT	3	24.69	25.16	24.84	25.31
GCT	4	24.53	25.38	24.88	25.21
GCT	5	24.67	25.24	24.92	25.18
GCT	6	24.68	25.20	24.90	25.22
GCT	7	24.55	25.38	24.95	25.13
GCT	8	24.66	25.23	24.97	25.14
GCT	9	24.70	25.18	24.95	25.17
GCT	10	24.53	25.35	25.01	25.11
GCT	11	24.64	25.25	25.07	25.04
GCT	12	24.69	25.21	25.01	25.10
GCT	13	24.55	25.38	25.07	25.00
GCT	14	24.65	25.29	25.08	24.98
GCT	15	24.65	25.25	25.04	25.07
GCT	16	24.54	25.37	25.10	24.99
GCT	17	24.63	25.28	25.12	24.96
GCT	18	24.63	25.27	25.06	25.04
GCT	19	24.52	25.41	25.11	24.96
GCT	20	24.59	25.31	25.15	24.95
GCT	21	24.64	25.26	25.12	24.98
GCT	22	24.52	25.41	25.17	24.91
GCT	23	24.58	25.31	25.21	24.90
GCT	24	24.60	25.30	25.13	24.97
GCT	25	24.50	25.44	25.17	24.88
GCT	26	24.58	25.34	25.23	24.85
GCT	27	24.63	25.29	25.16	24.93
GCT	28	24.46	25.47	25.19	24.88
GCT	29	24.59	25.36	25.22	24.83
GCT	30	24.62	25.31	25.16	24.92
GCT	31	24.50	25.44	25.22	24.83
GCT	32	24.59	25.36	25.24	24.80
GCT	33	24.61	25.32	25.18	24.89
GCT	34	24.48	25.46	25.23	24.83
GCT	35	24.58	25.35	25.27	24.79
GCT	36	24.59	25.36	25.18	24.86
GCT	37	24.49	25.47	25.24	24.81
GCT	38	24.57	25.38	25.25	24.80
GCT	39	24.60	25.35	25.21	24.84
GCT	40	24.51	25.48	25.24	24.77
GCT	41	24.58	25.40	25.28	24.75
GCT	42	24.60	25.35	25.21	24.84
GCT	43	24.47	25.47	25.25	24.80
GCT	44	24.59	25.39	25.28	24.74
GCT	45	24.60	25.35	25.23	24.82
GCT	46	24.50	25.49	25.26	24.74
GCT	47	24.58	25.41	25.29	24.73
GCT	48	24.61	25.37	25.23	24.79
GCT	49	24.51	25.50	25.27	24.72
GCT	50	24.59	25.39	25.33	24.69
GCT	51	24.61	25.37	25.26	24.76
GCT	52	24.56	25.46	25.28	24.69
GCT	53	24.61	25.38	25.33	24.68
GCT	54	24.63	25.36	25.27	24.74
GCT	55	24.52	25.48	25.31	24.68
GCT	56	24.60	25.40	25.32	24.67
GCT	57	24.64	25.34	25.28	24.75
GCT	58	24.56	25.46	25.29	24.69
GCT	59	24.62	25.40	25.32	24.66
GCT	60	24.64	25.35	25.28	24.73
GCT	61	24.58	25.44	25.31	24.66
GCT	62	24.64	25.38	25.34	24.64
GCT	63	24.67	25.33	25.28	24.72
GCT	64	24.56	25.47	25.30	24.67
GCT	65	24.67	25.39	25.31	24.63
GCT	66	24.68	25.34	25.26	24.72
GCT	67	24.60	25.45	25.31	24.64
GCT	68	24.65	25.39	25.32	24.64
GCT	69	24.68	25.35	25.28	24.69
GCT	70	24.60	25.46	25.30	24.65
GCT	71	24.67	25.39	25.31	24.63
GCT	72	24.71	25.35	25.25	24.70
GCT	73	24.63	25.45	25.28	24.64
GCT	74	24.71	25.38	25.29	24.61
GCT	75	24.73	25.36	25.24	24.68
GCT	76	24.66	25.46	25.26	24.62
GCT	77	24.74	25.38	25.27	24.61
GCT	78	24.77	25.35	25.21	24.66
GCT	79	24.68	25.45	25.24	24.62
GCT	80	24.75	25.45	25.20	24.60
GCT	81	24.45	27.96	24.01	23.58
# ACGT content per cycle for first fragments. Use `grep ^FBC | cut -f 2-` to extract this part. The columns are: cycle; A,C,G,T base counts as a percentage of all A/C/G/T bases [%]; and N and O counts as a percentage of all A/C/G/T bases [%]
FBC	1	24.83	25.00	25.27	24.89	0.00	0.00
FBC	2	24.87	25.00	25.16	24.97	0.00	0.00
FBC	3	24.89	24.97	25.14	24.99	0.00	0.00
FBC	4	24.78	25.08	25.25	24.89	0.00	0.00
FBC	5	24.81	25.04	25.19	24.97	0.00	0.00
FBC	6	24.84	25.04	25.17	24.96	0.00	0.00
FBC	7	24.74	25.12	25.27	24.88	0.00	0.00
FBC	8	24.76	25.08	25.20	24.95	0.00	0.00
FBC	9	24.81	25.06	25.17	24.96	0.00	0.00
FBC	10	24.69	25.14	25.28	24.90	0.00	0.00
FBC	11	24.70	25.15	25.22	24.92	0.00	0.00
FBC	12	24.76	25.10	25.19	24.95	0.00	0.00
FBC	13	24.66	25.21	25.31	24.83	0.00	0.00
FBC	14	24.67	25.18	25.25	24.91	0.00	0.00
FBC	15	24.70	25.16	25.22	24.91	0.00	0.00
FBC	16	24.63	25.22	25.30	24.85	0.00	0.00
FBC	17	24.66	25.20	25.23	24.91	0.00	0.00
FBC	18	24.67	25.19	25.22	24.92	0.00	0.00
FBC	19	24.60	25.26	25.30	24.84	0.00	0.00
FBC	20	24.61	25.24	25.25	24.90	0.00	0.00
FBC	21	24.64	25.23	25.24	24.89	0.00	0.00
FBC	22	24.57	25.30	25.32	24.81	0.00	0.00
FBC	23	24.58	25.29	25.26	24.87	0.00	0.00
FBC	24	24.61	25.27	25.25	24.88	0.00	0.00
FBC	25	24.52	25.33	25.33	24.82	0.00	0.00
FBC	26	24.55	25.32	25.29	24.84	0.00	0.00
FBC	27	24.58	25.28	25.25	24.89	0.00	0.00
FBC	28	24.50	25.35	25.35	24.80	0.00	0.00
FBC	29	24.55	25.33	25.26	24.87	0.00	0.00
FBC	30	24.57	25.30	25.23	24.90	0.00	0.00
FBC	31	24.50	25.36	25.34	24.80	0.00	0.00
FBC	32	24.52	25.35	25.28	24.85	0.00	0.00
FBC	33	24.55	25.31	25.25	24.88	0.00	0.00
FBC	34	24.47	25.38	25.34	24.81	0.00	0.00
FBC	35	24.49	25.38	25.27	24.86	0.00	0.00
FBC	36	24.54	25.36	25.26	24.85	0.00	0.00
FBC	37	24.46	25.41	25.33	24.81	0.00	0.00
FBC	38	24.49	25.38	25.27	24.86	0.00	0.00
FBC	39	24.53	25.36	25.24	24.87	0.00	0.00
FBC	40	24.45	25.41	25.33	24.81	0.00	0.00
FBC	41	24.46	25.39	25.31	24.84	0.00	0.00
FBC	42	24.50	25.38	25.25	24.88	0.00	0.00
FBC	43	24.46	25.41	25.32	24.81	0.00	0.00
FBC	44	24.46	25.40	25.28	24.85	0.00	0.00
FBC	45	24.50	25.37	25.26	24.87	0.00	0.00
FBC	46	24.44	25.42	25.34	24.79	0.00	0.00
FBC	47	24.45	25.41	25.29	24.85	0.00	0.00
FBC	48	24.50	25.38	25.26	24.86	0.00	0.00
FBC	49	24.42	25.43	25.34	24.81	0.00	0.00
FBC	50	24.43	25.44	25.29	24.83	0.00	0.00
FBC	51	24.46	25.40	25.28	24.86	0.00	0.00
FBC	52	24.42	25.45	25.32	24.81	0.00	0.00
FBC	53	24.43	25.43	25.29	24.85	0.00	0.00
FBC	54	24.47	25.41	25.26	24.87	0.00	0.00
FBC	55	24.39	25.46	25.35	24.80	0.00	0.00
FBC	56	24.42	25.44	25.30	24.84	0.00	0.00
FBC	57	24.45	25.41	25.25	24.89	0.00	0.00
FBC	58	24.40	25.46	25.32	24.82	0.00	0.00
FBC	59	24.42	25.44	25.30	24.84	0.00	0.00
FBC	60	24.45	25.41	25.28	24.87	0.00	0.00
FBC	61	24.39	25.45	25.33	24.83	0.00	0.00
FBC	62	24.40	25.44	25.30	24.85	0.00	0.00
FBC	63	24.45	25.40	25.26	24.89	0.00	0.00
FBC	64	24.39	25.47	25.33	24.81	0.00	0.00
FBC	65	24.41	25.43	25.30	24.87	0.00	0.00
FBC	66	24.45	25.39	25.26	24.90	0.00	0.00
FBC	67	24.38	25.46	25.33	24.83	0.00	0.00
FBC	68	24.41	25.43	25.30	24.86	0.00	0.00
FBC	69	24.43	25.41	25.28	24.88	0.00	0.00
FBC	70	24.39	25.44	25.33	24.84	0.00	0.00
FBC	71	24.39	25.43	25.32	24.86	0.00	0.00
FBC	72	24.43	25.40	25.26	24.91	0.00	0.00
FBC	73	24.38	25.44	25.32	24.86	0.00	0.00
FBC	74	24.40	25.42	25.30	24.88	0.00	0.00
FBC	75	24.43	25.39	25.27	24.91	0.00	0.00
FBC	76	24.38	25.42	25.34	24.86	0.00	0.00
FBC	77	24.41	25.41	25.29	24.89	0.00	0.00
FBC	78	24.44	25.38	25.25	24.93	0.00	0.00
FBC	79	24.38	25.43	25.31	24.88	0.00	0.00
FBC	80	24.41	25.39	25.30	24.90	0.00	0.00
FBC	81	23.67	25.45	26.43	24.45	0.00	0.00
# ACGT raw counters for first fragments. Use `grep ^FTC | cut -f 2-` to extract this part. The columns are: A,C,G,T,N base counters
FTC	786804455	812496864	811328265	797792700	4551
# ACGT content per cycle for last fragments. Use `grep ^LBC | cut -f 2-` to extract this part. The columns are: cycle; A,C,G,T base counts as a percentage of all A/C/G/T bases [%]; and N and O counts as a percentage of all A/C/G/T bases [%]
LBC	1	24.64	25.00	25.13	25.23	0.00	0.00
LBC	2	24.72	24.92	25.09	25.26	0.00	0.00
LBC	3	24.78	24.87	25.02	25.34	0.00	0.00
LBC	4	24.61	25.07	25.13	25.19	0.00	0.00
LBC	5	24.70	24.98	25.11	25.22	0.00	0.00
LBC	6	24.73	24.94	25.05	25.28	0.00	0.00
LBC	7	24.60	25.09	25.18	25.13	0.00	0.00
LBC	8	24.68	25.00	25.12	25.20	0.00	0.00
LBC	9	24.73	24.96	25.08	25.24	0.00	0.00
LBC	10	24.57	25.10	25.20	25.12	0.00	0.00
LBC	11	24.64	25.06	25.19	25.11	0.00	0.00
LBC	12	24.68	25.02	25.11	25.19	0.00	0.00
LBC	13	24.55	25.15	25.23	25.07	0.00	0.00
LBC	14	24.59	25.10	25.21	25.09	0.00	0.00
LBC	15	24.65	25.06	25.14	25.16	0.00	0.00
LBC	16	24.53	25.17	25.25	25.06	0.00	0.00
LBC	17	24.56	25.16	25.22	25.05	0.00	0.00
LBC	18	24.63	25.12	25.12	25.13	0.00	0.00
LBC	19	24.51	25.23	25.25	25.01	0.00	0.00
LBC	20	24.55	25.18	25.24	25.02	0.00	0.00
LBC	21	24.59	25.13	25.16	25.12	0.00	0.00
LBC	22	24.47	25.26	25.26	25.02	0.00	0.00
LBC	23	24.51	25.22	25.26	25.01	0.00	0.00
LBC	24	24.57	25.17	25.17	25.09	0.00	0.00
LBC	25	24.45	25.31	25.27	24.97	0.00	0.00
LBC	26	24.49	25.26	25.27	24.98	0.00	0.00
LBC	27	24.56	25.19	25.17	25.08	0.00	0.00
LBC	28	24.42	25.34	25.28	24.96	0.00	0.00
LBC	29	24.47	25.30	25.27	24.97	0.00	0.00
LBC	30	24.53	25.22	25.18	25.07	0.00	0.00
LBC	31	24.42	25.36	25.27	24.95	0.00	0.00
LBC	32	24.44	25.32	25.27	24.97	0.00	0.00
LBC	33	24.53	25.23	25.20	25.04	0.00	0.00
LBC	34	24.40	25.38	25.28	24.94	0.00	0.00
LBC	35	24.45	25.32	25.28	24.95	0.00	0.00
LBC	36	24.51	25.27	25.20	25.03	0.00	0.00
LBC	37	24.39	25.39	25.28	24.94	0.00	0.00
LBC	38	24.44	25.35	25.27	24.95	0.00	0.00
LBC	39	24.50	25.30	25.21	24.99	0.00	0.00
LBC	40	24.38	25.41	25.29	24.92	0.00	0.00
LBC	41	24.42	25.38	25.28	24.92	0.00	0.00
LBC	42	24.48	25.31	25.20	25.01	0.00	0.00
LBC	43	24.37	25.43	25.30	24.91	0.00	0.00
LBC	44	24.42	25.38	25.28	24.92	0.00	0.00
LBC	45	24.48	25.32	25.20	24.99	0.00	0.00
LBC	46	24.36	25.44	25.30	24.90	0.00	0.00
LBC	47	24.41	25.41	25.29	24.90	0.00	0.00
LBC	48	24.45	25.35	25.21	24.99	0.00	0.00
LBC	49	24.35	25.46	25.32	24.87	0.00	0.00
LBC	50	24.40	25.42	25.28	24.90	0.00	0.00
LBC	51	24.45	25.37	25.22	24.96	0.00	0.00
LBC	52	24.38	25.44	25.28	24.90	0.00	0.00
LBC	53	24.41	25.42	25.27	24.90	0.00	0.00
LBC	54	24.46	25.37	25.22	24.96	0.00	0.00
LBC	55	24.35	25.48	25.30	24.87	0.00	0.00
LBC	56	24.40	25.43	25.27	24.90	0.00	0.00
LBC	57	24.44	25.37	25.21	24.98	0.00	0.00
LBC	58	24.37	25.45	25.28	24.90	0.00	0.00
LBC	59	24.41	25.42	25.27	24.89	0.00	0.00
LBC	60	24.46	25.36	25.20	24.97	0.00	0.00
LBC	61	24.38	25.47	25.27	24.89	0.00	0.00
LBC	62	24.42	25.43	25.26	24.90	0.00	0.00
LBC	63	24.47	25.36	25.21	24.96	0.00	0.00
LBC	64	24.38	25.47	25.28	24.87	0.00	0.00
LBC	65	24.42	25.42	25.26	24.90	0.00	0.00
LBC	66	24.48	25.36	25.18	24.98	0.00	0.00
LBC	67	24.39	25.46	25.27	24.88	0.00	0.00
LBC	68	24.42	25.43	25.25	24.90	0.00	0.00
LBC	69	24.46	25.37	25.20	24.97	0.00	0.00
LBC	70	24.39	25.46	25.27	24.89	0.00	0.00
LBC	71	24.44	25.42	25.24	24.89	0.00	0.00
LBC	72	24.49	25.37	25.17	24.98	0.00	0.00
LBC	73	24.41	25.44	25.24	24.90	0.00	0.00
LBC	74	24.46	25.40	25.24	24.90	0.00	0.00
LBC	75	24.49	25.36	25.18	24.97	0.00	0.00
LBC	76	24.42	25.45	25.22	24.90	0.00	0.00
LBC	77	24.47	25.40	25.21	24.92	0.00	0.00
LBC	78	24.53	25.33	25.16	24.98	0.00	0.00
LBC	79	24.45	25.43	25.22	24.90	0.00	0.00
LBC	80	24.48	25.42	25.19	24.91	0.00	0.00
LBC	81	23.81	26.62	25.45	24.11	0.00	0.00
# ACGT raw counters for last fragments. Use `grep ^LTC | cut -f 2-` to extract this part. The columns are: A,C,G,T,N base counters
LTC	772129506	797725755	795301619	788139407	15448
# Insert sizes. Use `grep ^IS | cut -f 2-` to extract this part. The columns are: insert size, pairs total, inward oriented pairs, outward oriented pairs, other pairs
IS	0	0	0	0	0
IS	1	1	0	1	0
IS	2	86	0	86	0
IS	3	92	0	92	0
IS	4	94	0	94	0
IS	5	85	0	85	0
IS	6	97	0	97	0
IS	7	114	0	114	0
IS	8	123	0	123	0
IS	9	139	0	139	0
IS	10	152	0	152	0
IS	11	127	0	127	0
IS	12	146	0	146	0
IS	13	170	0	170	0
IS	14	173	0	173	0
IS	15	218	0	218	0
IS	16	212	0	211	1
IS	17	216	0	216	0
IS	18	231	0	230	1
IS	19	741	246	494	1
IS	20	530	155	375	0
IS	21	425	101	324	0
IS	22	367	43	324	0
IS	23	297	29	267	1
IS	24	330	36	294	0
IS	25	312	19	290	3
IS	26	302	23	278	1
IS	27	358	23	334	1
IS	28	372	22	350	0
IS	29	383	26	356	1
IS	30	389	24	365	0
IS	31	426	27	399	0
IS	32	429	22	406	1
IS	33	434	24	409	1
IS	34	442	31	410	1
IS	35	495	28	465	2
IS	36	545	32	512	1
IS	37	526	37	487	2
IS	38	544	47	497	0
IS	39	583	48	535	0
IS	40	630	32	597	1
IS	41	693	40	652	1
IS	42	673	37	635	1
IS	43	811	45	766	0
IS	44	866	46	820	0
IS	45	935	55	880	0
IS	46	1023	49	974	0
IS	47	1196	51	1142	3
IS	48	1232	65	1166	1
IS	49	1513	79	1434	0
IS	50	1812	105	1706	1
IS	51	1937	115	1821	1
IS	52	2237	112	2123	2
IS	53	2499	137	2362	0
IS	54	2931	162	2768	1
IS	55	3375	138	3237	0
IS	56	3807	165	3641	1
IS	57	4637	185	4450	2
IS	58	5407	230	5175	2
IS	59	6187	240	5946	1
IS	60	7065	312	6753	0
IS	61	8172	324	7848	0
IS	62	9556	371	9185	0
IS	63	11149	457	10692	0
IS	64	12804	590	12214	0
IS	65	14700	620	14078	2
IS	66	16798	788	16008	2
IS	67	19295	954	18341	0
IS	68	22307	1059	21248	0
IS	69	25027	1259	23766	2
IS	70	28331	1545	26783	3
IS	71	32344	1816	30528	0
IS	72	36062	2036	34026	0
IS	73	40942	2529	38413	0
IS	74	45949	2909	43040	0
IS	75	51472	3481	47991	0
IS	76	56592	4087	52504	1
IS	77	62889	4681	58206	2
IS	78	69104	5546	63557	1
IS	79	75532	7204	68327	1
IS	80	83125	15014	68110	1
IS	81	89493	49709	39782	2
IS	82	97773	97658	115	0
IS	83	105850	105805	45	0
IS	84	113755	113710	44	1
IS	85	122171	122151	20	0
IS	86	129991	129972	17	2
IS	87	138229	138214	15	0
IS	88	146014	146003	9	2
IS	89	155608	155602	6	0
IS	90	163769	163759	8	2
IS	91	172063	172061	2	0
IS	92	180517	180512	3	2
IS	93	188124	188114	8	2
IS	94	196400	196393	5	2
IS	95	203444	203444	0	0
IS	96	211294	211292	2	0
IS	97	217960	217957	3	0
IS	98	224905	224900	3	2
IS	99	231403	231398	2	3
IS	100	237760	237756	2	2
IS	101	244641	244638	2	1
IS	102	249232	249230	2	0
IS	103	255064	255063	1	0
IS	104	260248	260246	1	1
IS	105	264127	264125	2	0
IS	106	268995	268993	0	2
IS	107	273174	273170	2	2
IS	108	276681	276679	0	2
IS	109	280565	280562	0	3
IS	110	283322	283321	1	0
IS	111	286095	286092	1	2
IS	112	288995	288991	1	3
IS	113	290884	290883	0	1
IS	114	294136	294134	2	0
IS	115	294197	294195	2	0
IS	116	295781	295778	2	1
IS	117	297890	297885	4	1
IS	118	298873	298868	3	2
IS	119	299312	299311	0	1
IS	120	300771	300767	4	0
IS	121	300026	300024	1	1
IS	122	300781	300780	1	0
IS	123	300860	300857	1	2
IS	124	300339	300334	2	3
IS	125	301526	301525	0	1
IS	126	301565	301562	1	2
IS	127	300142	300138	2	2
IS	128	300093	300090	1	2
IS	129	298589	298587	1	1
IS	130	298865	298865	0	0
IS	131	297043	297041	1	1
IS	132	296993	296990	2	1
IS	133	294153	294151	1	1
IS	134	293869	293867	0	2
IS	135	293155	293154	0	1
IS	136	291344	291342	1	1
IS	137	289369	289369	0	0
IS	138	288638	288633	4	1
IS	139	287174	287171	1	2
IS	140	284627	284623	2	2
IS	141	282486	282484	2	0
IS	142	281533	281529	1	3
IS	143	278946	278944	1	1
IS	144	276917	276912	1	4
IS	145	274685	274684	1	0
IS	146	273164	273157	6	1
IS	147	271274	271268	5	1
IS	148	270069	270068	0	1
IS	149	268419	268418	0	1
IS	150	265889	265886	3	0
IS	151	264045	264044	1	0
IS	152	260831	260830	1	0
IS	153	258835	258835	0	0
IS	154	256093	256090	3	0
IS	155	254004	253999	3	2
IS	156	251248	251248	0	0
IS	157	249174	249171	2	1
IS	158	248163	248161	1	1
IS	159	245745	245740	4	1
IS	160	242609	242608	1	0
IS	161	240041	240039	1	1
IS	162	238203	238198	5	0
IS	163	235344	235341	2	1
IS	164	232584	232584	0	0
IS	165	230818	230813	4	1
IS	166	228605	228604	1	0
IS	167	226471	226470	0	1
IS	168	223239	223237	2	0
IS	169	221338	221332	4	2
IS	170	219757	219754	3	0
IS	171	217000	216999	1	0
IS	172	213968	213965	2	1
IS	173	212204	212201	3	0
IS	174	209773	209772	1	0
IS	175	207551	207548	3	0
IS	176	206021	206019	1	1
IS	177	202652	202651	1	0
IS	178	200033	200032	1	0
IS	179	197649	197647	1	1
IS	180	196508	196506	1	1
IS	181	193374	193371	2	1
IS	182	191578	191575	2	1
IS	183	189556	189554	1	1
IS	184	186471	186470	1	0
IS	185	184268	184266	2	0
IS	186	182740	182738	1	1
IS	187	179320	179318	2	0
IS	188	177849	177846	2	1
IS	189	176054	176054	0	0
IS	190	173415	173412	2	1
IS	191	171076	171074	2	0
IS	192	169410	169409	1	0
IS	193	167376	167374	2	0
IS	194	165328	165322	5	1
IS	195	163208	163207	1	0
IS	196	161540	161539	1	0
IS	197	158268	158265	1	2
IS	198	157719	157718	1	0
IS	199	154992	154990	2	0
IS	200	153340	153334	3	3
IS	201	152098	152094	3	1
IS	202	149313	149310	3	0
IS	203	148158	148156	2	0
IS	204	145150	145150	0	0
IS	205	143601	143599	2	0
IS	206	141450	141446	1	3
IS	207	140078	140073	3	2
IS	208	137526	137524	2	0
IS	209	135144	135143	1	0
IS	210	134924	134922	1	1
IS	211	132346	132343	2	1
IS	212	131043	131040	3	0
IS	213	128925	128920	4	1
IS	214	127969	127968	1	0
IS	215	126309	126308	1	0
IS	216	123938	123937	0	1
IS	217	122484	122481	3	0
IS	218	121042	121039	0	3
IS	219	119182	119180	2	0
IS	220	117606	117604	1	1
IS	221	116355	116351	4	0
IS	222	114908	114905	2	1
IS	223	112587	112584	3	0
IS	224	111718	111718	0	0
IS	225	110102	110099	2	1
IS	226	108734	108732	2	0
IS	227	107557	107557	0	0
IS	228	105812	105812	0	0
IS	229	104329	104326	2	1
IS	230	103254	103252	2	0
IS	231	101201	101199	2	0
IS	232	100028	100028	0	0
IS	233	98496	98496	0	0
IS	234	97300	97298	1	1
IS	235	95883	95882	1	0
IS	236	94432	94430	2	0
IS	237	93010	93009	1	0
IS	238	92064	92061	1	2
IS	239	90996	90995	1	0
IS	240	89460	89459	0	1
IS	241	87784	87783	0	1
IS	242	87089	87087	2	0
IS	243	85599	85599	0	0
IS	244	84413	84408	1	4
IS	245	83684	83683	1	0
IS	246	82219	82217	1	1
IS	247	81156	81154	2	0
IS	248	80022	80017	3	2
IS	249	78574	78574	0	0
IS	250	78189	78187	2	0
IS	251	76274	76272	2	0
IS	252	75348	75347	1	0
IS	253	75243	75242	1	0
IS	254	74120	74119	1	0
IS	255	72352	72352	0	0
IS	256	71301	71299	1	1
IS	257	70912	70912	0	0
IS	258	69625	69624	1	0
IS	259	68271	68271	0	0
IS	260	67932	67928	2	2
IS	261	66754	66753	1	0
IS	262	66002	65999	3	0
IS	263	65340	65340	0	0
IS	264	64053	64052	0	1
IS	265	63066	63064	1	1
IS	266	62157	62155	1	1
IS	267	61478	61477	1	0
IS	268	60737	60734	1	2
IS	269	59819	59815	3	1
IS	270	58700	58699	0	1
IS	271	58117	58116	1	0
IS	272	56855	56854	1	0
IS	273	56668	56668	0	0
IS	274	55823	55822	0	1
IS	275	55120	55120	0	0
IS	276	54345	54342	0	3
IS	277	53337	53334	2	1
IS	278	52779	52777	2	0
IS	279	51927	51927	0	0
IS	280	51570	51569	1	0
IS	281	50627	50626	1	0
IS	282	49828	49827	1	0
IS	283	48764	48764	0	0
IS	284	48208	48208	0	0
IS	285	47933	47933	0	0
IS	286	47237	47236	1	0
IS	287	46588	46588	0	0
IS	288	45859	45859	0	0
IS	289	45426	45424	1	1
IS	290	44370	44367	3	0
IS	291	43816	43816	0	0
IS	292	43268	43268	0	0
IS	293	42713	42712	1	0
IS	294	42124	42124	0	0
IS	295	41434	41434	0	0
IS	296	40716	40715	1	0
IS	297	40206	40206	0	0
IS	298	39774	39774	0	0
IS	299	38888	38888	0	0
IS	300	38728	38725	3	0
IS	301	37778	37777	1	0
IS	302	37407	37405	1	1
IS	303	37076	37076	0	0
IS	304	36943	36942	0	1
IS	305	35844	35844	0	0
IS	306	35722	35721	1	0
IS	307	34957	34956	1	0
IS	308	34262	34262	0	0
IS	309	33770	33770	0	0
IS	310	33729	33729	0	0
IS	311	32808	32807	0	1
IS	312	32683	32682	1	0
IS	313	32390	32389	1	0
IS	314	31734	31733	0	1
IS	315	31007	31006	1	0
IS	316	30621	30621	0	0
IS	317	30329	30329	0	0
IS	318	29909	29909	0	0
IS	319	29545	29545	0	0
IS	320	29228	29227	1	0
IS	321	28823	28823	0	0
IS	322	28169	28169	0	0
IS	323	27761	27760	0	1
IS	324	27194	27193	0	1
IS	325	27059	27059	0	0
IS	326	26567	26567	0	0
IS	327	26669	26669	0	0
IS	328	26216	26215	0	1
IS	329	25564	25564	0	0
IS	330	25091	25091	0	0
IS	331	24944	24943	1	0
IS	332	24618	24617	1	0
IS	333	24091	24091	0	0
IS	334	23845	23844	1	0
IS	335	23290	23289	1	0
IS	336	23514	23514	0	0
IS	337	22617	22616	0	1
IS	338	22509	22509	0	0
IS	339	22226	22226	0	0
IS	340	22086	22085	0	1
IS	341	21167	21167	0	0
IS	342	21077	21075	1	1
IS	343	20802	20801	1	0
IS	344	20768	20768	0	0
IS	345	20416	20413	2	1
IS	346	19932	19932	0	0
IS	347	19626	19626	0	0
IS	348	19359	19358	0	1
IS	349	19100	19100	0	0
IS	350	19021	19020	0	1
IS	351	18375	18375	0	0
IS	352	18371	18371	0	0
IS	353	18126	18126	0	0
IS	354	17726	17726	0	0
IS	355	17563	17561	1	1
IS	356	17373	17371	0	2
IS	357	17241	17241	0	0
IS	358	16714	16714	0	0
IS	359	16504	16502	2	0
IS	360	16230	16230	0	0
IS	361	16236	16236	0	0
IS	362	15661	15661	0	0
IS	363	15480	15480	0	0
IS	364	15142	15142	0	0
IS	365	15198	15197	1	0
IS	366	14980	14978	1	1
IS	367	14738	14737	1	0
IS	368	14537	14537	0	0
IS	369	14357	14355	1	1
IS	370	13934	13933	0	1
IS	371	13944	13943	1	0
IS	372	13683	13682	1	0
IS	373	13503	13502	1	0
IS	374	13171	13171	0	0
IS	375	13148	13145	2	1
IS	376	12834	12834	0	0
IS	377	12511	12511	0	0
IS	378	12567	12565	2	0
IS	379	12434	12433	1	0
IS	380	12053	12053	0	0
IS	381	11945	11944	1	0
IS	382	11954	11954	0	0
IS	383	11590	11590	0	0
IS	384	11580	11579	1	0
IS	385	11220	11220	0	0
IS	386	11136	11135	0	1
IS	387	11050	11050	0	0
IS	388	10816	10816	0	0
IS	389	10719	10716	3	0
IS	390	10401	10400	1	0
IS	391	10179	10177	2	0
IS	392	10042	10041	1	0
IS	393	9959	9958	1	0
IS	394	9810	9810	0	0
IS	395	9733	9733	0	0
IS	396	9495	9494	1	0
IS	397	9332	9332	0	0
IS	398	9346	9345	0	1
IS	399	9073	9072	0	1
IS	400	9025	9025	0	0
IS	401	8904	8903	1	0
IS	402	8682	8680	1	1
IS	403	8498	8498	0	0
IS	404	8490	8490	0	0
IS	405	8245	8245	0	0
IS	406	8165	8165	0	0
IS	407	8102	8102	0	0
IS	408	7998	7996	2	0
IS	409	7767	7765	2	0
IS	410	7971	7969	1	1
IS	411	7587	7585	2	0
IS	412	7648	7646	1	1
IS	413	7401	7400	0	1
IS	414	7301	7300	1	0
IS	415	7056	7056	0	0
IS	416	7132	7130	1	1
IS	417	7004	7002	2	0
IS	418	6853	6853	0	0
IS	419	6980	6980	0	0
IS	420	6740	6740	0	0
IS	421	6536	6535	1	0
IS	422	6402	6401	1	0
IS	423	6579	6579	0	0
IS	424	6168	6166	2	0
IS	425	6207	6205	1	1
# Read lengths. Use `grep ^RL | cut -f 2-` to extract this part. The columns are: read length, count
RL	1	50721
RL	2	11008
RL	3	14663
RL	4	19488
RL	5	24803
RL	6	24649
RL	7	24281
RL	8	23443
RL	9	24187
RL	10	23368
RL	11	24000
RL	12	23329
RL	13	22719
RL	14	22830
RL	15	22470
RL	16	22628
RL	17	23040
RL	18	22272
RL	19	22712
RL	20	22674
RL	21	22913
RL	22	23592
RL	23	23521
RL	24	24159
RL	25	24266
RL	26	24595
RL	27	24724
RL	28	25797
RL	29	25766
RL	30	25523
RL	31	26113
RL	32	27015
RL	33	27418
RL	34	28105
RL	35	28253
RL	36	29372
RL	37	29866
RL	38	31095
RL	39	32417
RL	40	32384
RL	41	34168
RL	42	35901
RL	43	36875
RL	44	38776
RL	45	41272
RL	46	43127
RL	47	45171
RL	48	47954
RL	49	51361
RL	50	55816
RL	51	59788
RL	52	65450
RL	53	67679
RL	54	74373
RL	55	81737
RL	56	86725
RL	57	92135
RL	58	100021
RL	59	106403
RL	60	114032
RL	61	121450
RL	62	128112
RL	63	136882
RL	64	144997
RL	65	152088
RL	66	161218
RL	67	175111
RL	68	183704
RL	69	190645
RL	70	205381
RL	71	219048
RL	72	230869
RL	73	243447
RL	74	251774
RL	75	268400
RL	76	278067
RL	77	324916
RL	78	556389
RL	79	1652866
RL	80	14642630
RL	81	57865375
# Read lengths - first fragments. Use `grep ^FRL | cut -f 2-` to extract this part. The columns are: read length, count
FRL	1	9180
FRL	2	2217
FRL	3	3168
FRL	4	4537
FRL	5	6247
FRL	6	6189
FRL	7	6468
FRL	8	6989
FRL	9	6910
FRL	10	6926
FRL	11	7073
FRL	12	7145
FRL	13	7067
FRL	14	7128
FRL	15	7073
FRL	16	7252
FRL	17	7267
FRL	18	7290
FRL	19	7498
FRL	20	7639
FRL	21	7527
FRL	22	7620
FRL	23	7766
FRL	24	7854
FRL	25	7802
FRL	26	7728
FRL	27	7867
FRL	28	8349
FRL	29	8518
FRL	30	8531
FRL	31	8726
FRL	32	9111
FRL	33	9288
FRL	34	9611
FRL	35	9694
FRL	36	9674
FRL	37	9794
FRL	38	9992
FRL	39	10601
FRL	40	10496
FRL	41	10961
FRL	42	11457
FRL	43	11427
FRL	44	12017
FRL	45	12612
FRL	46	13293
FRL	47	13696
FRL	48	14058
FRL	49	15169
FRL	50	16124
FRL	51	16976
FRL	52	18381
FRL	53	19489
FRL	54	21479
FRL	55	23798
FRL	56	24877
FRL	57	26787
FRL	58	28466
FRL	59	30715
FRL	60	32414
FRL	61	34819
FRL	62	36980
FRL	63	39080
FRL	64	43332
FRL	65	44982
FRL	66	47836
FRL	67	51752
FRL	68	55517
FRL	69	57674
FRL	70	61162
FRL	71	65425
FRL	72	71947
FRL	73	73564
FRL	74	76669
FRL	75	82057
FRL	76	85653
FRL	77	101614
FRL	78	191102
FRL	79	649052
FRL	80	7174023
FRL	81	30482908
# Read lengths - last fragments. Use `grep ^LRL | cut -f 2-` to extract this part. The columns are: read length, count
LRL	1	41541
LRL	2	8791
LRL	3	11495
LRL	4	14951
LRL	5	18556
LRL	6	18460
LRL	7	17813
LRL	8	16454
LRL	9	17277
LRL	10	16442
LRL	11	16927
LRL	12	16184
LRL	13	15652
LRL	14	15702
LRL	15	15397
LRL	16	15376
LRL	17	15773
LRL	18	14982
LRL	19	15214
LRL	20	15035
LRL	21	15386
LRL	22	15972
LRL	23	15755
LRL	24	16305
LRL	25	16464
LRL	26	16867
LRL	27	16857
LRL	28	17448
LRL	29	17248
LRL	30	16992
LRL	31	17387
LRL	32	17904
LRL	33	18130
LRL	34	18494
LRL	35	18559
LRL	36	19698
LRL	37	20072
LRL	38	21103
LRL	39	21816
LRL	40	21888
LRL	41	23207
LRL	42	24444
LRL	43	25448
LRL	44	26759
LRL	45	28660
LRL	46	29834
LRL	47	31475
LRL	48	33896
LRL	49	36192
LRL	50	39692
LRL	51	42812
LRL	52	47069
LRL	53	48190
LRL	54	52894
LRL	55	57939
LRL	56	61848
LRL	57	65348
LRL	58	71555
LRL	59	75688
LRL	60	81618
LRL	61	86631
LRL	62	91132
LRL	63	97802
LRL	64	101665
LRL	65	107106
LRL	66	113382
LRL	67	123359
LRL	68	128187
LRL	69	132971
LRL	70	144219
LRL	71	153623
LRL	72	158922
LRL	73	169883
LRL	74	175105
LRL	75	186343
LRL	76	192414
LRL	77	223302
LRL	78	365287
LRL	79	1003814
LRL	80	7468607
LRL	81	27382467
# Mapping qualities for reads !(UNMAP|SECOND|SUPPL|QCFAIL|DUP). Use `grep ^MAPQ | cut -f 2-` to extract this part. The columns are: mapq, count
MAPQ	0	8989945
MAPQ	1	16811
MAPQ	2	6869
MAPQ	3	29352
MAPQ	4	8783
MAPQ	5	9024
MAPQ	6	12339
MAPQ	7	17826
MAPQ	8	10710
MAPQ	9	33626
MAPQ	10	11539
MAPQ	11	21716
MAPQ	12	11151
MAPQ	13	17180
MAPQ	14	8502
MAPQ	15	30455
MAPQ	16	12752
MAPQ	17	17917
MAPQ	18	15542
MAPQ	19	24301
MAPQ	20	34757
MAPQ	21	44434
MAPQ	22	54246
MAPQ	23	47465
MAPQ	24	75637
MAPQ	25	147583
MAPQ	26	3629
MAPQ	27	410001
MAPQ	28	17922
MAPQ	29	5364
MAPQ	30	17010
MAPQ	31	14600
MAPQ	32	4133
MAPQ	33	29027
MAPQ	34	7087
MAPQ	35	5547
MAPQ	36	9867
MAPQ	37	15095
MAPQ	38	3743
MAPQ	39	36300
MAPQ	40	550335
MAPQ	41	15387
MAPQ	42	23300
MAPQ	43	37121
MAPQ	44	21092
MAPQ	45	58551
MAPQ	46	53363
MAPQ	47	36739
MAPQ	48	90424
MAPQ	49	118208
MAPQ	50	67724
MAPQ	51	411802
MAPQ	52	40770
MAPQ	53	23104
MAPQ	54	53498
MAPQ	55	29911
MAPQ	56	18989
MAPQ	57	101566
MAPQ	58	17287
MAPQ	59	7334
MAPQ	60	67863095
# Indel distribution. Use `grep ^ID | cut -f 2-` to extract this part. The columns are: length, number of insertions, number of deletions
ID	1	86744	130676
ID	2	23850	34864
ID	3	13020	17281
ID	4	10850	14576
ID	5	5926	4581
ID	6	2902	4451
ID	7	1338	1394
ID	8	1261	2057
ID	9	1011	1438
ID	10	885	1260
ID	11	357	659
ID	12	565	1205
ID	13	221	530
ID	14	208	554
ID	15	185	752
ID	16	129	416
ID	17	27	188
ID	18	38	188
ID	19	19	115
ID	20	13	181
ID	21	26	111
ID	22	4	162
ID	23	8	42
ID	24	3	78
ID	25	0	29
ID	26	0	13
ID	27	0	17
ID	28	0	6
ID	29	0	15
ID	30	0	20
ID	31	0	6
ID	32	0	2
ID	34	0	5
ID	36	0	1
# Indels per cycle. Use `grep ^IC | cut -f 2-` to extract this part. The columns are: cycle, number of insertions (fwd), .. (rev) , number of deletions (fwd), .. (rev)
IC	1	0	1	1	1
IC	2	0	0	2	0
IC	3	0	0	469	623
IC	4	371	493	554	699
IC	5	527	560	688	835
IC	6	586	712	753	854
IC	7	665	805	892	1023
IC	8	705	893	1027	1182
IC	9	802	890	1032	1209
IC	10	789	931	1208	1239
IC	11	907	993	1205	1375
IC	12	967	1030	1256	1402
IC	13	979	1060	1374	1487
IC	14	1000	1056	1277	1421
IC	15	1055	1040	1483	1531
IC	16	1111	1080	1449	1515
IC	17	1124	1097	1544	1511
IC	18	1124	1179	1562	1556
IC	19	1119	1148	1600	1591
IC	20	1166	1157	1695	1598
IC	21	1227	1142	1644	1624
IC	22	1159	1219	1647	1575
IC	23	1172	1199	1682	1694
IC	24	1233	1204	1617	1631
IC	25	1185	1216	1695	1684
IC	26	1202	1180	1740	1680
IC	27	1172	1161	1755	1644
IC	28	1211	1170	1718	1682
IC	29	1175	1160	1672	1683
IC	30	1216	1129	1783	1716
IC	31	1203	1166	1791	1711
IC	32	1220	1246	1783	1710
IC	33	1161	1180	1751	1595
IC	34	1209	1167	1738	1689
IC	35	1191	1113	1721	1671
IC	36	1174	1190	1699	1662
IC	37	1196	1181	1688	1582
IC	38	1248	1148	1824	1611
IC	39	1191	1146	1758	1641
IC	40	1256	1136	1697	1613
IC	41	1197	1135	1755	1580
IC	42	1181	1117	1577	1652
IC	43	1207	1090	1690	1706
IC	44	1164	1105	1679	1582
IC	45	1153	1112	1757	1584
IC	46	1161	1154	1702	1547
IC	47	1153	1091	1662	1597
IC	48	1164	1098	1779	1528
IC	49	1185	1121	1699	1578
IC	50	1176	1122	1743	1574
IC	51	1113	1036	1723	1555
IC	52	1044	1066	1659	1654
IC	53	1135	1057	1618	1555
IC	54	1119	1093	1685	1543
IC	55	1094	1000	1636	1455
IC	56	1112	986	1622	1491
IC	57	1102	1061	1579	1548
IC	58	1123	987	1683	1487
IC	59	1080	957	1674	1528
IC	60	1019	956	1572	1456
IC	61	999	988	1576	1425
IC	62	1057	946	1575	1340
IC	63	952	900	1555	1430
IC	64	960	809	1446	1398
IC	65	1014	886	1478	1380
IC	66	925	882	1429	1314
IC	67	878	792	1361	1258
IC	68	935	767	1401	1216
IC	69	893	658	1311	1158
IC	70	877	687	1238	1093
IC	71	745	642	1286	1068
IC	72	683	612	1269	975
IC	73	686	529	1205	899
IC	74	639	591	1068	881
IC	75	555	474	1053	886
IC	76	558	485	957	724
IC	77	645	518	809	608
IC	78	435	386	477	408
# Coverage distribution. Use `grep ^COV | cut -f 2-` to extract this part.
COV	[1-1]	1	417789860
COV	[2-2]	2	175211939
COV	[3-3]	3	49031925
COV	[4-4]	4	23593612
COV	[5-5]	5	11283452
COV	[6-6]	6	7460572
COV	[7-7]	7	5546208
COV	[8-8]	8	4580340
COV	[9-9]	9	3959781
COV	[10-10]	10	3526487
COV	[11-11]	11	3190146
COV	[12-12]	12	2919252
COV	[13-13]	13	2697621
COV	[14-14]	14	2503520
COV	[15-15]	15	2352908
COV	[16-16]	16	2211746
COV	[17-17]	17	2092185
COV	[18-18]	18	1986597
COV	[19-19]	19	1893998
COV	[20-20]	20	1810765
COV	[21-21]	21	1738669
COV	[22-22]	22	1672409
COV	[23-23]	23	1614373
COV	[24-24]	24	1561402
COV	[25-25]	25	1508391
COV	[26-26]	26	1466120
COV	[27-27]	27	1427801
COV	[28-28]	28	1390256
COV	[29-29]	29	1357316
COV	[30-30]	30	1323876
COV	[31-31]	31	1297803
COV	[32-32]	32	1269023
COV	[33-33]	33	1241718
COV	[34-34]	34	1221022
COV	[35-35]	35	1191936
COV	[36-36]	36	1167733
COV	[37-37]	37	1152482
COV	[38-38]	38	1131399
COV	[39-39]	39	1110785
COV	[40-40]	40	1091024
COV	[41-41]	41	1071681
COV	[42-42]	42	1051998
COV	[43-43]	43	1034794
COV	[44-44]	44	1012148
COV	[45-45]	45	995339
COV	[46-46]	46	979982
COV	[47-47]	47	963324
COV	[48-48]	48	946416
COV	[49-49]	49	928933
COV	[50-50]	50	911093
COV	[51-51]	51	891995
COV	[52-52]	52	876070
COV	[53-53]	53	859143
COV	[54-54]	54	843520
COV	[55-55]	55	828794
COV	[56-56]	56	814173
COV	[57-57]	57	799968
COV	[58-58]	58	781483
COV	[59-59]	59	764962
COV	[60-60]	60	750228
COV	[61-61]	61	735587
COV	[62-62]	62	721650
COV	[63-63]	63	708075
COV	[64-64]	64	691109
COV	[65-65]	65	677331
COV	[66-66]	66	661914
COV	[67-67]	67	646934
COV	[68-68]	68	631314
COV	[69-69]	69	616764
COV	[70-70]	70	603074
COV	[71-71]	71	588950
COV	[72-72]	72	573637
COV	[73-73]	73	562773
COV	[74-74]	74	550114
COV	[75-75]	75	537336
COV	[76-76]	76	523870
COV	[77-77]	77	510910
COV	[78-78]	78	501465
COV	[79-79]	79	488248
COV	[80-80]	80	476946
COV	[81-81]	81	462779
COV	[82-82]	82	453030
COV	[83-83]	83	441986
COV	[84-84]	84	434022
COV	[85-85]	85	421223
COV	[86-86]	86	410376
COV	[87-87]	87	401783
COV	[88-88]	88	390625
COV	[89-89]	89	382311
COV	[90-90]	90	371793
COV	[91-91]	91	362860
COV	[92-92]	92	353151
COV	[93-93]	93	344466
COV	[94-94]	94	335658
COV	[95-95]	95	324965
COV	[96-96]	96	316794
COV	[97-97]	97	309428
COV	[98-98]	98	301327
COV	[99-99]	99	292812
COV	[100-100]	100	285433
COV	[101-101]	101	277492
COV	[102-102]	102	270286
COV	[103-103]	103	264689
COV	[104-104]	104	256559
COV	[105-105]	105	249387
COV	[106-106]	106	242280
COV	[107-107]	107	237275
COV	[108-108]	108	230643
COV	[109-109]	109	224027
COV	[110-110]	110	218523
COV	[111-111]	111	211873
COV	[112-112]	112	206991
COV	[113-113]	113	201847
COV	[114-114]	114	197179
COV	[115-115]	115	191745
COV	[116-116]	116	185502
COV	[117-117]	117	180637
COV	[118-118]	118	175196
COV	[119-119]	119	170932
COV	[120-120]	120	166774
COV	[121-121]	121	161885
COV	[122-122]	122	157992
COV	[123-123]	123	154074
COV	[124-124]	124	149279
COV	[125-125]	125	144765
COV	[126-126]	126	140963
COV	[127-127]	127	137342
COV	[128-128]	128	133469
COV	[129-129]	129	129988
COV	[130-130]	130	126441
COV	[131-131]	131	123021
COV	[132-132]	132	120535
COV	[133-133]	133	115978
COV	[134-134]	134	113041
COV	[135-135]	135	110124
COV	[136-136]	136	108153
COV	[137-137]	137	106172
COV	[138-138]	138	102864
COV	[139-139]	139	100388
COV	[140-140]	140	97843
COV	[141-141]	141	95165
COV	[142-142]	142	92532
COV	[143-143]	143	90156
COV	[144-144]	144	87186
COV	[145-145]	145	85243
COV	[146-146]	146	82621
COV	[147-147]	147	80334
COV	[148-148]	148	78534
COV	[149-149]	149	76031
COV	[150-150]	150	73727
COV	[151-151]	151	72457
COV	[152-152]	152	70063
COV	[153-153]	153	68340
COV	[154-154]	154	66543
COV	[155-155]	155	65032
COV	[156-156]	156	63285
COV	[157-157]	157	61960
COV	[158-158]	158	60188
COV	[159-159]	159	58551
COV	[160-160]	160	56779
COV	[161-161]	161	55206
COV	[162-162]	162	54214
COV	[163-163]	163	52592
COV	[164-164]	164	52000
COV	[165-165]	165	50264
COV	[166-166]	166	49353
COV	[167-167]	167	47515
COV	[168-168]	168	46105
COV	[169-169]	169	45113
COV	[170-170]	170	43821
COV	[171-171]	171	42318
COV	[172-172]	172	41053
COV	[173-173]	173	40076
COV	[174-174]	174	38896
COV	[175-175]	175	38064
COV	[176-176]	176	36987
COV	[177-177]	177	35762
COV	[178-178]	178	34930
COV	[179-179]	179	34465
COV	[180-180]	180	33377
COV	[181-181]	181	33135
COV	[182-182]	182	32126
COV	[183-183]	183	31400
COV	[184-184]	184	30265
COV	[185-185]	185	29719
COV	[186-186]	186	29240
COV	[187-187]	187	28099
COV	[188-188]	188	27541
COV	[189-189]	189	27067
COV	[190-190]	190	26292
COV	[191-191]	191	25901
COV	[192-192]	192	25193
COV	[193-193]	193	24741
COV	[194-194]	194	23973
COV	[195-195]	195	23229
COV	[196-196]	196	22540
COV	[197-197]	197	21998
COV	[198-198]	198	21689
COV	[199-199]	199	20972
COV	[200-200]	200	19987
COV	[201-201]	201	20066
COV	[202-202]	202	19871
COV	[203-203]	203	19262
COV	[204-204]	204	18951
COV	[205-205]	205	18617
COV	[206-206]	206	18037
COV	[207-207]	207	17659
COV	[208-208]	208	17176
COV	[209-209]	209	16685
COV	[210-210]	210	16562
COV	[211-211]	211	16378
COV	[212-212]	212	15431
COV	[213-213]	213	15373
COV	[214-214]	214	14748
COV	[215-215]	215	14652
COV	[216-216]	216	14388
COV	[217-217]	217	14124
COV	[218-218]	218	13723
COV	[219-219]	219	13317
COV	[220-220]	220	13139
COV	[221-221]	221	12724
COV	[222-222]	222	12334
COV	[223-223]	223	11909
COV	[224-224]	224	11609
COV	[225-225]	225	11205
COV	[226-226]	226	11076
COV	[227-227]	227	11200
COV	[228-228]	228	10762
COV	[229-229]	229	10647
COV	[230-230]	230	10285
COV	[231-231]	231	10201
COV	[232-232]	232	10247
COV	[233-233]	233	9889
COV	[234-234]	234	9461
COV	[235-235]	235	9285
COV	[236-236]	236	9032
COV	[237-237]	237	8701
COV	[238-238]	238	8428
COV	[239-239]	239	8471
COV	[240-240]	240	8175
COV	[241-241]	241	7931
COV	[242-242]	242	7879
COV	[243-243]	243	7820
COV	[244-244]	244	7584
COV	[245-245]	245	7588
COV	[246-246]	246	7529
COV	[247-247]	247	7318
COV	[248-248]	248	6923
COV	[249-249]	249	6900
COV	[250-250]	250	6506
COV	[251-251]	251	6320
COV	[252-252]	252	6371
COV	[253-253]	253	6038
COV	[254-254]	254	6098
COV	[255-255]	255	5801
COV	[256-256]	256	5659
COV	[257-257]	257	5711
COV	[258-258]	258	5545
COV	[259-259]	259	5519
COV	[260-260]	260	5418
COV	[261-261]	261	5204
COV	[262-262]	262	5028
COV	[263-263]	263	5115
COV	[264-264]	264	4810
COV	[265-265]	265	4784
COV	[266-266]	266	4635
COV	[267-267]	267	4490
COV	[268-268]	268	4531
COV	[269-269]	269	4324
COV	[270-270]	270	4287
COV	[271-271]	271	4374
COV	[272-272]	272	4168
COV	[273-273]	273	3982
COV	[274-274]	274	3990
COV	[275-275]	275	3815
COV	[276-276]	276	3728
COV	[277-277]	277	3633
COV	[278-278]	278	3598
COV	[279-279]	279	3572
COV	[280-280]	280	3538
COV	[281-281]	281	3276
COV	[282-282]	282	3308
COV	[283-283]	283	3187
COV	[284-284]	284	3145
COV	[285-285]	285	3014
COV	[286-286]	286	3091
COV	[287-287]	287	2890
COV	[288-288]	288	2889
COV	[289-289]	289	2842
COV	[290-290]	290	2768
COV	[291-291]	291	2549
COV	[292-292]	292	2621
COV	[293-293]	293	2505
COV	[294-294]	294	2455
COV	[295-295]	295	2411
COV	[296-296]	296	2423
COV	[297-297]	297	2347
COV	[298-298]	298	2321
COV	[299-299]	299	2292
COV	[300-300]	300	2237
COV	[301-301]	301	2166
COV	[302-302]	302	2167
COV	[303-303]	303	2146
COV	[304-304]	304	2133
COV	[305-305]	305	2017
COV	[306-306]	306	1938
COV	[307-307]	307	1842
COV	[308-308]	308	1873
COV	[309-309]	309	1796
COV	[310-310]	310	1826
COV	[311-311]	311	1839
COV	[312-312]	312	1797
COV	[313-313]	313	1758
COV	[314-314]	314	1727
COV	[315-315]	315	1770
COV	[316-316]	316	1590
COV	[317-317]	317	1647
COV	[318-318]	318	1555
COV	[319-319]	319	1586
COV	[320-320]	320	1548
COV	[321-321]	321	1553
COV	[322-322]	322	1486
COV	[323-323]	323	1392
COV	[324-324]	324	1469
COV	[325-325]	325	1445
COV	[326-326]	326	1337
COV	[327-327]	327	1300
COV	[328-328]	328	1360
COV	[329-329]	329	1259
COV	[330-330]	330	1237
COV	[331-331]	331	1238
COV	[332-332]	332	1229
COV	[333-333]	333	1204
COV	[334-334]	334	1228
COV	[335-335]	335	1265
COV	[336-336]	336	1133
COV	[337-337]	337	1131
COV	[338-338]	338	1144
COV	[339-339]	339	1121
COV	[340-340]	340	1167
COV	[341-341]	341	1056
COV	[342-342]	342	1086
COV	[343-343]	343	1051
COV	[344-344]	344	1052
COV	[345-345]	345	1078
COV	[346-346]	346	1086
COV	[347-347]	347	1046
COV	[348-348]	348	1004
COV	[349-349]	349	951
COV	[350-350]	350	910
COV	[351-351]	351	886
COV	[352-352]	352	913
COV	[353-353]	353	898
COV	[354-354]	354	927
COV	[355-355]	355	953
COV	[356-356]	356	892
COV	[357-357]	357	838
COV	[358-358]	358	893
COV	[359-359]	359	848
COV	[360-360]	360	808
COV	[361-361]	361	819
COV	[362-362]	362	754
COV	[363-363]	363	803
COV	[364-364]	364	776
COV	[365-365]	365	789
COV	[366-366]	366	724
COV	[367-367]	367	749
COV	[368-368]	368	770
COV	[369-369]	369	697
COV	[370-370]	370	722
COV	[371-371]	371	691
COV	[372-372]	372	717
COV	[373-373]	373	749
COV	[374-374]	374	716
COV	[375-375]	375	672
COV	[376-376]	376	705
COV	[377-377]	377	696
COV	[378-378]	378	695
COV	[379-379]	379	669
COV	[380-380]	380	721
COV	[381-381]	381	677
COV	[382-382]	382	675
COV	[383-383]	383	665
COV	[384-384]	384	679
COV	[385-385]	385	637
COV	[386-386]	386	605
COV	[387-387]	387	651
COV	[388-388]	388	650
COV	[389-389]	389	608
COV	[390-390]	390	591
COV	[391-391]	391	626
COV	[392-392]	392	658
COV	[393-393]	393	673
COV	[394-394]	394	669
COV	[395-395]	395	639
COV	[396-396]	396	619
COV	[397-397]	397	599
COV	[398-398]	398	597
COV	[399-399]	399	568
COV	[400-400]	400	609
COV	[401-401]	401	586
COV	[402-402]	402	590
COV	[403-403]	403	576
COV	[404-404]	404	623
COV	[405-405]	405	538
COV	[406-406]	406	584
COV	[407-407]	407	579
COV	[408-408]	408	553
COV	[409-409]	409	555
COV	[410-410]	410	586
COV	[411-411]	411	566
COV	[412-412]	412	509
COV	[413-413]	413	488
COV	[414-414]	414	532
COV	[415-415]	415	474
COV	[416-416]	416	494
COV	[417-417]	417	498
COV	[418-418]	418	499
COV	[419-419]	419	498
COV	[420-420]	420	486
COV	[421-421]	421	464
COV	[422-422]	422	468
COV	[423-423]	423	465
COV	[424-424]	424	481
COV	[425-425]	425	458
COV	[426-426]	426	482
COV	[427-427]	427	460
COV	[428-428]	428	465
COV	[429-429]	429	470
COV	[430-430]	430	437
COV	[431-431]	431	444
COV	[432-432]	432	456
COV	[433-433]	433	464
COV	[434-434]	434	448
COV	[435-435]	435	425
COV	[436-436]	436	418
COV	[437-437]	437	404
COV	[438-438]	438	402
COV	[439-439]	439	424
COV	[440-440]	440	402
COV	[441-441]	441	374
COV	[442-442]	442	403
COV	[443-443]	443	398
COV	[444-444]	444	361
COV	[445-445]	445	392
COV	[446-446]	446	390
COV	[447-447]	447	370
COV	[448-448]	448	393
COV	[449-449]	449	373
COV	[450-450]	450	358
COV	[451-451]	451	337
COV	[452-452]	452	350
COV	[453-453]	453	322
COV	[454-454]	454	328
COV	[455-455]	455	311
COV	[456-456]	456	338
COV	[457-457]	457	351
COV	[458-458]	458	331
COV	[459-459]	459	312
COV	[460-460]	460	312
COV	[461-461]	461	290
COV	[462-462]	462	300
COV	[463-463]	463	285
COV	[464-464]	464	303
COV	[465-465]	465	287
COV	[466-466]	466	310
COV	[467-467]	467	281
COV	[468-468]	468	267
COV	[469-469]	469	263
COV	[470-470]	470	263
COV	[471-471]	471	276
COV	[472-472]	472	296
COV	[473-473]	473	254
COV	[474-474]	474	253
COV	[475-475]	475	264
COV	[476-476]	476	272
COV	[477-477]	477	250
COV	[478-478]	478	281
COV	[479-479]	479	253
COV	[480-480]	480	259
COV	[481-481]	481	260
COV	[482-482]	482	255
COV	[483-483]	483	293
COV	[484-484]	484	244
COV	[485-485]	485	243
COV	[486-486]	486	245
COV	[487-487]	487	243
COV	[488-488]	488	227
COV	[489-489]	489	224
COV	[490-490]	490	237
COV	[491-491]	491	223
COV	[492-492]	492	220
COV	[493-493]	493	208
COV	[494-494]	494	193
COV	[495-495]	495	205
COV	[496-496]	496	204
COV	[497-497]	497	225
COV	[498-498]	498	210
COV	[499-499]	499	203
COV	[500-500]	500	231
COV	[501-501]	501	241
COV	[502-502]	502	196
COV	[503-503]	503	195
COV	[504-504]	504	213
COV	[505-505]	505	227
COV	[506-506]	506	204
COV	[507-507]	507	246
COV	[508-508]	508	221
COV	[509-509]	509	218
COV	[510-510]	510	201
COV	[511-511]	511	237
COV	[512-512]	512	204
COV	[513-513]	513	207
COV	[514-514]	514	187
COV	[515-515]	515	186
COV	[516-516]	516	195
COV	[517-517]	517	195
COV	[518-518]	518	202
COV	[519-519]	519	213
COV	[520-520]	520	189
COV	[521-521]	521	197
COV	[522-522]	522	172
COV	[523-523]	523	189
COV	[524-524]	524	163
COV	[525-525]	525	193
COV	[526-526]	526	171
COV	[527-527]	527	154
COV	[528-528]	528	183
COV	[529-529]	529	170
COV	[530-530]	530	160
COV	[531-531]	531	149
COV	[532-532]	532	142
COV	[533-533]	533	183
COV	[534-534]	534	139
COV	[535-535]	535	142
COV	[536-536]	536	161
COV	[537-537]	537	139
COV	[538-538]	538	159
COV	[539-539]	539	147
COV	[540-540]	540	129
COV	[541-541]	541	140
COV	[542-542]	542	137
COV	[543-543]	543	139
COV	[544-544]	544	137
COV	[545-545]	545	126
COV	[546-546]	546	132
COV	[547-547]	547	151
COV	[548-548]	548	134
COV	[549-549]	549	130
COV	[550-550]	550	138
COV	[551-551]	551	114
COV	[552-552]	552	113
COV	[553-553]	553	110
COV	[554-554]	554	110
COV	[555-555]	555	93
COV	[556-556]	556	102
COV	[557-557]	557	115
COV	[558-558]	558	136
COV	[559-559]	559	111
COV	[560-560]	560	117
COV	[561-561]	561	130
COV	[562-562]	562	121
COV	[563-563]	563	117
COV	[564-564]	564	109
COV	[565-565]	565	111
COV	[566-566]	566	117
COV	[567-567]	567	139
COV	[568-568]	568	126
COV	[569-569]	569	104
COV	[570-570]	570	129
COV	[571-571]	571	102
COV	[572-572]	572	118
COV	[573-573]	573	107
COV	[574-574]	574	106
COV	[575-575]	575	112
COV	[576-576]	576	107
COV	[577-577]	577	100
COV	[578-578]	578	97
COV	[579-579]	579	111
COV	[580-580]	580	93
COV	[581-581]	581	99
COV	[582-582]	582	86
COV	[583-583]	583	116
COV	[584-584]	584	98
COV	[585-585]	585	97
COV	[586-586]	586	106
COV	[587-587]	587	95
COV	[588-588]	588	105
COV	[589-589]	589	84
COV	[590-590]	590	81
COV	[591-591]	591	86
COV	[592-592]	592	86
COV	[593-593]	593	93
COV	[594-594]	594	96
COV	[595-595]	595	79
COV	[596-596]	596	82
COV	[597-597]	597	73
COV	[598-598]	598	103
COV	[599-599]	599	76
COV	[600-600]	600	73
COV	[601-601]	601	89
COV	[602-602]	602	94
COV	[603-603]	603	68
COV	[604-604]	604	87
COV	[605-605]	605	76
COV	[606-606]	606	88
COV	[607-607]	607	82
COV	[608-608]	608	60
COV	[609-609]	609	62
COV	[610-610]	610	67
COV	[611-611]	611	69
COV	[612-612]	612	71
COV	[613-613]	613	69
COV	[614-614]	614	80
COV	[615-615]	615	69
COV	[616-616]	616	76
COV	[617-617]	617	61
COV	[618-618]	618	59
COV	[619-619]	619	72
COV	[620-620]	620	75
COV	[621-621]	621	71
COV	[622-622]	622	68
COV	[623-623]	623	53
COV	[624-624]	624	76
COV	[625-625]	625	46
COV	[626-626]	626	54
COV	[627-627]	627	60
COV	[628-628]	628	53
COV	[629-629]	629	70
COV	[630-630]	630	59
COV	[631-631]	631	53
COV	[632-632]	632	66
COV	[633-633]	633	41
COV	[634-634]	634	57
COV	[635-635]	635	52
COV	[636-636]	636	50
COV	[637-637]	637	51
COV	[638-638]	638	53
COV	[639-639]	639	49
COV	[640-640]	640	58
COV	[641-641]	641	51
COV	[642-642]	642	71
COV	[643-643]	643	55
COV	[644-644]	644	63
COV	[645-645]	645	54
COV	[646-646]	646	71
COV	[647-647]	647	56
COV	[648-648]	648	49
COV	[649-649]	649	62
COV	[650-650]	650	49
COV	[651-651]	651	68
COV	[652-652]	652	55
COV	[653-653]	653	48
COV	[654-654]	654	44
COV	[655-655]	655	55
COV	[656-656]	656	49
COV	[657-657]	657	67
COV	[658-658]	658	30
COV	[659-659]	659	51
COV	[660-660]	660	47
COV	[661-661]	661	39
COV	[662-662]	662	38
COV	[663-663]	663	46
COV	[664-664]	664	38
COV	[665-665]	665	35
COV	[666-666]	666	37
COV	[667-667]	667	37
COV	[668-668]	668	46
COV	[669-669]	669	42
COV	[670-670]	670	61
COV	[671-671]	671	44
COV	[672-672]	672	41
COV	[673-673]	673	52
COV	[674-674]	674	41
COV	[675-675]	675	42
COV	[676-676]	676	39
COV	[677-677]	677	42
COV	[678-678]	678	43
COV	[679-679]	679	31
COV	[680-680]	680	47
COV	[681-681]	681	44
COV	[682-682]	682	27
COV	[683-683]	683	32
COV	[684-684]	684	45
COV	[685-685]	685	33
COV	[686-686]	686	31
COV	[687-687]	687	42
COV	[688-688]	688	30
COV	[689-689]	689	50
COV	[690-690]	690	35
COV	[691-691]	691	39
COV	[692-692]	692	43
COV	[693-693]	693	23
COV	[694-694]	694	37
COV	[695-695]	695	33
COV	[696-696]	696	41
COV	[697-697]	697	46
COV	[698-698]	698	37
COV	[699-699]	699	46
COV	[700-700]	700	33
COV	[701-701]	701	33
COV	[702-702]	702	33
COV	[703-703]	703	40
COV	[704-704]	704	42
COV	[705-705]	705	46
COV	[706-706]	706	33
COV	[707-707]	707	44
COV	[708-708]	708	35
COV	[709-709]	709	24
COV	[710-710]	710	35
COV	[711-711]	711	23
COV	[712-712]	712	27
COV	[713-713]	713	36
COV	[714-714]	714	31
COV	[715-715]	715	36
COV	[716-716]	716	37
COV	[717-717]	717	44
COV	[718-718]	718	38
COV	[719-719]	719	40
COV	[720-720]	720	25
COV	[721-721]	721	30
COV	[722-722]	722	32
COV	[723-723]	723	36
COV	[724-724]	724	34
COV	[725-725]	725	33
COV	[726-726]	726	35
COV	[727-727]	727	27
COV	[728-728]	728	37
COV	[729-729]	729	32
COV	[730-730]	730	35
COV	[731-731]	731	41
COV	[732-732]	732	31
COV	[733-733]	733	27
COV	[734-734]	734	31
COV	[735-735]	735	33
COV	[736-736]	736	32
COV	[737-737]	737	21
COV	[738-738]	738	25
COV	[739-739]	739	22
COV	[740-740]	740	34
COV	[741-741]	741	29
COV	[742-742]	742	21
COV	[743-743]	743	22
COV	[744-744]	744	23
COV	[745-745]	745	32
COV	[746-746]	746	31
COV	[747-747]	747	32
COV	[748-748]	748	25
COV	[749-749]	749	25
COV	[750-750]	750	31
COV	[751-751]	751	23
COV	[752-752]	752	23
COV	[753-753]	753	29
COV	[754-754]	754	25
COV	[755-755]	755	27
COV	[756-756]	756	27
COV	[757-757]	757	25
COV	[758-758]	758	20
COV	[759-759]	759	30
COV	[760-760]	760	21
COV	[761-761]	761	20
COV	[762-762]	762	29
COV	[763-763]	763	30
COV	[764-764]	764	18
COV	[765-765]	765	25
COV	[766-766]	766	25
COV	[767-767]	767	25
COV	[768-768]	768	20
COV	[769-769]	769	21
COV	[770-770]	770	15
COV	[771-771]	771	26
COV	[772-772]	772	26
COV	[773-773]	773	22
COV	[774-774]	774	20
COV	[775-775]	775	13
COV	[776-776]	776	18
COV	[777-777]	777	26
COV	[778-778]	778	17
COV	[779-779]	779	30
COV	[780-780]	780	15
COV	[781-781]	781	22
COV	[782-782]	782	15
COV	[783-783]	783	22
COV	[784-784]	784	21
COV	[785-785]	785	21
COV	[786-786]	786	18
COV	[787-787]	787	21
COV	[788-788]	788	28
COV	[789-789]	789	13
COV	[790-790]	790	17
COV	[791-791]	791	20
COV	[792-792]	792	15
COV	[793-793]	793	24
COV	[794-794]	794	12
COV	[795-795]	795	12
COV	[796-796]	796	10
COV	[797-797]	797	16
COV	[798-798]	798	19
COV	[799-799]	799	16
COV	[800-800]	800	12
COV	[801-801]	801	14
COV	[802-802]	802	16
COV	[803-803]	803	10
COV	[804-804]	804	16
COV	[805-805]	805	19
COV	[806-806]	806	9
COV	[807-807]	807	11
COV	[808-808]	808	10
COV	[809-809]	809	10
COV	[810-810]	810	19
COV	[811-811]	811	14
COV	[812-812]	812	10
COV	[813-813]	813	21
COV	[814-814]	814	13
COV	[815-815]	815	12
COV	[816-816]	816	12
COV	[817-817]	817	6
COV	[818-818]	818	13
COV	[819-819]	819	17
COV	[820-820]	820	13
COV	[821-821]	821	11
COV	[822-822]	822	12
COV	[823-823]	823	18
COV	[824-824]	824	8
COV	[825-825]	825	19
COV	[826-826]	826	3
COV	[827-827]	827	11
COV	[828-828]	828	13
COV	[829-829]	829	8
COV	[830-830]	830	15
COV	[831-831]	831	24
COV	[832-832]	832	13
COV	[833-833]	833	15
COV	[834-834]	834	22
COV	[835-835]	835	11
COV	[836-836]	836	15
COV	[837-837]	837	19
COV	[838-838]	838	12
COV	[839-839]	839	11
COV	[840-840]	840	14
COV	[841-841]	841	7
COV	[842-842]	842	13
COV	[843-843]	843	16
COV	[844-844]	844	9
COV	[845-845]	845	13
COV	[846-846]	846	10
COV	[847-847]	847	16
COV	[848-848]	848	19
COV	[849-849]	849	8
COV	[850-850]	850	20
COV	[851-851]	851	13
COV	[852-852]	852	14
COV	[853-853]	853	13
COV	[854-854]	854	16
COV	[855-855]	855	19
COV	[856-856]	856	13
COV	[857-857]	857	10
COV	[858-858]	858	5
COV	[859-859]	859	15
COV	[860-860]	860	11
COV	[861-861]	861	14
COV	[862-862]	862	10
COV	[863-863]	863	13
COV	[864-864]	864	10
COV	[865-865]	865	12
COV	[866-866]	866	14
COV	[867-867]	867	8
COV	[868-868]	868	17
COV	[869-869]	869	6
COV	[870-870]	870	10
COV	[871-871]	871	9
COV	[872-872]	872	9
COV	[873-873]	873	16
COV	[874-874]	874	12
COV	[875-875]	875	8
COV	[876-876]	876	10
COV	[877-877]	877	18
COV	[878-878]	878	8
COV	[879-879]	879	11
COV	[880-880]	880	9
COV	[881-881]	881	14
COV	[882-882]	882	15
COV	[883-883]	883	10
COV	[884-884]	884	10
COV	[885-885]	885	15
COV	[886-886]	886	9
COV	[887-887]	887	11
COV	[888-888]	888	15
COV	[889-889]	889	20
COV	[890-890]	890	16
COV	[891-891]	891	14
COV	[892-892]	892	12
COV	[893-893]	893	9
COV	[894-894]	894	12
COV	[895-895]	895	8
COV	[896-896]	896	13
COV	[897-897]	897	21
COV	[898-898]	898	15
COV	[899-899]	899	12
COV	[900-900]	900	12
COV	[901-901]	901	15
COV	[902-902]	902	8
COV	[903-903]	903	8
COV	[904-904]	904	6
COV	[905-905]	905	11
COV	[906-906]	906	10
COV	[907-907]	907	11
COV	[908-908]	908	6
COV	[909-909]	909	12
COV	[910-910]	910	10
COV	[911-911]	911	5
COV	[912-912]	912	14
COV	[913-913]	913	4
COV	[914-914]	914	7
COV	[915-915]	915	17
COV	[916-916]	916	13
COV	[917-917]	917	9
COV	[918-918]	918	10
COV	[919-919]	919	7
COV	[920-920]	920	6
COV	[921-921]	921	8
COV	[922-922]	922	10
COV	[923-923]	923	6
COV	[924-924]	924	11
COV	[925-925]	925	8
COV	[926-926]	926	11
COV	[927-927]	927	9
COV	[928-928]	928	13
COV	[929-929]	929	5
COV	[930-930]	930	11
COV	[931-931]	931	21
COV	[932-932]	932	11
COV	[933-933]	933	10
COV	[934-934]	934	20
COV	[935-935]	935	10
COV	[936-936]	936	8
COV	[937-937]	937	14
COV	[938-938]	938	15
COV	[939-939]	939	13
COV	[940-940]	940	18
COV	[941-941]	941	7
COV	[942-942]	942	14
COV	[943-943]	943	9
COV	[944-944]	944	6
COV	[945-945]	945	5
COV	[946-946]	946	12
COV	[947-947]	947	11
COV	[948-948]	948	6
COV	[949-949]	949	8
COV	[950-950]	950	10
COV	[951-951]	951	2
COV	[952-952]	952	7
COV	[953-953]	953	10
COV	[954-954]	954	8
COV	[955-955]	955	2
COV	[956-956]	956	7
COV	[957-957]	957	10
COV	[958-958]	958	11
COV	[959-959]	959	11
COV	[960-960]	960	14
COV	[961-961]	961	16
COV	[962-962]	962	11
COV	[963-963]	963	12
COV	[964-964]	964	8
COV	[965-965]	965	10
COV	[966-966]	966	12
COV	[967-967]	967	5
COV	[968-968]	968	16
COV	[969-969]	969	10
COV	[970-970]	970	9
COV	[971-971]	971	11
COV	[972-972]	972	5
COV	[973-973]	973	8
COV	[974-974]	974	12
COV	[975-975]	975	11
COV	[976-976]	976	5
COV	[977-977]	977	6
COV	[978-978]	978	8
COV	[979-979]	979	9
COV	[980-980]	980	7
COV	[981-981]	981	10
COV	[982-982]	982	8
COV	[983-983]	983	12
COV	[984-984]	984	8
COV	[985-985]	985	9
COV	[986-986]	986	8
COV	[987-987]	987	6
COV	[988-988]	988	9
COV	[989-989]	989	12
COV	[990-990]	990	10
COV	[991-991]	991	7
COV	[992-992]	992	10
COV	[993-993]	993	14
COV	[994-994]	994	11
COV	[995-995]	995	9
COV	[996-996]	996	8
COV	[997-997]	997	9
COV	[998-998]	998	8
COV	[999-999]	999	5
COV	[1000-1000]	1000	14
COV	[1000<]	1000	2996
# GC-depth. Use `grep ^GCD | cut -f 2-` to extract this part. The columns are: GC%, unique sequence percentiles, 10th, 25th, 50th, 75th and 90th depth percentile
GCD	0.0	0.001	0.000	0.000	0.000	0.000	0.000
GCD	20.0	0.002	0.091	0.091	0.091	0.091	0.091
GCD	21.0	0.003	0.138	0.138	0.138	0.138	0.138
GCD	23.0	0.003	2.255	2.255	2.255	2.255	2.255
GCD	24.0	0.006	0.570	0.598	0.710	0.884	0.933
GCD	24.5	0.007	0.198	0.198	0.198	0.198	0.198
GCD	25.0	0.009	0.008	0.054	1.100	8.407	10.541
GCD	27.0	0.012	0.004	0.007	0.016	0.149	0.194
GCD	28.0	0.015	0.040	0.079	0.123	0.536	0.665
GCD	29.0	0.022	0.028	0.127	0.633	0.933	2.039
GCD	30.0	0.045	0.068	0.316	0.633	1.305	2.504
GCD	31.0	0.099	0.079	0.188	0.750	1.430	2.236
GCD	32.0	0.250	0.111	0.170	0.949	1.819	3.261
GCD	33.0	0.598	0.119	0.178	0.839	1.934	3.645
GCD	34.0	1.388	0.127	0.174	0.546	1.889	3.553
GCD	35.0	2.845	0.127	0.174	0.261	1.831	3.926
GCD	36.0	5.379	0.131	0.178	0.237	1.452	3.682
GCD	37.0	9.136	0.127	0.178	0.237	1.088	3.467
GCD	38.0	14.332	0.131	0.186	0.241	0.787	3.255
GCD	39.0	20.792	0.131	0.190	0.253	0.554	3.085
GCD	40.0	27.865	0.146	0.206	0.269	0.451	3.044
GCD	41.0	35.020	0.166	0.225	0.293	0.597	3.100
GCD	42.0	42.013	0.182	0.237	0.309	0.609	3.163
GCD	43.0	48.701	0.190	0.261	0.336	0.748	3.406
GCD	44.0	54.983	0.202	0.281	0.364	0.890	3.269
GCD	45.0	60.625	0.210	0.301	0.392	0.957	3.772
GCD	46.0	65.531	0.229	0.328	0.431	1.321	4.446
GCD	47.0	69.795	0.245	0.348	0.459	1.345	4.450
GCD	48.0	73.564	0.262	0.388	0.506	1.799	5.312
GCD	49.0	76.788	0.289	0.415	0.566	2.261	5.893
GCD	50.0	79.530	0.320	0.463	0.637	2.880	7.120
GCD	51.0	82.129	0.352	0.510	0.755	3.323	7.427
GCD	52.0	84.356	0.356	0.546	1.019	4.012	8.705
GCD	53.0	86.396	0.397	0.589	1.198	3.918	9.166
GCD	54.0	88.225	0.431	0.672	1.861	5.370	10.264
GCD	55.0	89.923	0.502	0.748	2.229	6.246	12.199
GCD	56.0	91.474	0.577	0.878	2.705	7.223	13.764
GCD	57.0	92.844	0.676	1.114	3.597	8.449	14.818
GCD	58.0	94.192	0.684	1.218	3.665	9.238	16.632
GCD	59.0	95.400	0.763	1.483	4.175	9.911	16.182
GCD	60.0	96.466	0.799	1.537	4.830	10.364	18.449
GCD	61.0	97.384	0.878	1.750	5.720	12.091	20.500
GCD	62.0	98.129	0.931	1.809	5.648	12.248	19.311
GCD	63.0	98.724	1.011	1.907	5.668	11.729	21.226
GCD	64.0	99.180	1.079	1.825	4.707	10.864	18.386
GCD	65.0	99.526	1.115	1.772	4.264	9.358	17.147
GCD	66.0	99.765	1.114	1.727	3.718	8.840	17.874
GCD	67.0	99.887	1.316	1.863	3.360	6.793	13.643
GCD	68.0	99.942	0.967	1.967	3.069	7.046	13.806
GCD	69.0	99.974	1.105	2.083	3.408	5.572	13.597
GCD	70.0	99.990	0.702	1.665	3.955	6.574	9.333
GCD	71.0	99.993	0.708	0.883	2.573	13.348	38.973
GCD	72.0	99.997	2.239	2.361	5.182	11.548	16.921
GCD	73.0	99.998	0.759	0.759	11.682	22.605	22.605
GCD	76.0	99.999	24.452	24.452	24.452	24.452	24.452
GCD	77.0	99.999	13.702	13.702	13.702	13.702	13.702
GCD	78.0	100.000	0.008	0.008	0.008	0.008	0.008
