## htsjdk.samtools.metrics.StringHeader
# CollectOxoGMetrics --INPUT post_aligned/ERR2828368_fixed_sorted.bam --OUTPUT metrics/ERR2828368_OxoGMetrics.txt --REFERENCE_SEQUENCE ../ref/hg38.p14.fa --MINIMUM_QUALITY_SCORE 20 --MINIMUM_MAPPING_QUALITY 30 --MINIMUM_INSERT_SIZE 60 --MAXIMUM_INSERT_SIZE 600 --INCLUDE_NON_PF_READS true --USE_OQ true --CONTEXT_SIZE 1 --STOP_AFTER 2147483647 --VERBOSITY INFO --QUIET false --VALIDATION_STRINGENCY STRICT --COMPRESSION_LEVEL 2 --MAX_RECORDS_IN_RAM 500000 --CREATE_INDEX false --CREATE_MD5_FILE false --GA4GH_CLIENT_SECRETS client_secrets.json --help false --version false --showHidden false --USE_JDK_DEFLATER false --USE_JDK_INFLATER false
## htsjdk.samtools.metrics.StringHeader
# Started on: Tue Jul 01 11:09:09 EDT 2025

## METRICS CLASS	picard.analysis.CollectOxoGMetrics$CpcgMetrics
SAMPLE_ALIAS	LIBRARY	CONTEXT	TOTAL_SITES	TOTAL_BASES	REF_NONOXO_BASES	REF_OXO_BASES	REF_TOTAL_BASES	ALT_NONOXO_BASES	ALT_OXO_BASES	OXIDATION_ERROR_RATE	OXIDATION_Q	C_REF_REF_BASES	G_REF_REF_BASES	C_REF_ALT_BASES	G_REF_ALT_BASES	C_REF_OXO_ERROR_RATE	C_REF_OXO_Q	G_REF_OXO_ERROR_RATE	G_REF_OXO_Q
ERR2828368	1	CCA	33230000	272498825	137502442	134948509	272450951	23377	24497	0.000004	53.861466	134598264	137852687	25132	22742	0.000022	46.627854	0	100
ERR2828368	1	ACC	20547066	173014299	86928501	86045793	172974294	20052	19953	0	82.38082	85924288	87050006	20607	19398	0.000017	47.70008	0	100
ERR2828368	1	CCC	27388950	242872983	123151129	119670613	242821742	26107	25134	0	83.853792	120246855	122574887	26121	25120	0.000012	49.10554	0	100
ERR2828368	1	GCA	25653595	212932039	106448980	106440587	212889567	19910	22562	0.000012	49.046675	105780111	107109456	22821	19651	0.000032	44.913278	0	100
ERR2828368	1	TCT	34918933	249668177	125015604	124613527	249629131	18844	20202	0.000005	52.644634	126622116	123007015	21078	17968	0.00002	46.907006	0	100
ERR2828368	1	ACG	4867579	58883325	29518232	29343525	58861757	10383	11185	0.000014	48.65818	29243830	29617927	11484	10084	0.000052	42.824087	0	100
ERR2828368	1	CCG	6289440	86403916	43396341	42975187	86371528	15472	16916	0.000017	47.769662	42797230	43574298	17388	15000	0.000062	42.075956	0	100
ERR2828368	1	GCC	24055528	218584064	109844425	108694529	218538954	21580	23530	0.000009	50.495839	108602397	109936557	24339	20771	0.000035	44.539473	0	100
ERR2828368	1	GCG	5365439	73077677	36238243	36810485	73048728	14093	14856	0.00001	49.812602	37065293	35983435	14551	14398	0	100	0.000008	51.223362
ERR2828368	1	ACT	25056753	173254974	86725222	86501589	173226811	13888	14275	0.000002	56.509747	86713157	86513654	14789	13374	0.000016	47.970402	0	100
ERR2828368	1	TCA	30864103	223929825	112347057	111546731	223893788	16915	19122	0.00001	50.063096	111427444	112466344	19498	16539	0.000028	45.541234	0	100
ERR2828368	1	CCT	33598767	269513359	135719445	133749036	269468481	22147	22731	0.000002	56.641674	135489666	133978815	24249	20629	0.000025	46.02188	0	100
ERR2828368	1	TCC	28399606	234761197	118801784	115918586	234720370	20291	20536	0.000001	59.814602	117303505	117416865	21540	19287	0.000019	47.131263	0	100
ERR2828368	1	GCT	25448696	213676441	106617751	107023286	213641037	16414	18990	0.000012	49.188108	107568455	106072582	18849	16555	0.000019	47.178487	0	100
ERR2828368	1	TCG	4273361	54768169	27380321	27372661	54752982	7128	8059	0.000017	47.695785	27413445	27339537	8155	7032	0.00004	43.952393	0	100
ERR2828368	1	ACA	31045168	218914298	109768864	109100421	218869285	21643	23370	0.000008	51.029818	107917596	110951689	23675	21338	0.000027	45.678123	0	100


