# This file was produced by samtools stats (1.21+htslib-1.21) and can be plotted using plot-bamstats
# This file contains statistics for all reads.
# The command line was:  stats post_aligned/ERR2828406_fixed_sorted.bam
# CHK, Checksum	[2]Read Names	[3]Sequences	[4]Qualities
# CHK, CRC32 of reads which passed filtering followed by addition (32bit overflow)
CHK	29fd7e74	7550164f	fe750671
# Summary Numbers. Use `grep ^SN | cut -f 2-` to extract this part.
SN	raw total sequences:	82418328	# excluding supplementary and secondary reads
SN	filtered sequences:	0
SN	sequences:	82418328
SN	is sorted:	1
SN	1st fragments:	41209164
SN	last fragments:	41209164
SN	reads mapped:	81925728
SN	reads mapped and paired:	81529274	# paired-end technology bit set + both mates mapped
SN	reads unmapped:	492600
SN	reads properly paired:	80600956	# proper-pair bit set
SN	reads paired:	82418328	# paired-end technology bit set
SN	reads duplicated:	0	# PCR or optical duplicate bit set
SN	reads MQ0:	9141583	# mapped and MQ=0
SN	reads QC failed:	0
SN	non-primary alignments:	0
SN	supplementary alignments:	8568
SN	total length:	6522074955	# ignores clipping
SN	total first fragment length:	3289631823	# ignores clipping
SN	total last fragment length:	3232443132	# ignores clipping
SN	bases mapped:	6515813778	# ignores clipping
SN	bases mapped (cigar):	6511938982	# more accurate
SN	bases trimmed:	0
SN	bases duplicated:	0
SN	mismatches:	13663123	# from NM fields
SN	error rate:	2.098165e-03	# mismatches / bases mapped (cigar)
SN	average length:	79
SN	average first fragment length:	80
SN	average last fragment length:	78
SN	maximum length:	81
SN	maximum first fragment length:	81
SN	maximum last fragment length:	81
SN	average quality:	37.9
SN	insert size average:	159.8
SN	insert size standard deviation:	59.8
SN	inward oriented pairs:	39648618
SN	outward oriented pairs:	970273
SN	pairs with other orientation:	8625
SN	pairs on different chromosomes:	137121
SN	percentage of properly paired reads (%):	97.8
# First Fragment Qualities. Use `grep ^FFQ | cut -f 2-` to extract this part.
# Columns correspond to qualities and rows to cycles. First column is the cycle number.
FFQ	1	0	0	0	0	0	0	0	0	0	0	0	0	0	0	0	0	0	0	0	0	0	0	0	0	0	0	0	396491	20693	0	240174	317646	0	0	876306	356923	1154127	785247	1527354	8654715	26879488	0
FFQ	2	0	0	0	0	0	0	0	0	0	0	0	0	0	0	31094	26693	275768	0	0	0	0	0	0	0	0	0	0	245274	21181	0	241552	315678	0	0	803625	264308	1162587	740236	1533503	8775985	26762719	0
FFQ	3	0	0	0	0	0	0	0	0	0	0	0	0	0	0	31456	27002	276333	0	0	0	0	0	0	0	0	0	0	283178	21069	0	241126	310497	0	0	810832	290938	1155172	747301	1520104	8773221	26709823	0
FFQ	4	0	0	0	0	0	0	0	0	0	0	0	0	0	0	33568	28571	291920	0	0	0	0	0	0	0	0	0	0	293219	20806	0	241692	311562	0	0	819808	299262	1160007	755661	1524041	8774062	26640801	0
FFQ	5	0	0	52	0	0	0	0	0	0	0	0	0	0	0	32925	27866	285655	0	0	0	0	0	0	0	0	0	0	307294	21330	0	242583	314079	0	0	830747	303521	1168463	760830	1540543	8808347	26546321	0
FFQ	6	0	0	0	0	0	0	0	0	0	0	0	0	0	0	33555	28427	295530	0	0	0	0	0	0	0	0	0	0	302958	21403	0	249415	319145	0	0	849570	315129	1193271	783922	1573155	8931919	26287096	0
FFQ	7	0	0	0	0	0	0	0	0	0	0	0	0	0	0	34613	30218	309631	0	0	0	0	0	0	0	0	0	0	302713	22313	0	253927	321354	0	0	855207	313454	1205028	786643	1589705	9030245	26123398	0
FFQ	8	0	0	2	0	0	0	0	0	0	0	0	0	0	0	39300	33499	340352	0	0	0	0	0	0	0	0	0	0	317282	22324	0	255125	322778	0	0	860812	316439	1205524	790938	1589044	9050084	26028535	0
FFQ	9	0	0	170	0	0	0	0	0	0	0	0	0	0	0	38373	32771	332183	0	0	0	0	0	0	0	0	0	0	341546	22241	0	255438	319074	0	0	865821	328944	1206627	797710	1608634	9093567	25922104	0
FFQ	10	0	0	129	0	0	0	0	0	0	0	0	0	0	0	36730	31590	322397	0	0	0	0	0	0	0	0	0	0	343226	22552	0	258398	324409	0	0	875890	338800	1223153	809375	1623104	9125086	25823407	0
FFQ	11	0	0	80	0	0	0	0	0	0	0	0	0	0	0	34679	29470	299895	0	0	0	0	0	0	0	0	0	0	322627	22206	0	253016	318942	0	0	860408	331185	1211797	800157	1613431	9131048	25922448	0
FFQ	12	0	0	13	0	0	0	0	0	0	0	0	0	0	0	36418	30953	312675	0	0	0	0	0	0	0	0	0	0	312959	22659	0	255764	322437	0	0	866124	322943	1217696	799751	1622542	9150772	25870698	0
FFQ	13	0	0	62	0	0	0	0	0	0	0	0	0	0	0	35658	30370	310177	0	0	0	0	0	0	0	0	0	0	318523	23367	0	263262	327499	0	0	880308	325367	1237781	807394	1634600	9195955	25747019	0
FFQ	14	0	0	1	0	0	0	0	0	0	0	0	0	0	0	36000	31173	316361	0	0	0	0	0	0	0	0	0	0	315836	23215	0	267798	330670	0	0	889583	330021	1250428	814274	1646649	9227192	25651193	0
FFQ	15	0	0	36	0	0	0	0	0	0	0	0	0	0	0	40871	34904	355247	0	0	0	0	0	0	0	0	0	0	325714	24284	0	275129	335756	0	0	900385	332067	1258150	820668	1654173	9236143	25529837	0
FFQ	16	0	0	19	0	0	0	0	0	0	0	0	0	0	0	38439	32601	334542	0	0	0	0	0	0	0	0	0	0	346932	24136	0	275006	336389	0	0	910511	345565	1271635	833706	1671027	9301337	25394514	0
FFQ	17	0	0	6	0	0	0	0	0	0	0	0	0	0	0	43090	37232	368678	0	0	0	0	0	0	0	0	0	0	339483	24712	0	280489	340590	0	0	922431	349640	1284568	843726	1691612	9362286	25220615	0
FFQ	18	0	0	15	0	0	0	0	0	0	0	0	0	0	0	39342	33722	335298	0	0	0	0	0	0	0	0	1	0	356704	24653	0	279405	338761	0	0	922301	351842	1286869	844848	1705419	9424873	25158088	0
FFQ	19	0	0	0	0	0	0	0	0	0	0	0	0	0	0	41819	35515	354353	0	0	0	0	0	0	0	0	1	0	344814	25100	0	283512	342267	0	0	929780	356526	1296042	851829	1707681	9442885	25082882	0
FFQ	20	0	0	22	0	0	0	0	0	0	0	0	0	0	2	41094	35207	355573	0	0	0	0	0	0	0	0	2	1	358346	26152	0	297212	354030	0	0	956744	367077	1332491	871550	1744358	9528090	24819615	0
FFQ	21	0	0	214	0	0	0	0	0	0	0	0	0	0	8	41089	35425	354507	0	0	0	0	0	0	0	0	5	1	346293	26203	0	294407	352761	0	0	957967	363596	1334213	873930	1745035	9573752	24780589	0
FFQ	22	0	0	60	0	0	0	0	0	0	0	0	0	0	172	43595	37401	370815	0	0	0	0	0	0	1	0	14	3	350449	26804	0	301112	356116	1	0	968162	365877	1350114	884404	1768198	9637317	24612139	0
FFQ	23	0	0	222	0	0	0	0	0	0	0	0	0	7	369	43480	37340	371713	0	0	0	0	0	0	3	0	22	1	366306	27357	0	306385	360237	4	3	977363	369810	1362634	888077	1780108	9684943	24488809	0
FFQ	24	0	0	144	0	0	0	0	0	0	0	0	0	1	171	42043	35994	359589	0	0	0	0	0	0	2	0	19	2	361916	27476	0	308963	361652	3	5	986797	379007	1373937	901218	1799078	9755668	24364008	0
FFQ	25	0	0	0	0	0	0	0	0	0	0	0	0	3	254	47258	40480	401478	0	0	0	0	0	0	1	0	34	2	362008	28415	0	318526	371175	2	3	1006070	379919	1396491	911327	1812106	9811332	24162949	0
FFQ	26	0	0	0	0	0	0	0	0	0	0	0	0	12	944	46126	40366	397697	0	0	0	0	0	0	10	0	52	7	383368	28505	0	317505	369070	15	19	1011962	386324	1404615	916043	1827793	9864954	24046820	0
FFQ	27	0	0	2	0	0	0	0	0	0	0	0	0	14	1622	45612	39892	395602	0	0	0	0	0	0	9	0	72	9	385989	29124	0	324363	370917	22	16	1020966	395138	1416796	928943	1846892	9915949	23916600	0
FFQ	28	0	0	23	0	0	0	0	0	0	0	0	0	27	2189	43609	38883	382697	0	0	0	0	0	0	18	0	104	14	387410	29187	0	326373	376431	30	24	1034682	401280	1432625	937843	1859014	9960166	23814191	0
FFQ	29	0	0	107	0	0	0	0	0	0	0	0	0	29	2372	49703	43948	429018	0	0	0	0	0	0	25	0	97	8	392575	30717	0	338463	383435	28	36	1057571	406944	1461411	954002	1879616	10044798	23543861	0
FFQ	30	0	0	474	0	0	0	0	0	0	0	0	0	46	3809	49006	44854	437715	0	0	0	0	0	0	30	0	139	11	419321	31511	0	345392	388137	72	66	1072219	414853	1474990	964162	1906785	10105679	23351233	0
FFQ	31	0	0	389	0	0	0	0	0	0	0	0	0	92	5275	47862	45558	444335	0	0	0	0	0	0	51	0	155	25	434812	31616	0	350451	393362	94	95	1085045	431946	1490367	979651	1915739	10147044	23198013	0
FFQ	32	0	0	1	0	0	0	0	0	0	0	0	0	98	5007	51597	47486	465725	0	0	0	0	0	0	42	0	242	35	442208	32062	0	358028	400950	79	77	1108037	434388	1513067	992688	1937727	10197787	23006145	0
FFQ	33	0	0	167	0	0	0	0	0	0	0	0	0	21	1370	57308	48930	486729	0	0	0	0	0	0	14	0	65	11	491543	35734	0	395513	437201	27	28	1209705	486901	1623850	1075263	2033139	10427487	22173308	0
FFQ	34	0	0	57	0	0	0	0	0	0	0	0	0	65	3349	52786	47320	468617	0	0	0	0	0	0	61	0	191	35	451140	34949	0	388860	431171	54	70	1197703	477639	1625115	1081533	2052611	10595519	22066480	0
FFQ	35	0	0	457	0	0	0	0	0	0	0	0	0	28	1523	60376	52308	512748	0	0	0	0	0	1	16	0	115	9	457370	37125	0	410458	447951	40	29	1234147	481031	1667517	1097079	2073260	10699965	21732346	0
FFQ	36	0	0	70	0	0	0	0	0	0	0	0	0	53	2519	57866	50749	496695	0	0	0	0	0	6	32	1	92	25	465610	37167	0	414859	449596	52	58	1241312	485139	1680397	1105242	2083296	10724652	21660832	0
FFQ	37	0	0	189	0	0	0	0	0	0	0	0	0	130	5760	55968	52556	505238	0	0	0	0	0	11	83	1	204	37	455485	37784	0	418239	450054	139	134	1251563	486911	1693244	1112537	2098954	10783056	21538323	0
FFQ	38	0	0	95	0	0	0	0	0	0	0	0	0	283	10499	52787	53476	513073	0	0	0	0	0	18	195	8	367	75	461178	37868	0	418304	452741	219	270	1255699	488571	1695526	1114457	2098769	10785621	21496854	0
FFQ	39	0	0	25	0	0	0	0	0	0	0	0	8	634	21894	37214	52337	466917	0	0	0	1	7	70	378	21	578	160	442348	35197	0	391313	429325	481	582	1203327	476179	1641558	1078563	2065033	10777947	21804912	0
FFQ	40	0	0	111	0	0	0	0	0	0	0	0	9	724	24081	45862	60884	547242	0	0	0	1	6	72	438	30	575	166	458149	37403	0	413051	444011	579	552	1222594	469797	1662162	1072975	2047182	10641920	21766067	0
FFQ	41	0	0	1	0	0	0	0	0	0	0	0	36	925	28950	34881	66237	480721	0	0	0	14	20	88	561	21	603	165	491018	36731	0	408568	441938	688	748	1234454	486539	1668989	1083416	2069802	10675070	21695053	0
FFQ	42	0	0	2	0	0	0	0	0	0	0	0	48	1078	30638	34586	66709	493704	0	0	0	10	17	125	602	33	665	218	474448	37594	0	420165	449676	785	855	1252332	491668	1691436	1090579	2082306	10654050	21621205	0
FFQ	43	0	0	95	0	0	0	0	0	0	0	0	60	1266	35699	34149	78117	533222	0	0	0	18	15	200	682	49	684	222	479505	39364	0	438385	462454	828	906	1279983	490330	1722469	1107061	2104020	10675696	21399040	0
FFQ	44	0	0	28	0	0	0	0	0	0	0	0	143	1402	37111	36873	97917	527130	0	0	0	36	62	244	719	56	665	277	509188	39861	15	440929	468528	952	1084	1293385	501041	1736911	1115733	2115823	10721009	21226246	0
FFQ	45	0	0	0	0	0	0	0	0	0	0	0	154	1457	37378	33237	94514	497399	0	0	0	28	53	274	796	84	701	289	529003	39398	12	439730	467006	970	1138	1303769	513996	1741437	1124538	2127000	10788155	21119054	0
FFQ	46	0	0	0	0	0	0	0	0	0	0	0	241	1643	37943	35754	112814	480519	0	0	0	53	78	358	720	96	646	279	504646	40528	36	445730	473222	1106	1210	1313074	514531	1754999	1131926	2140796	10816617	21039548	0
FFQ	47	0	0	0	0	0	0	0	0	0	0	0	245	1801	39435	36069	109803	511524	0	0	0	42	71	425	816	122	653	292	499886	40744	30	451290	475795	1055	1274	1320001	508493	1763321	1134194	2141767	10812589	20984441	0
FFQ	48	0	0	0	0	0	0	0	0	0	0	0	310	1964	44081	39531	119038	535908	0	0	0	61	87	588	843	227	691	308	523757	42435	56	467171	489629	1238	1344	1353228	523375	1792905	1150568	2160564	10788143	20784765	0
FFQ	49	0	0	12	0	0	0	0	0	0	0	0	467	2022	44007	36911	147925	497734	0	0	0	98	132	620	918	1890	1474	310	531097	41988	45	464399	489349	1213	1461	1361586	534421	1800321	1162035	2173591	10861418	20651463	0
FFQ	50	0	0	0	0	0	0	0	0	0	0	0	525	2276	46188	38191	150175	506073	0	0	0	108	129	814	922	3666	2056	324	528165	43040	64	476525	497972	1291	1601	1380033	533986	1821790	1169781	2183645	10864727	20539993	0
FFQ	51	0	0	0	0	0	0	0	0	0	0	0	780	2447	49131	41531	191213	492714	0	0	0	165	229	923	934	4269	2442	312	546266	44865	77	493623	513267	1457	1755	1419759	551370	1854844	1191499	2207798	10913697	20250954	0
FFQ	52	0	0	3	0	0	0	0	0	0	0	0	1075	2352	47305	49764	225593	480806	0	0	0	237	355	1048	980	6468	3208	268	548860	44397	176	491966	513514	1549	1870	1431578	558123	1863969	1203044	2222459	10968151	20092544	0
FFQ	53	0	0	0	0	0	0	0	0	0	0	0	1078	2763	52200	49414	234891	494231	0	0	0	244	306	1439	910	8829	4111	326	580447	46841	168	512504	529130	1606	1941	1464918	572092	1895717	1218704	2234210	10961380	19873324	0
FFQ	54	0	0	2	0	0	0	0	0	0	0	0	1440	2819	53594	51766	274162	446033	0	0	0	339	422	1683	854	9272	4290	296	586238	47004	235	512960	534057	1734	2128	1487116	587473	1910845	1236583	2258902	11022322	19689997	0
FFQ	55	0	0	67	0	0	0	0	0	0	0	0	1401	3046	55015	58152	250562	510046	0	0	0	307	404	2141	743	9787	4298	397	595043	47923	280	522347	543055	1731	2279	1508140	592355	1928539	1246835	2265252	11040785	19512688	0
FFQ	56	0	0	73	0	0	0	0	0	0	0	0	1967	3191	60617	61022	319165	464564	0	0	0	418	588	2073	912	14775	6606	335	627459	49817	372	539318	560163	1923	2379	1552064	612004	1961416	1271377	2288986	11054040	19222392	0
FFQ	57	0	0	7	0	0	0	0	0	0	0	0	2899	3132	61614	69611	401658	402184	0	0	0	638	853	2106	1124	15834	6870	234	632168	50548	520	542307	565397	1992	2591	1570722	623108	1970034	1282525	2299195	11064705	19080520	0
FFQ	58	0	0	2	0	0	0	0	0	0	0	0	2871	3412	64726	76975	377014	431008	0	0	0	631	865	2743	1004	20468	8841	335	655394	50989	534	550421	576596	2100	2896	1595679	636326	1987718	1294384	2311804	11082158	18891016	0
FFQ	59	0	0	8	0	0	0	0	0	0	0	0	3468	3508	67236	79734	424746	399111	0	0	0	757	1048	2667	1279	26840	11670	290	652954	51072	642	552647	581219	2123	3113	1608725	645916	1995226	1304151	2318061	11082937	18779167	0
FFQ	60	0	0	15	0	0	0	0	0	0	0	0	4730	3035	65708	96765	501378	294602	0	0	0	1062	1405	2284	1699	31689	14159	77	650535	52458	806	555558	583297	2251	3148	1621088	650437	2004852	1311287	2332907	11140825	18641854	0
FFQ	61	0	0	0	0	0	0	0	0	0	0	0	5051	3215	65741	126331	488675	320150	0	0	0	1112	1521	2470	1879	46023	20055	64	650293	52981	1037	558133	589308	2191	3206	1639054	665606	2008758	1324773	2343899	11155269	18461321	0
FFQ	62	0	0	0	0	0	0	0	0	0	0	0	5475	3441	69088	146155	498303	288443	0	0	0	1236	1675	2656	1976	55364	23513	56	666718	53643	1249	563583	597773	2363	3350	1655828	672156	2018031	1328035	2342799	11118343	18382722	0
FFQ	63	0	0	0	0	0	0	0	0	0	0	0	6108	3716	72901	176626	507893	283563	0	0	0	1357	1908	2852	2279	57393	24789	60	662770	54735	1361	579029	611422	2619	3510	1685464	688283	2037840	1342878	2354364	11085875	18215540	0
FFQ	64	0	0	27	0	0	0	0	0	0	0	61	6323	4140	85575	183859	500191	294826	0	10	8	1440	1973	6344	2420	64172	30358	375	667752	56198	2434	583378	623850	7671	5859	1711948	701488	2052390	1360794	2374851	11094201	18003661	0
FFQ	65	0	0	12	0	0	0	0	0	0	0	86	7118	4240	87008	191424	542431	310408	0	18	7	1478	2129	6839	2685	71288	33707	381	678027	58070	2723	592802	633764	8116	6060	1733077	711454	2070678	1370946	2382654	11099747	17776417	0
FFQ	66	0	0	74	0	0	0	0	0	0	0	103	7555	4738	90318	211592	541209	270576	0	15	9	1680	2431	6884	2914	80159	37717	365	704053	58035	3089	594265	639945	7907	6251	1759519	733845	2073120	1383172	2392624	11103364	17623759	0
FFQ	67	0	0	25	0	0	0	0	0	0	0	81	8027	4854	91776	228016	545258	269425	0	11	12	1771	2634	7208	3282	102402	47772	347	664164	58962	3327	596270	647792	8012	6382	1776834	743257	2082741	1394131	2396583	11114795	17487664	0
FFQ	68	0	0	0	0	0	0	0	0	0	0	2	8628	5184	83301	245770	559402	268484	0	0	0	1899	2832	4464	3456	116768	51349	12	663230	60159	2925	607485	655166	2978	4911	1808763	746907	2094811	1404768	2407410	11104998	17326421	0
FFQ	69	0	0	0	0	0	0	0	0	0	0	297	8969	6185	127531	249219	577944	266408	0	42	38	2001	3123	16502	3911	109770	56626	966	675816	61362	5607	616763	666633	19847	11522	1796794	754022	2100641	1404201	2398315	11019469	17226539	0
FFQ	70	0	0	0	0	0	0	0	0	0	0	189	9679	6359	113965	286292	571774	316074	0	28	29	2104	3246	12903	4302	140367	68495	663	711810	61606	5163	614648	675573	14319	9486	1835324	780710	2101486	1422125	2409556	10998577	16953059	0
FFQ	71	0	0	0	0	0	0	0	0	0	0	382	10422	7425	138596	334923	543607	280932	0	71	65	2466	4017	24254	5368	160528	85281	568	726110	62552	6645	623073	687133	13227	10550	1862596	799214	2115271	1430717	2408405	10935608	16788786	0
FFQ	72	0	0	2	0	0	0	0	0	0	0	305	10120	7352	130317	367297	493026	286345	0	58	41	2462	3798	18538	5341	171508	86329	1044	725479	63038	6695	620875	687779	21095	11969	1863502	813525	2119342	1445931	2425893	10951159	16663102	0
FFQ	73	0	0	0	0	0	0	0	0	0	0	264	10846	7738	129678	404940	499296	298986	0	45	49	2539	3990	17068	5485	182012	89593	993	708668	63875	6660	635916	702021	19491	11460	1892853	816697	2138546	1457780	2433409	10937415	16453233	0
FFQ	74	0	0	199	0	0	0	0	0	0	0	873	11040	9290	196031	310234	540424	309554	0	107	127	2698	4211	38239	5535	183161	103920	2722	684105	65305	11026	641770	712798	48598	22585	1863325	823489	2152275	1466162	2438464	10938723	16271016	0
FFQ	75	0	0	344	0	0	0	0	0	0	0	800	11530	9458	181987	397901	483486	281707	0	96	89	2941	4473	33409	5928	190309	104838	2247	692209	66126	10327	647877	721085	42278	19937	1893490	836509	2166205	1476375	2450519	10941217	16104874	0
FFQ	76	0	0	1	0	0	0	0	0	0	0	825	12207	10375	190404	402116	522245	298189	0	130	110	2988	4827	34780	6328	206267	112399	2303	667593	66708	10467	660231	735615	43359	20320	1917721	838175	2184140	1490274	2451086	10922674	15883936	0
FFQ	77	0	0	0	0	0	0	0	0	0	0	1101	12691	11821	227042	478396	444269	289442	0	159	167	3178	5170	46799	6780	227232	128828	3144	638137	68307	12751	669412	747007	56878	25794	1916240	842122	2194910	1496920	2455591	10905828	15696366	0
FFQ	78	0	0	0	0	0	0	0	0	0	0	1756	12418	13175	260014	489252	408369	300110	0	235	230	3223	5522	56931	7261	228810	137747	4102	635454	68520	15306	673967	752533	73983	30676	1895746	848736	2198180	1499288	2456342	10863426	15569164	0
FFQ	79	0	0	18	0	0	0	0	0	0	0	1833	11444	13163	270096	490598	307974	294824	0	227	275	3439	6024	69283	7986	229025	147242	4949	641621	69228	17588	677419	761431	87866	36114	1886904	859221	2205197	1509032	2457826	10839714	15409467	0
FFQ	80	0	0	0	0	0	0	0	0	0	0	990	6730	8024	168126	312234	195279	225691	0	113	126	3569	6294	75333	7974	230036	151538	5630	635466	70423	19074	686016	772798	97778	39935	1881436	868165	2208790	1510935	2452227	10768120	15248533	0
FFQ	81	0	0	0	0	0	0	0	0	0	0	0	0	0	0	0	0	0	0	0	0	5788	12088	171782	12254	762886	326291	4342	1091734	81931	11759	838995	1138243	83425	31517	2296504	875639	2351613	1500941	2151387	9061146	8375282	0
# Last Fragment Qualities. Use `grep ^LFQ | cut -f 2-` to extract this part.
# Columns correspond to qualities and rows to cycles. First column is the cycle number.
LFQ	1	0	0	0	0	0	0	0	0	0	0	0	0	0	0	0	0	0	0	0	0	0	0	0	0	0	0	0	713027	28214	0	323215	406826	0	0	1170893	530563	1411527	1007458	1875261	9754313	23987867	0
LFQ	2	0	0	812	0	0	0	0	0	0	0	0	0	0	0	52574	46003	479858	0	0	0	0	0	0	0	0	0	0	379647	29648	0	338584	409213	0	0	1057225	366023	1426940	931521	1881363	9846686	23921475	0
LFQ	3	0	0	1055	0	0	0	0	0	0	0	0	0	0	0	54958	48171	485349	0	0	0	0	0	0	0	0	0	0	442658	30103	0	338395	394670	0	0	1060006	405282	1416926	939249	1862942	9859018	23820233	0
LFQ	4	0	0	90	0	0	0	0	0	0	0	0	0	0	0	54838	48238	493371	0	0	0	0	0	0	0	0	0	0	464128	29980	0	340018	396580	0	0	1075210	418129	1423642	952768	1883359	9877360	23689751	0
LFQ	5	0	0	423	0	0	0	0	0	0	0	0	0	0	0	54122	47420	481115	0	0	0	0	0	0	0	0	0	0	469818	29800	0	336743	398083	0	0	1081837	422871	1428613	958801	1890891	9906287	23625508	0
LFQ	6	0	0	88	0	0	0	0	0	0	0	0	0	0	0	56216	49640	496001	0	0	0	0	0	0	0	0	0	0	473626	30672	0	347355	402926	0	0	1091541	422760	1443740	961636	1909886	9924998	23502480	0
LFQ	7	0	0	163	0	0	0	0	0	0	0	0	0	0	0	53083	47115	479554	0	0	0	0	0	0	0	0	0	0	470776	30154	0	339109	398016	0	0	1089132	430154	1439118	968113	1914202	9971906	23464605	0
LFQ	8	0	0	80	0	0	0	0	0	0	0	0	0	0	0	71155	61972	603048	0	0	0	0	0	0	0	0	0	0	498757	33268	0	370864	417072	0	0	1127137	436006	1478972	984887	1938739	9966263	23088968	0
LFQ	9	0	0	65	0	0	0	0	0	0	0	0	0	0	0	60509	53083	532115	0	0	0	0	0	0	0	0	0	0	558854	31897	0	355585	411008	0	0	1139160	473586	1480330	1006306	1961802	10042078	22953936	0
LFQ	10	0	0	292	0	0	0	0	0	0	0	0	0	0	0	61874	53656	536633	0	0	0	0	0	0	0	0	0	0	536676	32267	0	364456	416688	0	0	1147199	465258	1499188	1011293	1981292	10080465	22855467	0
LFQ	11	0	0	253	0	0	0	0	0	0	0	0	0	0	0	57071	50418	506708	0	0	0	0	0	0	0	0	0	0	517092	31956	0	358940	412794	0	0	1147111	466269	1503847	1022047	1988682	10184246	22778651	0
LFQ	12	0	0	225	0	0	0	0	0	0	0	0	0	0	0	57513	50774	515689	0	0	0	0	0	0	0	0	0	0	510879	32981	0	368711	422554	0	0	1163067	461283	1527085	1027001	2003623	10232393	22635393	0
LFQ	13	0	0	345	0	0	0	0	0	0	0	0	0	0	0	57088	50794	513787	0	0	0	0	0	0	0	0	0	0	502390	32957	0	369911	422033	0	0	1159516	457663	1531938	1027226	2010256	10283617	22573363	0
LFQ	14	0	0	117	0	0	0	0	0	0	0	0	0	0	0	54729	49110	500949	0	0	0	0	0	0	0	0	0	0	495883	33899	0	374784	422867	0	0	1166314	464445	1541620	1033780	2026419	10313155	22499087	0
LFQ	15	0	0	202	0	0	0	0	0	0	0	0	0	0	0	58424	52278	523865	0	0	0	0	0	0	0	0	3	0	488573	34554	0	382207	429003	0	0	1175452	461126	1554589	1037189	2045619	10338845	22379280	0
LFQ	16	0	0	599	0	0	0	0	0	0	0	0	0	0	0	59617	52778	529419	0	0	0	0	0	0	0	0	3	0	503340	34973	0	385682	432258	0	0	1189227	467318	1575708	1051272	2045367	10384322	22233850	0
LFQ	17	0	0	197	0	0	0	0	0	0	0	0	0	0	0	60331	54032	540234	0	0	0	0	0	0	0	0	2	0	508367	36159	0	400147	439359	0	0	1214573	479966	1605223	1068894	2073351	10472931	21976682	0
LFQ	18	0	0	782	0	0	0	0	0	0	0	0	0	0	1	61093	53817	533219	0	0	0	0	0	0	0	0	5	0	510268	36262	0	398217	439667	0	0	1216515	480351	1609725	1072164	2079522	10525602	21897185	0
LFQ	19	0	0	77	0	0	0	0	0	0	0	0	0	0	7	60979	53705	540244	0	0	0	0	0	0	0	0	12	2	514620	36362	0	404946	447897	0	0	1235353	487376	1625263	1085664	2088259	10565239	21753272	0
LFQ	20	0	0	881	0	0	0	0	0	0	0	0	0	0	263	62512	54126	544415	0	0	0	0	0	0	2	0	24	1	508028	36599	0	405008	444074	6	5	1232106	485226	1625231	1082734	2100357	10568410	21733905	0
LFQ	21	0	0	248	0	0	0	0	0	0	0	0	0	1	797	61500	54234	547686	0	0	0	0	0	0	7	0	20	1	518024	37481	0	419972	455224	14	8	1259839	498628	1658998	1102152	2122154	10614253	21517454	0
LFQ	22	0	0	40	0	0	0	0	0	0	0	0	0	9	837	62068	53904	541371	0	0	0	0	0	0	3	0	38	0	510128	37855	0	419642	453933	4	14	1264170	497095	1664664	1108526	2146391	10687506	21404974	0
LFQ	23	0	0	115	0	0	0	0	0	0	0	0	0	13	2244	64326	58228	580753	0	0	0	0	0	0	17	0	53	8	511956	41065	0	450374	472032	19	20	1309359	505838	1743318	1147785	2266154	10970013	20713645	0
LFQ	24	0	0	479	0	0	0	0	0	0	0	0	0	23	2858	65489	60672	594986	0	0	0	0	0	0	20	0	76	20	531635	41665	0	459593	480999	23	30	1338341	522223	1776610	1173716	2293007	11177273	20301633	0
LFQ	25	0	0	241	0	0	0	0	0	0	0	0	0	34	4026	65540	61627	607157	0	0	0	0	0	0	33	0	80	13	550183	42317	0	465017	487113	48	47	1360661	534839	1803286	1191367	2304856	11265383	20061421	0
LFQ	26	0	0	186	0	0	0	0	0	0	0	0	0	37	5616	65278	62025	613449	0	0	0	0	0	0	50	0	138	10	558737	43043	0	472010	493068	58	73	1377936	542859	1825463	1206383	2327195	11361654	19833830	0
LFQ	27	0	0	147	0	0	0	0	0	0	0	0	0	62	6634	69250	66322	659220	0	0	0	0	0	0	54	0	177	19	587838	45056	0	497349	514383	76	83	1435258	562598	1884420	1238716	2351597	11427712	19425692	0
LFQ	28	0	0	34	0	0	0	0	0	0	0	0	0	83	8607	64053	62846	628271	0	0	0	0	0	6	66	3	264	47	584646	43890	0	487352	508452	124	118	1431877	569227	1881155	1245534	2359783	11523741	19355825	0
LFQ	29	0	0	457	0	0	0	0	0	0	0	0	0	134	11854	65720	66633	664499	0	0	0	0	0	6	111	1	331	43	583121	45890	0	506306	522812	138	174	1460168	571929	1918261	1261670	2381843	11559989	19116722	0
LFQ	30	0	0	13	0	0	0	0	0	0	0	0	0	160	14369	67066	70621	694171	0	0	0	0	0	12	126	9	376	63	605518	46690	0	517104	532217	161	203	1489980	583860	1943550	1280161	2394567	11589304	18891562	0
LFQ	31	0	0	85	0	0	0	0	0	0	0	0	0	231	17496	65073	70424	689478	0	0	0	0	0	22	148	3	447	69	620370	46818	0	516723	534819	217	266	1500414	589768	1950035	1286628	2395003	11600015	18820258	0
LFQ	32	0	0	3	0	0	0	0	0	0	0	0	0	276	20322	60009	68248	674206	0	0	0	0	0	12	204	4	497	112	616358	47091	0	518885	535114	315	325	1505339	595779	1963650	1292147	2409178	11667412	18711913	0
LFQ	33	0	0	372	0	0	0	0	0	0	0	0	0	391	24469	59841	73655	717048	0	0	0	0	0	27	303	15	480	127	621336	48437	0	535375	545917	387	389	1525885	598237	1988666	1301541	2421641	11661310	18543769	0
LFQ	34	0	0	53	0	0	0	0	0	0	0	0	9	488	30255	55426	80481	714001	0	0	0	2	3	59	311	11	520	128	648113	50235	0	549669	559670	478	519	1564418	612906	2022392	1321511	2438293	11664690	18336773	0
LFQ	35	0	0	400	0	0	0	0	0	0	0	0	15	665	37581	50179	87184	721785	0	0	0	3	6	50	453	9	547	140	646034	51082	0	558910	567287	627	672	1588140	627285	2048911	1337509	2460149	11720513	18126884	0
LFQ	36	0	0	31	0	0	0	0	0	0	0	0	35	723	37961	54630	97289	748440	0	0	0	5	13	65	435	29	567	171	658461	51835	0	565882	574785	689	712	1607595	629536	2064892	1350119	2468986	11737986	17962165	0
LFQ	37	0	0	13	0	0	0	0	0	0	0	0	29	874	43030	50847	98822	755540	0	0	0	6	15	101	550	44	570	176	680495	52036	0	572743	578947	726	802	1620437	638151	2077205	1352458	2472235	11723664	17873952	0
LFQ	38	0	0	28	0	0	0	0	0	0	0	0	83	1071	47635	46719	125303	730019	0	0	0	20	36	118	660	35	618	176	686721	52829	0	575447	581509	826	927	1632577	642685	2088296	1361202	2478620	11720930	17799196	0
LFQ	39	0	0	226	0	0	0	0	0	0	0	0	86	1319	52079	47961	121680	773452	0	0	0	18	24	203	692	58	582	243	708492	54096	10	596120	597819	928	1020	1669357	656892	2121404	1379642	2491505	11726031	17551614	0
LFQ	40	0	0	3	0	0	0	0	0	0	0	0	174	1244	53664	53935	157410	782475	0	0	0	39	58	268	736	84	645	218	732477	55179	10	606124	607520	969	1138	1701377	671587	2146022	1397267	2512821	11738770	17309444	0
LFQ	41	0	0	25	0	0	0	0	0	0	0	0	175	1481	56988	52370	170524	767452	0	0	0	43	75	261	790	88	626	260	755694	55890	32	612002	614763	1016	1258	1721598	686296	2164375	1413028	2524443	11777592	17130256	0
LFQ	42	0	0	7	0	0	0	0	0	0	0	0	236	1594	58585	51005	190446	760365	0	0	0	58	91	501	750	160	645	296	761195	56746	21	619529	620680	1177	1297	1742220	691419	2180037	1424796	2540819	11757498	17024001	0
LFQ	43	0	0	21	0	0	0	0	0	0	0	0	283	1869	63032	55662	201719	799919	0	0	0	54	120	626	805	230	645	317	786518	58719	36	641179	640305	1166	1359	1784842	704750	2215567	1444955	2550800	11786045	16719989	0
LFQ	44	0	0	28	0	0	0	0	0	0	0	0	471	1875	63983	58353	240637	749802	0	0	0	104	184	727	863	2809	1733	339	794461	58020	82	638616	641341	1319	1479	1796170	718741	2217479	1453054	2561397	11793404	16638401	0
LFQ	45	0	0	17	0	0	0	0	0	0	0	0	550	1959	65559	59292	255643	727350	0	0	0	124	172	813	876	5757	3021	344	794041	58855	98	640025	644311	1286	1558	1805396	721980	2226728	1458391	2567921	11803295	16563180	0
LFQ	46	0	0	403	0	0	0	0	0	0	0	0	662	2256	67828	61055	294556	707207	0	0	0	164	220	1070	725	3180	1756	348	794857	59253	96	648152	651804	1319	1695	1819320	719656	2232158	1458647	2557746	11761034	16532450	0
LFQ	47	0	0	623	0	0	0	0	0	0	0	0	826	2247	71592	65951	312807	721517	0	0	0	180	312	1221	820	3404	1920	298	814590	60949	130	663014	662931	1445	1918	1850698	731972	2261713	1472132	2571052	11727405	16345879	0
LFQ	48	0	0	43	0	0	0	0	0	0	0	0	1097	2498	76999	73785	362294	749879	0	0	0	238	350	1460	709	12713	5881	359	833305	62485	192	673888	674428	1505	1887	1875626	745671	2269391	1483375	2574864	11692731	16140053	0
LFQ	49	0	0	231	0	0	0	0	0	0	0	0	1483	2671	81927	73207	445420	669980	0	0	0	331	500	1541	981	15845	7122	368	877413	62608	206	678361	685679	1586	2010	1907001	759389	2287999	1502402	2589365	11694586	15933509	0
LFQ	50	0	0	587	0	0	0	0	0	0	0	0	1900	2527	78538	96240	495020	598286	0	0	0	447	671	1811	953	17783	7786	302	899227	62170	370	672431	682303	1606	2200	1910636	782270	2273850	1506338	2592217	11710616	15848539	0
LFQ	51	0	0	29	0	0	0	0	0	0	0	0	2200	2795	84670	109118	502452	616356	0	0	0	461	690	2057	974	25424	10806	287	918681	64769	406	694157	702267	1679	2306	1953738	791279	2306638	1521821	2597819	11663027	15630684	0
LFQ	52	0	0	45	0	0	0	0	0	0	0	0	2650	2824	86334	117353	565595	580019	0	0	0	631	842	2078	1108	35507	15402	237	911323	65081	466	696512	707434	1774	2475	1973600	804968	2314759	1536971	2606245	11637023	15495610	0
LFQ	53	0	0	123	0	0	0	0	0	0	0	0	3071	3297	96835	129555	605533	610076	0	0	0	646	968	2348	1146	32663	14310	260	959685	67422	611	713804	727522	1911	2560	2017615	820325	2337045	1548766	2611103	11582373	15225685	0
LFQ	54	0	0	246	0	0	0	0	0	0	0	0	3789	3138	93708	142778	681584	507723	0	0	0	861	1229	2339	1530	50953	22608	179	962898	66955	727	711467	729726	2067	2782	2031773	836416	2339812	1559172	2618085	11581433	15111597	0
LFQ	55	0	0	272	0	0	0	0	0	0	0	38	4277	3315	105061	142615	702662	466058	0	5	5	977	1288	5853	1750	46920	23489	478	982222	67584	1656	718138	736911	7632	5014	2042989	848527	2350071	1570275	2627718	11583343	14966232	0
LFQ	56	0	0	192	0	0	0	0	0	0	0	0	4822	3210	96512	183388	750141	417886	0	0	0	1074	1567	2377	2023	55630	24429	51	962235	68896	894	725767	746968	2066	3067	2073797	852728	2357683	1576181	2627372	11557693	14855586	0
LFQ	57	0	0	253	0	0	0	0	0	0	0	1	5672	3549	102058	211700	785933	408166	0	0	0	1138	1747	2659	2274	75620	33583	57	966455	71015	1216	736145	764204	2268	3269	2117425	871083	2375330	1594545	2636432	11538215	14578582	0
LFQ	58	0	0	84	0	0	0	0	0	0	0	113	5784	4067	135339	213459	788944	431025	0	17	9	1257	1881	11113	2423	79784	42054	804	972968	71700	3294	733170	773567	14025	8039	2111186	885684	2366507	1599606	2637648	11484664	14442713	0
LFQ	59	0	0	214	0	0	0	0	0	0	0	0	6301	3921	109104	275678	788051	403387	0	0	0	1406	1989	3349	2651	107268	47363	48	978593	71829	1885	731682	774398	2045	3484	2145622	894945	2360417	1600680	2637244	11444856	14351466	0
LFQ	60	0	0	2	0	0	0	0	0	0	0	67	7157	4295	127796	266709	845650	396030	0	5	8	1542	2254	8061	3045	118837	55906	392	1011069	73035	2751	754252	793567	8333	6076	2178671	911301	2389395	1615615	2640100	11369159	14080302	0
LFQ	61	0	0	0	0	0	0	0	0	0	0	122	7065	4557	141160	282038	813924	417296	0	16	20	1561	2355	13026	3253	129125	64399	796	1017893	72859	3901	753101	801485	14705	8720	2193554	935814	2393684	1633460	2645652	11343191	13888948	0
LFQ	62	0	0	29	0	0	0	0	0	0	0	71	7744	4813	128134	323238	793918	393189	0	9	14	1621	2501	9224	3450	172700	81202	353	957497	74687	3569	746351	806377	8394	6495	2219567	945013	2386923	1637867	2659552	11350204	13773701	0
LFQ	63	0	0	0	0	0	0	0	0	0	0	57	7991	5115	130930	384231	760198	400310	0	10	8	1790	2611	9688	3620	194006	90147	398	921801	75340	3623	753568	810306	8787	6649	2222743	942219	2392898	1639158	2648105	11327876	13660869	0
LFQ	64	0	0	1	0	0	0	0	0	0	0	375	8094	5917	187418	341997	795565	407101	0	57	48	1946	2822	26551	3961	190274	99235	1755	932694	77103	7423	769217	826134	32226	15518	2207466	947013	2405810	1644295	2643482	11252880	13469824	0
LFQ	65	0	0	1	0	0	0	0	0	0	0	295	8851	6350	188369	381551	807220	400605	0	40	24	2014	3039	25790	4171	224158	113164	1534	918129	77678	6793	782249	836307	28129	14373	2241581	962102	2415765	1652420	2645275	11158712	13292037	0
LFQ	66	0	0	2	0	0	0	0	0	0	0	343	9475	6799	193229	417602	813663	407733	0	32	35	2080	3403	26575	4627	218730	112346	1479	960919	77740	6874	782723	848300	28579	14727	2258014	969351	2412518	1655676	2633381	11067123	13152867	0
LFQ	67	0	0	216	0	0	0	0	0	0	0	719	9073	7732	247649	455800	685711	446542	0	74	114	2195	3466	46848	4893	231017	132692	3183	934562	78675	11440	784678	858319	56853	25282	2235649	991048	2423854	1677445	2651728	11116189	12845591	0
LFQ	68	0	0	1	0	0	0	0	0	0	0	545	9891	7759	218431	453067	777295	402614	0	55	62	2288	3677	34700	5319	261855	137276	2131	929296	79082	8965	787857	857687	39225	19003	2272788	990911	2417275	1670234	2637349	11024026	12790968	0
LFQ	69	0	0	1	0	0	0	0	0	0	0	502	10694	8233	229203	520399	764498	397954	0	68	79	2557	3924	37178	5369	281155	146497	2119	915954	79836	9039	795366	867424	39443	18868	2283707	993859	2414844	1665290	2621276	10908341	12684573	0
LFQ	70	0	0	9	0	0	0	0	0	0	0	752	10507	9113	259075	685594	554070	408568	0	102	105	2576	3978	47838	5948	308902	167447	2866	871358	79617	11045	793950	871560	52998	22829	2270903	996752	2418088	1671456	2627913	10887865	12526325	0
LFQ	71	0	0	386	0	0	0	0	0	0	0	1143	10336	10330	313129	582374	639710	414619	0	140	156	2636	4282	64892	6269	297654	175723	4253	893916	80531	14897	800248	880175	75134	31818	2238827	1000999	2417539	1672004	2616825	10819567	12348986	0
LFQ	72	0	0	1	0	0	0	0	0	0	0	1250	10990	11096	336253	599317	664813	432437	0	172	154	2657	4606	69998	6769	319651	189860	4432	897033	81796	15223	812474	892417	80208	33582	2252719	1007687	2419870	1672137	2601309	10706812	12132246	0
LFQ	73	0	0	0	0	0	0	0	0	0	0	842	11943	10420	279289	726458	605282	418489	0	89	108	2802	4884	54387	7109	332304	183626	3130	940399	81701	11963	809437	892079	58433	25449	2297831	1020214	2411186	1677862	2599141	10650165	11977181	0
LFQ	74	0	0	3	0	0	0	0	0	0	0	1513	11865	12401	372963	696681	609683	465847	0	186	206	3043	5295	82578	7489	339778	205292	4788	922472	83090	16563	822255	909772	88471	37428	2274373	1036415	2418827	1680056	2583986	10534609	11689502	0
LFQ	75	0	0	28	0	0	0	0	0	0	0	1881	11499	13351	399232	816180	426140	417251	0	244	275	2988	5604	96092	7660	341952	216884	6131	922681	82770	20423	807345	907462	108151	43797	2238580	1046567	2401650	1684728	2582672	10506040	11619034	0
LFQ	76	0	0	291	0	0	0	0	0	0	0	1937	11904	14084	412099	842590	419618	411538	0	218	278	3131	5814	98172	7974	336173	215736	6309	898798	83052	20688	811062	908372	112950	45228	2223881	1037741	2401157	1678633	2572888	10443703	11515664	0
LFQ	77	0	0	198	0	0	0	0	0	0	0	1807	12458	13708	399181	917119	367422	408348	0	210	254	3251	5759	95567	8373	347584	217932	5482	909538	83257	18942	811300	907892	102576	41334	2234033	1032134	2390873	1670251	2560424	10379394	11394548	0
LFQ	78	0	0	936	0	0	0	0	0	0	0	1934	12736	14503	414649	863488	429941	423174	0	220	291	3456	6168	100198	8859	346606	222730	6010	937611	84037	19681	820263	916752	109365	43644	2239575	1031616	2384421	1663446	2539248	10263753	11198558	0
LFQ	79	0	0	0	0	0	0	0	0	0	0	2657	10633	15321	471353	779783	307867	389284	0	329	411	3448	6770	137313	9233	310416	232041	8315	930947	83679	26402	811734	917173	151436	60086	2154647	1039645	2370045	1659437	2532795	10194962	11110338	0
LFQ	80	0	0	59	0	0	0	0	0	0	0	1807	5268	9891	304597	422692	196185	346138	0	241	281	3438	7150	164718	9096	291677	244231	11169	918209	84171	33184	814396	927850	194432	75230	2083790	1040798	2362396	1654218	2510999	10081405	10887353	0
LFQ	81	0	0	0	0	0	0	0	0	0	0	0	0	0	0	0	0	0	0	0	0	4352	9840	306556	10367	590354	349056	7846	1486011	96901	19936	960411	1207788	142210	52831	2456236	998901	2534228	1589136	2056852	7773891	5323759	0
# GC Content of first fragments. Use `grep ^GCF | cut -f 2-` to extract this part.
GCF	0.50	9061
GCF	1.26	9049
GCF	1.76	9048
GCF	2.26	9042
GCF	2.76	9051
GCF	3.27	9064
GCF	3.77	9123
GCF	4.27	9164
GCF	4.77	9178
GCF	5.28	9192
GCF	5.78	9193
GCF	6.28	9222
GCF	6.78	9211
GCF	7.29	9219
GCF	7.79	9260
GCF	8.29	9240
GCF	8.79	9309
GCF	9.30	9418
GCF	9.80	9515
GCF	10.30	9591
GCF	10.80	9620
GCF	11.31	9820
GCF	11.81	9940
GCF	12.31	10282
GCF	12.81	10398
GCF	13.32	10552
GCF	13.82	11010
GCF	14.32	11286
GCF	14.82	12159
GCF	15.33	12462
GCF	15.83	13863
GCF	16.33	14396
GCF	16.83	14906
GCF	17.34	18153
GCF	17.84	18454
GCF	18.34	23114
GCF	18.84	24606
GCF	19.35	24936
GCF	19.85	35420
GCF	20.35	35869
GCF	20.85	47842
GCF	21.36	51597
GCF	21.86	52317
GCF	22.36	75103
GCF	22.86	76168
GCF	23.37	102231
GCF	23.87	109470
GCF	24.37	110180
GCF	24.87	153062
GCF	25.38	154255
GCF	25.88	196758
GCF	26.38	208229
GCF	26.88	209480
GCF	27.39	271620
GCF	27.89	273647
GCF	28.39	332558
GCF	28.89	347572
GCF	29.40	412082
GCF	29.90	428501
GCF	30.40	430871
GCF	30.90	505371
GCF	31.41	525894
GCF	31.91	602385
GCF	32.41	621800
GCF	32.91	623826
GCF	33.42	709243
GCF	33.92	730233
GCF	34.42	821630
GCF	34.92	843144
GCF	35.43	846463
GCF	35.93	934634
GCF	36.43	956791
GCF	36.93	1042898
GCF	37.44	1065548
GCF	37.94	1068642
GCF	38.44	1150527
GCF	38.94	1170496
GCF	39.45	1242064
GCF	39.95	1258567
GCF	40.45	1261383
GCF	40.95	1314501
GCF	41.46	1329142
GCF	41.96	1372030
GCF	42.46	1381952
GCF	42.96	1410554
GCF	43.47	1411496
GCF	43.97	1418575
GCF	44.47	1440215
GCF	44.97	1446911
GCF	45.48	1459209
GCF	45.98	1460269
GCF	46.48	1463332
GCF	46.98	1468849
GCF	47.49	1470923
GCF	47.99	1474220
GCF	48.49	1475968
GCF	48.99	1479279
GCF	49.50	1487099
GCF	50.00	1495530
GCF	50.50	1511447
GCF	51.01	1516734
GCF	51.51	1518056
GCF	52.01	1536049
GCF	52.51	1543773
GCF	53.02	1569778
GCF	53.52	1576846
GCF	54.02	1578349
GCF	54.52	1598059
GCF	55.03	1606672
GCF	55.53	1625884
GCF	56.03	1630439
GCF	56.53	1632289
GCF	57.04	1634799
GCF	57.54	1636711
GCF	58.04	1619064
GCF	58.54	1612804
GCF	59.05	1573481
GCF	59.55	1573136
GCF	60.05	1561103
GCF	60.55	1496650
GCF	61.06	1479136
GCF	61.56	1399124
GCF	62.06	1397754
GCF	62.56	1375974
GCF	63.07	1275745
GCF	63.57	1247903
GCF	64.07	1136633
GCF	64.57	1133133
GCF	65.08	1103421
GCF	65.58	983482
GCF	66.08	951884
GCF	66.58	828777
GCF	67.09	824066
GCF	67.59	791618
GCF	68.09	676801
GCF	68.59	644589
GCF	69.10	539837
GCF	69.60	535157
GCF	70.10	507522
GCF	70.60	420398
GCF	71.11	397704
GCF	71.61	325729
GCF	72.11	321193
GCF	72.61	246816
GCF	73.12	243492
GCF	73.62	227655
GCF	74.12	185283
GCF	74.62	182829
GCF	75.13	139946
GCF	75.63	137742
GCF	76.13	128967
GCF	76.63	106591
GCF	77.14	103650
GCF	77.64	81956
GCF	78.14	80052
GCF	78.64	75189
GCF	79.15	64009
GCF	79.65	62770
GCF	80.15	50532
GCF	80.65	49438
GCF	81.16	46950
GCF	81.66	41239
GCF	82.16	40340
GCF	82.66	34731
GCF	83.17	32660
GCF	83.67	31406
GCF	84.17	27985
GCF	84.67	27032
GCF	85.18	23911
GCF	85.68	22521
GCF	86.18	20486
GCF	86.68	20006
GCF	87.19	19639
GCF	87.69	17549
GCF	88.19	17204
GCF	88.69	15752
GCF	89.20	15587
GCF	89.70	15308
GCF	90.20	14363
GCF	90.70	13881
GCF	91.21	13600
GCF	91.71	13284
GCF	92.21	13044
GCF	92.71	12762
GCF	93.22	12637
GCF	93.72	12433
GCF	94.22	12278
GCF	94.72	12224
GCF	95.23	12122
GCF	95.73	12070
GCF	96.23	12019
GCF	96.73	11993
GCF	97.24	11985
GCF	97.74	11980
GCF	98.99	11978
# GC Content of last fragments. Use `grep ^GCL | cut -f 2-` to extract this part.
GCL	0.50	29394
GCL	1.26	29391
GCL	1.76	29385
GCL	2.26	29380
GCL	2.76	29374
GCL	3.27	29400
GCL	3.77	29470
GCL	4.27	29497
GCL	4.77	29518
GCL	5.28	29552
GCL	5.78	29576
GCL	6.28	29619
GCL	6.78	29678
GCL	7.29	29721
GCL	7.79	29807
GCL	8.29	29897
GCL	8.79	29989
GCL	9.30	30226
GCL	9.80	30519
GCL	10.30	30608
GCL	10.80	30663
GCL	11.31	31093
GCL	11.81	31269
GCL	12.31	32066
GCL	12.81	32211
GCL	13.32	32488
GCL	13.82	33127
GCL	14.32	33981
GCL	14.82	35158
GCL	15.33	35619
GCL	15.83	37444
GCL	16.33	38264
GCL	16.83	39986
GCL	17.34	44184
GCL	17.84	44866
GCL	18.34	50550
GCL	18.84	53008
GCL	19.35	53768
GCL	19.85	66748
GCL	20.35	67875
GCL	20.85	80845
GCL	21.36	86246
GCL	21.86	87621
GCL	22.36	112084
GCL	22.86	114570
GCL	23.37	140053
GCL	23.87	149622
GCL	24.37	151534
GCL	24.87	197607
GCL	25.38	199961
GCL	25.88	241943
GCL	26.38	256501
GCL	26.88	259497
GCL	27.39	320961
GCL	27.89	324844
GCL	28.39	383023
GCL	28.89	401412
GCL	29.40	461836
GCL	29.90	482462
GCL	30.40	487312
GCL	30.90	556646
GCL	31.41	579600
GCL	31.91	654136
GCL	32.41	676677
GCL	32.91	681368
GCL	33.42	765337
GCL	33.92	789340
GCL	34.42	873806
GCL	34.92	897764
GCL	35.43	904254
GCL	35.93	986590
GCL	36.43	1012357
GCL	36.93	1092946
GCL	37.44	1118307
GCL	37.94	1124895
GCL	38.44	1198763
GCL	38.94	1218952
GCL	39.45	1282727
GCL	39.95	1305293
GCL	40.45	1310574
GCL	40.95	1356886
GCL	41.46	1372772
GCL	41.96	1412007
GCL	42.46	1423203
GCL	42.96	1449441
GCL	43.47	1452666
GCL	43.97	1462500
GCL	44.47	1484151
GCL	44.97	1489756
GCL	45.48	1501585
GCL	45.98	1504230
GCL	46.48	1510251
GCL	46.98	1512533
GCL	47.49	1515246
GCL	47.99	1516165
GCL	48.49	1519685
GCL	48.99	1522146
GCL	49.50	1529717
GCL	50.00	1548125
GCL	50.50	1558760
GCL	51.01	1564872
GCL	51.51	1568795
GCL	52.01	1587245
GCL	52.51	1597112
GCL	53.02	1617421
GCL	53.52	1625960
GCL	54.02	1630397
GCL	54.52	1650300
GCL	55.03	1660300
GCL	55.53	1682787
GCL	56.03	1689650
GCL	56.53	1692854
GCL	57.04	1691489
GCL	57.54	1693123
GCL	58.04	1681138
GCL	58.54	1677176
GCL	59.05	1641115
GCL	59.55	1640461
GCL	60.05	1627325
GCL	60.55	1569727
GCL	61.06	1550607
GCL	61.56	1478444
GCL	62.06	1473190
GCL	62.56	1448008
GCL	63.07	1354708
GCL	63.57	1325929
GCL	64.07	1225752
GCL	64.57	1216436
GCL	65.08	1181155
GCL	65.58	1068033
GCL	66.08	1032311
GCL	66.58	918577
GCL	67.09	908216
GCL	67.59	872690
GCL	68.09	766312
GCL	68.59	727313
GCL	69.10	628914
GCL	69.60	617840
GCL	70.10	585520
GCL	70.60	502267
GCL	71.11	474763
GCL	71.61	403754
GCL	72.11	394752
GCL	72.61	323313
GCL	73.12	315980
GCL	73.62	296582
GCL	74.12	255347
GCL	74.62	250448
GCL	75.13	205925
GCL	75.63	201055
GCL	76.13	189602
GCL	76.63	166879
GCL	77.14	160886
GCL	77.64	138914
GCL	78.14	135419
GCL	78.64	128651
GCL	79.15	116720
GCL	79.65	114400
GCL	80.15	99245
GCL	80.65	97254
GCL	81.16	93389
GCL	81.66	86764
GCL	82.16	84854
GCL	82.66	79046
GCL	83.17	74070
GCL	83.67	72329
GCL	84.17	68831
GCL	84.67	67149
GCL	85.18	63804
GCL	85.68	60314
GCL	86.18	58114
GCL	86.68	57327
GCL	87.19	56684
GCL	87.69	53337
GCL	88.19	52665
GCL	88.69	50101
GCL	89.20	49879
GCL	89.70	49537
GCL	90.20	48010
GCL	90.70	47030
GCL	91.21	46743
GCL	91.71	46162
GCL	92.21	45667
GCL	92.71	45247
GCL	93.22	44988
GCL	93.72	44739
GCL	94.22	44547
GCL	94.72	44466
GCL	95.23	44347
GCL	95.73	44268
GCL	96.23	44206
GCL	96.73	44174
GCL	97.24	44162
GCL	97.74	44141
GCL	98.24	44140
GCL	99.25	44139
# ACGT content per cycle. Use `grep ^GCC | cut -f 2-` to extract this part. The columns are: cycle; A,C,G,T base counts as a percentage of all A/C/G/T bases [%]; and N and O counts as a percentage of all A/C/G/T bases [%]
GCC	1	24.87	24.87	25.10	25.16	0.00	0.00
GCC	2	24.93	24.83	25.04	25.20	0.00	0.00
GCC	3	24.99	24.76	24.98	25.28	0.00	0.00
GCC	4	24.84	24.92	25.10	25.14	0.00	0.00
GCC	5	24.89	24.87	25.06	25.19	0.00	0.00
GCC	6	24.94	24.83	24.99	25.24	0.00	0.00
GCC	7	24.80	24.96	25.13	25.11	0.00	0.00
GCC	8	24.87	24.90	25.06	25.17	0.00	0.00
GCC	9	24.92	24.85	25.01	25.23	0.00	0.00
GCC	10	24.78	24.98	25.13	25.11	0.00	0.00
GCC	11	24.82	24.96	25.11	25.11	0.00	0.00
GCC	12	24.89	24.89	25.03	25.19	0.00	0.00
GCC	13	24.74	25.04	25.16	25.06	0.00	0.00
GCC	14	24.78	25.00	25.11	25.10	0.00	0.00
GCC	15	24.83	24.96	25.04	25.17	0.00	0.00
GCC	16	24.71	25.06	25.17	25.06	0.00	0.00
GCC	17	24.75	25.03	25.15	25.07	0.00	0.00
GCC	18	24.80	24.98	25.06	25.16	0.00	0.00
GCC	19	24.69	25.10	25.17	25.05	0.00	0.00
GCC	20	24.71	25.07	25.15	25.06	0.00	0.00
GCC	21	24.80	24.99	25.07	25.14	0.00	0.00
GCC	22	24.68	25.13	25.18	25.01	0.00	0.00
GCC	23	24.69	25.11	25.16	25.04	0.00	0.00
GCC	24	24.75	25.05	25.08	25.11	0.00	0.00
GCC	25	24.63	25.17	25.19	25.01	0.00	0.00
GCC	26	24.67	25.14	25.17	25.02	0.00	0.00
GCC	27	24.74	25.06	25.10	25.10	0.00	0.00
GCC	28	24.60	25.19	25.21	25.00	0.00	0.00
GCC	29	24.66	25.16	25.16	25.02	0.00	0.00
GCC	30	24.71	25.08	25.09	25.11	0.00	0.00
GCC	31	24.60	25.21	25.20	24.99	0.00	0.00
GCC	32	24.63	25.18	25.17	25.02	0.00	0.00
GCC	33	24.69	25.12	25.09	25.09	0.00	0.00
GCC	34	24.58	25.23	25.21	24.98	0.00	0.00
GCC	35	24.62	25.20	25.18	25.01	0.00	0.00
GCC	36	24.67	25.15	25.10	25.08	0.00	0.00
GCC	37	24.57	25.25	25.20	24.99	0.00	0.00
GCC	38	24.60	25.23	25.17	25.01	0.00	0.00
GCC	39	24.67	25.16	25.10	25.07	0.00	0.00
GCC	40	24.56	25.26	25.19	24.98	0.00	0.00
GCC	41	24.59	25.24	25.18	24.99	0.00	0.00
GCC	42	24.64	25.19	25.11	25.06	0.00	0.00
GCC	43	24.55	25.27	25.20	24.98	0.00	0.00
GCC	44	24.57	25.24	25.18	25.01	0.00	0.00
GCC	45	24.63	25.18	25.12	25.07	0.00	0.00
GCC	46	24.53	25.31	25.21	24.96	0.00	0.00
GCC	47	24.58	25.26	25.18	24.98	0.00	0.00
GCC	48	24.64	25.20	25.10	25.07	0.00	0.00
GCC	49	24.52	25.31	25.22	24.95	0.00	0.00
GCC	50	24.57	25.27	25.19	24.97	0.00	0.00
GCC	51	24.62	25.22	25.12	25.04	0.00	0.00
GCC	52	24.53	25.30	25.20	24.97	0.00	0.00
GCC	53	24.57	25.27	25.18	24.99	0.00	0.00
GCC	54	24.63	25.22	25.10	25.05	0.00	0.00
GCC	55	24.54	25.32	25.19	24.95	0.00	0.00
GCC	56	24.56	25.28	25.17	24.99	0.00	0.00
GCC	57	24.62	25.22	25.11	25.05	0.00	0.00
GCC	58	24.53	25.32	25.19	24.96	0.00	0.00
GCC	59	24.56	25.28	25.17	24.99	0.00	0.00
GCC	60	24.62	25.22	25.10	25.05	0.00	0.00
GCC	61	24.53	25.30	25.19	24.98	0.00	0.00
GCC	62	24.57	25.26	25.16	25.01	0.00	0.00
GCC	63	24.62	25.21	25.09	25.07	0.00	0.00
GCC	64	24.54	25.31	25.19	24.96	0.00	0.00
GCC	65	24.55	25.27	25.16	25.01	0.00	0.00
GCC	66	24.62	25.22	25.09	25.07	0.00	0.00
GCC	67	24.54	25.30	25.18	24.98	0.00	0.00
GCC	68	24.56	25.27	25.17	25.00	0.00	0.00
GCC	69	24.61	25.22	25.11	25.06	0.00	0.00
GCC	70	24.54	25.30	25.19	24.97	0.00	0.00
GCC	71	24.58	25.27	25.16	25.00	0.00	0.00
GCC	72	24.63	25.21	25.09	25.07	0.00	0.00
GCC	73	24.55	25.29	25.16	25.00	0.00	0.00
GCC	74	24.58	25.26	25.15	25.02	0.00	0.00
GCC	75	24.63	25.20	25.09	25.08	0.00	0.00
GCC	76	24.56	25.27	25.16	25.00	0.00	0.00
GCC	77	24.60	25.25	25.13	25.02	0.00	0.00
GCC	78	24.65	25.19	25.08	25.09	0.00	0.00
GCC	79	24.57	25.26	25.16	25.01	0.00	0.00
GCC	80	24.60	25.25	25.13	25.03	0.00	0.00
GCC	81	23.92	25.81	25.81	24.46	0.00	0.00
# ACGT content per cycle, read oriented. Use `grep ^GCT | cut -f 2-` to extract this part. The columns are: cycle; A,C,G,T base counts as a percentage of all A/C/G/T bases [%]
GCT	1	24.61	25.29	24.68	25.42
GCT	2	24.77	25.12	24.75	25.36
GCT	3	24.83	25.04	24.69	25.44
GCT	4	24.66	25.28	24.74	25.32
GCT	5	24.79	25.12	24.80	25.28
GCT	6	24.81	25.07	24.74	25.37
GCT	7	24.66	25.28	24.81	25.25
GCT	8	24.80	25.11	24.85	25.24
GCT	9	24.85	25.04	24.82	25.30
GCT	10	24.66	25.24	24.87	25.23
GCT	11	24.79	25.12	24.95	25.14
GCT	12	24.83	25.06	24.86	25.25
GCT	13	24.68	25.26	24.94	25.12
GCT	14	24.77	25.15	24.97	25.11
GCT	15	24.79	25.09	24.90	25.21
GCT	16	24.66	25.26	24.96	25.12
GCT	17	24.76	25.16	25.02	25.07
GCT	18	24.77	25.13	24.91	25.19
GCT	19	24.65	25.29	24.97	25.09
GCT	20	24.73	25.18	25.04	25.05
GCT	21	24.82	25.10	24.97	25.11
GCT	22	24.66	25.29	25.03	25.03
GCT	23	24.72	25.19	25.08	25.01
GCT	24	24.76	25.15	24.99	25.11
GCT	25	24.62	25.31	25.05	25.01
GCT	26	24.73	25.21	25.10	24.96
GCT	27	24.77	25.15	25.02	25.07
GCT	28	24.59	25.34	25.06	25.01
GCT	29	24.74	25.22	25.10	24.94
GCT	30	24.77	25.16	25.01	25.06
GCT	31	24.62	25.33	25.09	24.96
GCT	32	24.72	25.24	25.11	24.92
GCT	33	24.76	25.18	25.04	25.03
GCT	34	24.61	25.35	25.09	24.95
GCT	35	24.71	25.23	25.15	24.91
GCT	36	24.75	25.22	25.03	25.00
GCT	37	24.62	25.35	25.10	24.93
GCT	38	24.70	25.27	25.12	24.90
GCT	39	24.76	25.21	25.05	24.98
GCT	40	24.64	25.36	25.10	24.90
GCT	41	24.72	25.27	25.15	24.86
GCT	42	24.73	25.22	25.07	24.97
GCT	43	24.61	25.35	25.12	24.92
GCT	44	24.73	25.26	25.16	24.85
GCT	45	24.75	25.21	25.10	24.95
GCT	46	24.63	25.38	25.13	24.86
GCT	47	24.73	25.27	25.17	24.83
GCT	48	24.78	25.22	25.08	24.93
GCT	49	24.62	25.38	25.14	24.85
GCT	50	24.74	25.26	25.19	24.80
GCT	51	24.77	25.23	25.11	24.89
GCT	52	24.68	25.35	25.15	24.82
GCT	53	24.77	25.24	25.20	24.78
GCT	54	24.79	25.20	25.12	24.89
GCT	55	24.66	25.34	25.17	24.82
GCT	56	24.75	25.25	25.20	24.80
GCT	57	24.79	25.19	25.14	24.88
GCT	58	24.68	25.33	25.17	24.81
GCT	59	24.77	25.25	25.20	24.78
GCT	60	24.81	25.19	25.13	24.86
GCT	61	24.73	25.32	25.18	24.77
GCT	62	24.80	25.23	25.19	24.78
GCT	63	24.84	25.16	25.15	24.86
GCT	64	24.72	25.33	25.17	24.78
GCT	65	24.82	25.23	25.21	24.74
GCT	66	24.84	25.19	25.12	24.85
GCT	67	24.74	25.32	25.16	24.78
GCT	68	24.80	25.25	25.19	24.76
GCT	69	24.83	25.21	25.12	24.83
GCT	70	24.74	25.32	25.17	24.77
GCT	71	24.82	25.25	25.18	24.75
GCT	72	24.87	25.19	25.11	24.82
GCT	73	24.77	25.31	25.14	24.78
GCT	74	24.87	25.23	25.17	24.73
GCT	75	24.89	25.20	25.09	24.82
GCT	76	24.80	25.32	25.12	24.76
GCT	77	24.88	25.24	25.14	24.74
GCT	78	24.92	25.20	25.07	24.81
GCT	79	24.82	25.32	25.10	24.76
GCT	80	24.89	25.31	25.07	24.74
GCT	81	24.65	27.79	23.83	23.73
# ACGT content per cycle for first fragments. Use `grep ^FBC | cut -f 2-` to extract this part. The columns are: cycle; A,C,G,T base counts as a percentage of all A/C/G/T bases [%]; and N and O counts as a percentage of all A/C/G/T bases [%]
FBC	1	24.98	24.84	25.18	25.00	0.00	0.00
FBC	2	25.01	24.85	25.08	25.06	0.00	0.00
FBC	3	25.06	24.79	25.04	25.11	0.00	0.00
FBC	4	24.94	24.90	25.15	25.00	0.00	0.00
FBC	5	24.94	24.89	25.11	25.07	0.00	0.00
FBC	6	24.99	24.86	25.05	25.09	0.00	0.00
FBC	7	24.89	24.96	25.17	24.98	0.00	0.00
FBC	8	24.92	24.93	25.11	25.04	0.00	0.00
FBC	9	24.97	24.88	25.06	25.09	0.00	0.00
FBC	10	24.85	24.98	25.18	24.99	0.00	0.00
FBC	11	24.85	25.00	25.13	25.02	0.00	0.00
FBC	12	24.93	24.93	25.08	25.06	0.00	0.00
FBC	13	24.79	25.06	25.20	24.95	0.00	0.00
FBC	14	24.82	25.03	25.14	25.01	0.00	0.00
FBC	15	24.87	25.00	25.08	25.06	0.00	0.00
FBC	16	24.78	25.06	25.21	24.95	0.00	0.00
FBC	17	24.77	25.06	25.17	24.99	0.00	0.00
FBC	18	24.83	25.00	25.11	25.05	0.00	0.00
FBC	19	24.74	25.09	25.20	24.97	0.00	0.00
FBC	20	24.74	25.10	25.16	24.99	0.00	0.00
FBC	21	24.83	25.03	25.10	25.03	0.00	0.00
FBC	22	24.74	25.12	25.23	24.91	0.00	0.00
FBC	23	24.71	25.13	25.18	24.98	0.00	0.00
FBC	24	24.77	25.09	25.13	25.01	0.00	0.00
FBC	25	24.66	25.17	25.23	24.94	0.00	0.00
FBC	26	24.69	25.17	25.19	24.95	0.00	0.00
FBC	27	24.74	25.09	25.17	25.00	0.00	0.00
FBC	28	24.65	25.19	25.25	24.92	0.00	0.00
FBC	29	24.68	25.18	25.17	24.96	0.00	0.00
FBC	30	24.73	25.10	25.14	25.02	0.00	0.00
FBC	31	24.64	25.20	25.25	24.91	0.00	0.00
FBC	32	24.64	25.21	25.18	24.97	0.00	0.00
FBC	33	24.71	25.16	25.11	25.02	0.00	0.00
FBC	34	24.62	25.22	25.25	24.90	0.00	0.00
FBC	35	24.64	25.21	25.18	24.97	0.00	0.00
FBC	36	24.68	25.18	25.15	25.00	0.00	0.00
FBC	37	24.60	25.24	25.24	24.92	0.00	0.00
FBC	38	24.60	25.24	25.19	24.97	0.00	0.00
FBC	39	24.69	25.18	25.13	25.00	0.00	0.00
FBC	40	24.59	25.25	25.22	24.93	0.00	0.00
FBC	41	24.60	25.25	25.21	24.94	0.00	0.00
FBC	42	24.66	25.22	25.14	24.98	0.00	0.00
FBC	43	24.58	25.26	25.22	24.93	0.00	0.00
FBC	44	24.57	25.25	25.20	24.98	0.00	0.00
FBC	45	24.64	25.20	25.16	25.00	0.00	0.00
FBC	46	24.57	25.29	25.24	24.89	0.00	0.00
FBC	47	24.59	25.27	25.19	24.95	0.00	0.00
FBC	48	24.65	25.22	25.13	25.00	0.00	0.00
FBC	49	24.55	25.30	25.25	24.90	0.00	0.00
FBC	50	24.58	25.29	25.21	24.93	0.00	0.00
FBC	51	24.63	25.24	25.16	24.98	0.00	0.00
FBC	52	24.55	25.28	25.23	24.93	0.00	0.00
FBC	53	24.57	25.29	25.19	24.96	0.00	0.00
FBC	54	24.63	25.23	25.14	25.00	0.00	0.00
FBC	55	24.55	25.31	25.23	24.91	0.00	0.00
FBC	56	24.56	25.29	25.19	24.96	0.00	0.00
FBC	57	24.62	25.24	25.14	25.00	0.00	0.00
FBC	58	24.54	25.31	25.22	24.92	0.00	0.00
FBC	59	24.54	25.30	25.20	24.97	0.00	0.00
FBC	60	24.60	25.24	25.15	25.01	0.00	0.00
FBC	61	24.53	25.29	25.23	24.95	0.00	0.00
FBC	62	24.55	25.27	25.19	24.99	0.00	0.00
FBC	63	24.60	25.24	25.13	25.03	0.00	0.00
FBC	64	24.55	25.30	25.23	24.92	0.00	0.00
FBC	65	24.52	25.30	25.19	25.00	0.00	0.00
FBC	66	24.59	25.24	25.14	25.04	0.00	0.00
FBC	67	24.53	25.30	25.22	24.95	0.00	0.00
FBC	68	24.54	25.29	25.20	24.98	0.00	0.00
FBC	69	24.58	25.24	25.16	25.02	0.00	0.00
FBC	70	24.53	25.29	25.23	24.94	0.00	0.00
FBC	71	24.54	25.30	25.18	24.98	0.00	0.00
FBC	72	24.59	25.23	25.14	25.04	0.00	0.00
FBC	73	24.54	25.28	25.21	24.98	0.00	0.00
FBC	74	24.54	25.27	25.18	25.00	0.00	0.00
FBC	75	24.60	25.22	25.13	25.05	0.00	0.00
FBC	76	24.54	25.27	25.21	24.98	0.00	0.00
FBC	77	24.55	25.27	25.17	25.01	0.00	0.00
FBC	78	24.60	25.21	25.14	25.06	0.00	0.00
FBC	79	24.54	25.25	25.21	24.99	0.00	0.00
FBC	80	24.55	25.25	25.19	25.02	0.00	0.00
FBC	81	23.82	25.27	26.31	24.60	0.00	0.00
# ACGT raw counters for first fragments. Use `grep ^FTC | cut -f 2-` to extract this part. The columns are: A,C,G,T,N base counters
FTC	811541907	827842601	828428098	821814786	4431
# ACGT content per cycle for last fragments. Use `grep ^LBC | cut -f 2-` to extract this part. The columns are: cycle; A,C,G,T base counts as a percentage of all A/C/G/T bases [%]; and N and O counts as a percentage of all A/C/G/T bases [%]
LBC	1	24.76	24.90	25.02	25.33	0.00	0.00
LBC	2	24.85	24.81	24.99	25.35	0.00	0.00
LBC	3	24.93	24.72	24.91	25.45	0.00	0.00
LBC	4	24.74	24.94	25.05	25.27	0.00	0.00
LBC	5	24.84	24.84	25.01	25.31	0.00	0.00
LBC	6	24.89	24.79	24.93	25.39	0.00	0.00
LBC	7	24.70	24.97	25.08	25.25	0.00	0.00
LBC	8	24.83	24.86	25.01	25.30	0.00	0.00
LBC	9	24.87	24.81	24.96	25.36	0.00	0.00
LBC	10	24.70	24.98	25.08	25.24	0.00	0.00
LBC	11	24.78	24.91	25.10	25.21	0.00	0.00
LBC	12	24.85	24.86	24.97	25.32	0.00	0.00
LBC	13	24.69	25.03	25.12	25.16	0.00	0.00
LBC	14	24.75	24.97	25.09	25.19	0.00	0.00
LBC	15	24.80	24.92	25.00	25.28	0.00	0.00
LBC	16	24.65	25.05	25.13	25.18	0.00	0.00
LBC	17	24.73	24.99	25.12	25.15	0.00	0.00
LBC	18	24.77	24.96	25.01	25.26	0.00	0.00
LBC	19	24.64	25.10	25.13	25.13	0.00	0.00
LBC	20	24.69	25.04	25.14	25.13	0.00	0.00
LBC	21	24.78	24.95	25.03	25.24	0.00	0.00
LBC	22	24.62	25.14	25.14	25.11	0.00	0.00
LBC	23	24.66	25.09	25.15	25.11	0.00	0.00
LBC	24	24.74	25.01	25.03	25.22	0.00	0.00
LBC	25	24.59	25.18	25.15	25.08	0.00	0.00
LBC	26	24.65	25.11	25.15	25.09	0.00	0.00
LBC	27	24.73	25.04	25.04	25.19	0.00	0.00
LBC	28	24.55	25.20	25.17	25.08	0.00	0.00
LBC	29	24.64	25.14	25.14	25.08	0.00	0.00
LBC	30	24.69	25.06	25.04	25.20	0.00	0.00
LBC	31	24.55	25.21	25.16	25.07	0.00	0.00
LBC	32	24.62	25.16	25.16	25.07	0.00	0.00
LBC	33	24.68	25.09	25.07	25.17	0.00	0.00
LBC	34	24.54	25.24	25.16	25.06	0.00	0.00
LBC	35	24.60	25.19	25.17	25.05	0.00	0.00
LBC	36	24.66	25.11	25.06	25.17	0.00	0.00
LBC	37	24.53	25.26	25.16	25.05	0.00	0.00
LBC	38	24.59	25.21	25.15	25.05	0.00	0.00
LBC	39	24.65	25.14	25.07	25.14	0.00	0.00
LBC	40	24.53	25.28	25.16	25.03	0.00	0.00
LBC	41	24.57	25.22	25.16	25.04	0.00	0.00
LBC	42	24.63	25.15	25.07	25.14	0.00	0.00
LBC	43	24.52	25.28	25.18	25.03	0.00	0.00
LBC	44	24.58	25.23	25.16	25.03	0.00	0.00
LBC	45	24.62	25.16	25.08	25.14	0.00	0.00
LBC	46	24.48	25.32	25.18	25.02	0.00	0.00
LBC	47	24.56	25.25	25.18	25.01	0.00	0.00
LBC	48	24.62	25.17	25.07	25.14	0.00	0.00
LBC	49	24.49	25.32	25.18	25.01	0.00	0.00
LBC	50	24.57	25.25	25.17	25.01	0.00	0.00
LBC	51	24.61	25.20	25.08	25.11	0.00	0.00
LBC	52	24.50	25.31	25.17	25.02	0.00	0.00
LBC	53	24.57	25.25	25.16	25.02	0.00	0.00
LBC	54	24.62	25.20	25.06	25.11	0.00	0.00
LBC	55	24.52	25.33	25.16	24.99	0.00	0.00
LBC	56	24.56	25.27	25.15	25.02	0.00	0.00
LBC	57	24.61	25.20	25.08	25.11	0.00	0.00
LBC	58	24.53	25.32	25.15	25.01	0.00	0.00
LBC	59	24.58	25.27	25.14	25.01	0.00	0.00
LBC	60	24.64	25.21	25.06	25.09	0.00	0.00
LBC	61	24.52	25.31	25.16	25.01	0.00	0.00
LBC	62	24.58	25.25	25.14	25.04	0.00	0.00
LBC	63	24.65	25.19	25.06	25.11	0.00	0.00
LBC	64	24.53	25.31	25.16	25.00	0.00	0.00
LBC	65	24.59	25.25	25.14	25.03	0.00	0.00
LBC	66	24.66	25.19	25.05	25.10	0.00	0.00
LBC	67	24.55	25.31	25.13	25.01	0.00	0.00
LBC	68	24.58	25.26	25.14	25.03	0.00	0.00
LBC	69	24.64	25.19	25.07	25.09	0.00	0.00
LBC	70	24.55	25.31	25.14	25.00	0.00	0.00
LBC	71	24.61	25.25	25.13	25.01	0.00	0.00
LBC	72	24.66	25.19	25.05	25.10	0.00	0.00
LBC	73	24.57	25.30	25.11	25.01	0.00	0.00
LBC	74	24.62	25.24	25.11	25.03	0.00	0.00
LBC	75	24.67	25.18	25.04	25.11	0.00	0.00
LBC	76	24.59	25.28	25.11	25.03	0.00	0.00
LBC	77	24.64	25.23	25.09	25.04	0.00	0.00
LBC	78	24.69	25.16	25.02	25.12	0.00	0.00
LBC	79	24.60	25.27	25.10	25.03	0.00	0.00
LBC	80	24.65	25.24	25.07	25.04	0.00	0.00
LBC	81	24.03	26.41	25.26	24.30	0.00	0.00
# ACGT raw counters for last fragments. Use `grep ^LTC | cut -f 2-` to extract this part. The columns are: A,C,G,T,N base counters
LTC	796485911	812859300	811320355	811762039	15527
# Insert sizes. Use `grep ^IS | cut -f 2-` to extract this part. The columns are: insert size, pairs total, inward oriented pairs, outward oriented pairs, other pairs
IS	0	0	0	0	0
IS	1	2	0	2	0
IS	2	83	0	83	0
IS	3	82	0	82	0
IS	4	88	0	88	0
IS	5	126	0	126	0
IS	6	89	0	89	0
IS	7	121	0	121	0
IS	8	132	0	132	0
IS	9	139	0	139	0
IS	10	142	0	142	0
IS	11	154	0	154	0
IS	12	150	0	150	0
IS	13	174	0	174	0
IS	14	180	0	180	0
IS	15	186	0	186	0
IS	16	180	0	180	0
IS	17	188	0	188	0
IS	18	215	0	215	0
IS	19	643	183	460	0
IS	20	526	152	374	0
IS	21	411	84	326	1
IS	22	318	39	279	0
IS	23	366	32	334	0
IS	24	359	26	333	0
IS	25	369	24	344	1
IS	26	362	25	337	0
IS	27	393	33	359	1
IS	28	390	21	369	0
IS	29	423	37	386	0
IS	30	404	25	379	0
IS	31	437	25	412	0
IS	32	495	38	454	3
IS	33	538	44	493	1
IS	34	525	28	497	0
IS	35	552	41	511	0
IS	36	588	33	554	1
IS	37	628	50	575	3
IS	38	616	48	568	0
IS	39	713	63	648	2
IS	40	722	46	676	0
IS	41	813	52	761	0
IS	42	906	58	847	1
IS	43	958	63	893	2
IS	44	1062	79	983	0
IS	45	1176	72	1104	0
IS	46	1223	77	1145	1
IS	47	1429	82	1347	0
IS	48	1634	95	1539	0
IS	49	1797	102	1694	1
IS	50	2069	101	1968	0
IS	51	2440	126	2313	1
IS	52	2803	147	2653	3
IS	53	3233	130	3102	1
IS	54	3801	161	3639	1
IS	55	4498	171	4326	1
IS	56	5050	209	4840	1
IS	57	5847	266	5581	0
IS	58	6872	268	6604	0
IS	59	8056	367	7688	1
IS	60	9188	370	8818	0
IS	61	10832	419	10413	0
IS	62	12405	484	11919	2
IS	63	14371	582	13787	2
IS	64	16642	754	15888	0
IS	65	19117	823	18292	2
IS	66	21696	1018	20677	1
IS	67	24986	1161	23825	0
IS	68	28476	1285	27191	0
IS	69	32241	1697	30544	0
IS	70	36659	1908	34751	0
IS	71	41294	2193	39099	2
IS	72	45935	2674	43260	1
IS	73	52274	3186	49086	2
IS	74	57941	3728	54212	1
IS	75	63854	4236	59616	2
IS	76	70966	4991	65975	0
IS	77	78280	5800	72480	0
IS	78	85748	6910	78838	0
IS	79	94092	8757	85334	1
IS	80	101730	17937	83791	2
IS	81	111277	60567	50708	2
IS	82	120045	119903	141	1
IS	83	129146	129087	59	0
IS	84	138552	138501	51	0
IS	85	148282	148251	30	1
IS	86	157547	157523	23	1
IS	87	166658	166641	16	1
IS	88	176432	176422	10	0
IS	89	186333	186322	10	1
IS	90	196165	196158	6	1
IS	91	205245	205240	3	2
IS	92	215626	215615	8	3
IS	93	224490	224486	2	2
IS	94	232886	232884	2	0
IS	95	242409	242406	2	1
IS	96	250925	250924	1	0
IS	97	259316	259309	6	1
IS	98	267527	267527	0	0
IS	99	275246	275243	3	0
IS	100	281847	281845	2	0
IS	101	289363	289362	1	0
IS	102	294257	294250	4	3
IS	103	301472	301467	1	4
IS	104	306028	306026	1	1
IS	105	311862	311862	0	0
IS	106	317576	317576	0	0
IS	107	321078	321076	1	1
IS	108	325916	325914	2	0
IS	109	329323	329321	2	0
IS	110	332509	332509	0	0
IS	111	335574	335571	0	3
IS	112	337777	337776	0	1
IS	113	340041	340038	2	1
IS	114	342778	342777	0	1
IS	115	344379	344374	3	2
IS	116	345951	345950	0	1
IS	117	346656	346653	1	2
IS	118	347580	347579	0	1
IS	119	347453	347451	2	0
IS	120	347813	347811	0	2
IS	121	348993	348991	0	2
IS	122	348169	348167	2	0
IS	123	347265	347265	0	0
IS	124	347141	347139	0	2
IS	125	346781	346779	0	2
IS	126	345849	345846	0	3
IS	127	344970	344966	1	3
IS	128	344083	344082	1	0
IS	129	343137	343135	1	1
IS	130	340094	340093	1	0
IS	131	338624	338624	0	0
IS	132	336732	336730	1	1
IS	133	334012	334009	1	2
IS	134	332738	332737	0	1
IS	135	330881	330879	1	1
IS	136	328359	328356	3	0
IS	137	326591	326591	0	0
IS	138	322934	322932	1	1
IS	139	320762	320761	0	1
IS	140	318133	318133	0	0
IS	141	315937	315936	1	0
IS	142	313037	313035	1	1
IS	143	309573	309573	0	0
IS	144	307173	307173	0	0
IS	145	303676	303675	0	1
IS	146	300907	300904	3	0
IS	147	298681	298675	3	3
IS	148	294640	294638	2	0
IS	149	291942	291939	2	1
IS	150	289082	289080	2	0
IS	151	284581	284581	0	0
IS	152	282282	282282	0	0
IS	153	279843	279842	1	0
IS	154	276193	276193	0	0
IS	155	272201	272194	4	3
IS	156	270144	270143	1	0
IS	157	266604	266601	1	2
IS	158	262844	262840	3	1
IS	159	259814	259811	1	2
IS	160	256751	256750	1	0
IS	161	254198	254197	1	0
IS	162	250276	250273	3	0
IS	163	247168	247168	0	0
IS	164	244070	244068	2	0
IS	165	241131	241128	1	2
IS	166	237390	237389	1	0
IS	167	234748	234747	1	0
IS	168	231516	231512	3	1
IS	169	228936	228935	1	0
IS	170	225229	225227	2	0
IS	171	221988	221987	1	0
IS	172	218237	218233	3	1
IS	173	216011	216009	1	1
IS	174	213190	213190	0	0
IS	175	210726	210725	0	1
IS	176	206936	206933	2	1
IS	177	204250	204247	3	0
IS	178	201562	201558	4	0
IS	179	197943	197943	0	0
IS	180	195619	195617	1	1
IS	181	192642	192638	3	1
IS	182	190152	190152	0	0
IS	183	187130	187129	1	0
IS	184	184466	184465	1	0
IS	185	181363	181361	2	0
IS	186	179031	179026	4	1
IS	187	175947	175946	1	0
IS	188	173949	173947	2	0
IS	189	171293	171290	2	1
IS	190	168178	168177	1	0
IS	191	165706	165705	1	0
IS	192	163369	163367	2	0
IS	193	160729	160729	0	0
IS	194	158686	158686	0	0
IS	195	156343	156342	1	0
IS	196	153650	153649	1	0
IS	197	150732	150731	1	0
IS	198	148511	148508	2	1
IS	199	146225	146223	2	0
IS	200	144212	144211	1	0
IS	201	141876	141876	0	0
IS	202	139613	139612	1	0
IS	203	137357	137355	1	1
IS	204	135106	135105	0	1
IS	205	133229	133229	0	0
IS	206	130497	130496	1	0
IS	207	128720	128718	1	1
IS	208	126464	126464	0	0
IS	209	124477	124476	0	1
IS	210	122554	122551	3	0
IS	211	120624	120624	0	0
IS	212	119180	119180	0	0
IS	213	116858	116858	0	0
IS	214	114594	114593	1	0
IS	215	113067	113066	0	1
IS	216	111287	111287	0	0
IS	217	109661	109660	1	0
IS	218	107407	107404	1	2
IS	219	105822	105821	0	1
IS	220	104596	104591	4	1
IS	221	102849	102849	0	0
IS	222	101007	101004	3	0
IS	223	98917	98915	2	0
IS	224	97096	97094	2	0
IS	225	95509	95508	1	0
IS	226	94226	94226	0	0
IS	227	92720	92718	2	0
IS	228	91440	91438	2	0
IS	229	90007	90006	1	0
IS	230	88087	88087	0	0
IS	231	86352	86350	2	0
IS	232	85493	85491	0	2
IS	233	84599	84596	3	0
IS	234	82496	82492	2	2
IS	235	80786	80781	5	0
IS	236	80045	80045	0	0
IS	237	78912	78912	0	0
IS	238	77487	77487	0	0
IS	239	76302	76300	2	0
IS	240	74828	74827	1	0
IS	241	73534	73533	1	0
IS	242	72544	72540	3	1
IS	243	71634	71632	1	1
IS	244	70294	70292	2	0
IS	245	69321	69319	2	0
IS	246	68081	68078	2	1
IS	247	66382	66381	0	1
IS	248	65974	65972	2	0
IS	249	64379	64378	1	0
IS	250	63343	63342	1	0
IS	251	62137	62136	0	1
IS	252	61116	61116	0	0
IS	253	60272	60271	1	0
IS	254	58764	58762	1	1
IS	255	58490	58489	0	1
IS	256	57613	57610	2	1
IS	257	56500	56500	0	0
IS	258	55246	55246	0	0
IS	259	54446	54443	2	1
IS	260	53268	53268	0	0
IS	261	52511	52510	1	0
IS	262	51832	51830	1	1
IS	263	51078	51076	2	0
IS	264	49843	49842	0	1
IS	265	48903	48902	0	1
IS	266	48611	48609	1	1
IS	267	47417	47414	2	1
IS	268	46757	46755	2	0
IS	269	46138	46137	1	0
IS	270	45079	45078	0	1
IS	271	44261	44260	0	1
IS	272	43646	43645	1	0
IS	273	43165	43163	1	1
IS	274	42316	42316	0	0
IS	275	41658	41658	0	0
IS	276	41099	41098	0	1
IS	277	40424	40423	0	1
IS	278	40214	40214	0	0
IS	279	38839	38837	2	0
IS	280	38467	38467	0	0
IS	281	37973	37970	3	0
IS	282	37268	37263	2	3
IS	283	36212	36211	0	1
IS	284	36085	36084	1	0
IS	285	35511	35511	0	0
IS	286	34800	34800	0	0
IS	287	34152	34150	1	1
IS	288	33662	33661	1	0
IS	289	33296	33293	2	1
IS	290	32169	32167	1	1
IS	291	32008	32006	2	0
IS	292	31373	31372	0	1
IS	293	30643	30642	0	1
IS	294	30171	30169	2	0
IS	295	30092	30091	1	0
IS	296	29524	29524	0	0
IS	297	29015	29013	2	0
IS	298	28446	28445	1	0
IS	299	27899	27899	0	0
IS	300	27298	27298	0	0
IS	301	26700	26700	0	0
IS	302	26490	26489	0	1
IS	303	25914	25914	0	0
IS	304	25923	25922	0	1
IS	305	25413	25412	1	0
IS	306	24674	24674	0	0
IS	307	24585	24582	3	0
IS	308	24418	24418	0	0
IS	309	24093	24093	0	0
IS	310	23212	23212	0	0
IS	311	22778	22778	0	0
IS	312	22801	22799	1	1
IS	313	22331	22331	0	0
IS	314	21874	21874	0	0
IS	315	21522	21522	0	0
IS	316	21127	21127	0	0
IS	317	20966	20965	1	0
IS	318	20331	20331	0	0
IS	319	20164	20163	1	0
IS	320	19744	19744	0	0
IS	321	19429	19428	0	1
IS	322	19264	19264	0	0
IS	323	18881	18881	0	0
IS	324	18538	18538	0	0
IS	325	18323	18323	0	0
IS	326	18012	18012	0	0
IS	327	17684	17684	0	0
IS	328	17340	17340	0	0
IS	329	17291	17291	0	0
IS	330	16778	16778	0	0
IS	331	16397	16397	0	0
IS	332	16106	16106	0	0
IS	333	16115	16114	1	0
IS	334	15730	15730	0	0
IS	335	15695	15694	1	0
IS	336	15206	15205	1	0
IS	337	14874	14873	0	1
IS	338	14901	14900	0	1
IS	339	14355	14355	0	0
IS	340	14421	14420	1	0
IS	341	14146	14145	1	0
IS	342	14097	14097	0	0
IS	343	13652	13652	0	0
IS	344	13493	13493	0	0
IS	345	13177	13177	0	0
IS	346	12969	12968	1	0
IS	347	12783	12783	0	0
IS	348	12976	12975	0	1
IS	349	12616	12615	1	0
IS	350	12361	12361	0	0
IS	351	11968	11968	0	0
IS	352	11763	11762	1	0
IS	353	11423	11423	0	0
IS	354	11678	11677	1	0
IS	355	11438	11438	0	0
IS	356	11116	11115	0	1
IS	357	10986	10986	0	0
IS	358	10748	10748	0	0
IS	359	10666	10666	0	0
IS	360	10553	10553	0	0
IS	361	10182	10181	1	0
IS	362	10101	10099	1	1
IS	363	9809	9809	0	0
IS	364	9792	9790	1	1
IS	365	9629	9629	0	0
IS	366	9522	9522	0	0
IS	367	9168	9165	3	0
IS	368	9347	9347	0	0
IS	369	9196	9194	2	0
IS	370	8884	8883	0	1
IS	371	8796	8796	0	0
IS	372	8567	8567	0	0
IS	373	8577	8576	1	0
IS	374	8400	8400	0	0
IS	375	8158	8157	0	1
IS	376	8057	8055	1	1
IS	377	7927	7925	2	0
IS	378	7953	7953	0	0
IS	379	7803	7800	3	0
IS	380	7722	7722	0	0
IS	381	7653	7653	0	0
IS	382	7471	7471	0	0
IS	383	7311	7310	1	0
IS	384	7188	7187	1	0
IS	385	7146	7146	0	0
IS	386	6969	6969	0	0
IS	387	6967	6967	0	0
IS	388	6766	6763	2	1
IS	389	6747	6747	0	0
IS	390	6587	6587	0	0
IS	391	6565	6565	0	0
IS	392	6432	6430	2	0
IS	393	6402	6402	0	0
IS	394	6256	6255	1	0
IS	395	6159	6159	0	0
IS	396	6076	6075	1	0
IS	397	6024	6024	0	0
IS	398	5956	5956	0	0
IS	399	5839	5839	0	0
IS	400	5752	5752	0	0
# Read lengths. Use `grep ^RL | cut -f 2-` to extract this part. The columns are: read length, count
RL	1	50553
RL	2	10708
RL	3	14625
RL	4	19554
RL	5	24828
RL	6	24411
RL	7	24423
RL	8	23709
RL	9	24567
RL	10	23476
RL	11	23899
RL	12	23349
RL	13	22674
RL	14	22979
RL	15	22481
RL	16	22486
RL	17	23070
RL	18	22253
RL	19	22804
RL	20	22789
RL	21	22764
RL	22	23398
RL	23	23464
RL	24	23942
RL	25	23817
RL	26	24093
RL	27	24388
RL	28	25248
RL	29	25209
RL	30	25580
RL	31	25912
RL	32	26943
RL	33	27193
RL	34	27820
RL	35	28562
RL	36	29289
RL	37	29829
RL	38	30677
RL	39	32261
RL	40	32663
RL	41	33930
RL	42	35657
RL	43	36811
RL	44	39128
RL	45	41382
RL	46	43006
RL	47	45203
RL	48	47893
RL	49	50944
RL	50	55773
RL	51	59383
RL	52	65546
RL	53	68841
RL	54	75148
RL	55	82742
RL	56	88561
RL	57	93852
RL	58	101647
RL	59	108898
RL	60	115497
RL	61	123415
RL	62	130194
RL	63	139408
RL	64	148259
RL	65	156288
RL	66	165180
RL	67	178937
RL	68	188802
RL	69	195293
RL	70	211730
RL	71	225054
RL	72	237487
RL	73	250313
RL	74	259573
RL	75	275387
RL	76	286845
RL	77	335286
RL	78	572817
RL	79	1701076
RL	80	15181443
RL	81	59163009
# Read lengths - first fragments. Use `grep ^FRL | cut -f 2-` to extract this part. The columns are: read length, count
FRL	1	8961
FRL	2	2151
FRL	3	3072
FRL	4	4424
FRL	5	6061
FRL	6	6046
FRL	7	6411
FRL	8	6835
FRL	9	6957
FRL	10	6857
FRL	11	6985
FRL	12	7062
FRL	13	6948
FRL	14	7030
FRL	15	7005
FRL	16	7201
FRL	17	7017
FRL	18	7135
FRL	19	7440
FRL	20	7571
FRL	21	7241
FRL	22	7561
FRL	23	7500
FRL	24	7860
FRL	25	7626
FRL	26	7658
FRL	27	7729
FRL	28	8056
FRL	29	8260
FRL	30	8527
FRL	31	8501
FRL	32	9162
FRL	33	8989
FRL	34	9426
FRL	35	9579
FRL	36	9720
FRL	37	9647
FRL	38	9944
FRL	39	10366
FRL	40	10406
FRL	41	10703
FRL	42	11015
FRL	43	11151
FRL	44	11798
FRL	45	12457
FRL	46	12935
FRL	47	13363
FRL	48	13908
FRL	49	14847
FRL	50	15739
FRL	51	16659
FRL	52	17938
FRL	53	19158
FRL	54	20948
FRL	55	23602
FRL	56	24920
FRL	57	26186
FRL	58	28595
FRL	59	30404
FRL	60	31795
FRL	61	34142
FRL	62	36839
FRL	63	38558
FRL	64	42783
FRL	65	44507
FRL	66	47472
FRL	67	51332
FRL	68	55420
FRL	69	57152
FRL	70	61119
FRL	71	65525
FRL	72	71721
FRL	73	73540
FRL	74	77435
FRL	75	81778
FRL	76	86311
FRL	77	102006
FRL	78	193448
FRL	79	659645
FRL	80	7471836
FRL	81	31185547
# Read lengths - last fragments. Use `grep ^LRL | cut -f 2-` to extract this part. The columns are: read length, count
LRL	1	41592
LRL	2	8557
LRL	3	11553
LRL	4	15130
LRL	5	18767
LRL	6	18365
LRL	7	18012
LRL	8	16874
LRL	9	17610
LRL	10	16619
LRL	11	16914
LRL	12	16287
LRL	13	15726
LRL	14	15949
LRL	15	15476
LRL	16	15285
LRL	17	16053
LRL	18	15118
LRL	19	15364
LRL	20	15218
LRL	21	15523
LRL	22	15837
LRL	23	15964
LRL	24	16082
LRL	25	16191
LRL	26	16435
LRL	27	16659
LRL	28	17192
LRL	29	16949
LRL	30	17053
LRL	31	17411
LRL	32	17781
LRL	33	18204
LRL	34	18394
LRL	35	18983
LRL	36	19569
LRL	37	20182
LRL	38	20733
LRL	39	21895
LRL	40	22257
LRL	41	23227
LRL	42	24642
LRL	43	25660
LRL	44	27330
LRL	45	28925
LRL	46	30071
LRL	47	31840
LRL	48	33985
LRL	49	36097
LRL	50	40034
LRL	51	42724
LRL	52	47608
LRL	53	49683
LRL	54	54200
LRL	55	59140
LRL	56	63641
LRL	57	67666
LRL	58	73052
LRL	59	78494
LRL	60	83702
LRL	61	89273
LRL	62	93355
LRL	63	100850
LRL	64	105476
LRL	65	111781
LRL	66	117708
LRL	67	127605
LRL	68	133382
LRL	69	138141
LRL	70	150611
LRL	71	159529
LRL	72	165766
LRL	73	176773
LRL	74	182138
LRL	75	193609
LRL	76	200534
LRL	77	233280
LRL	78	379369
LRL	79	1041431
LRL	80	7709607
LRL	81	27977462
# Mapping qualities for reads !(UNMAP|SECOND|SUPPL|QCFAIL|DUP). Use `grep ^MAPQ | cut -f 2-` to extract this part. The columns are: mapq, count
MAPQ	0	9141583
MAPQ	1	17101
MAPQ	2	7177
MAPQ	3	30786
MAPQ	4	9388
MAPQ	5	9775
MAPQ	6	14004
MAPQ	7	18896
MAPQ	8	12081
MAPQ	9	35936
MAPQ	10	12572
MAPQ	11	24536
MAPQ	12	11932
MAPQ	13	17889
MAPQ	14	9101
MAPQ	15	30926
MAPQ	16	12187
MAPQ	17	18487
MAPQ	18	16023
MAPQ	19	24698
MAPQ	20	34670
MAPQ	21	43815
MAPQ	22	52351
MAPQ	23	47898
MAPQ	24	75760
MAPQ	25	146467
MAPQ	26	3933
MAPQ	27	410170
MAPQ	28	20535
MAPQ	29	5657
MAPQ	30	17671
MAPQ	31	15620
MAPQ	32	4354
MAPQ	33	30082
MAPQ	34	8179
MAPQ	35	5807
MAPQ	36	10446
MAPQ	37	16296
MAPQ	38	4131
MAPQ	39	38166
MAPQ	40	545854
MAPQ	41	16208
MAPQ	42	26491
MAPQ	43	38626
MAPQ	44	22389
MAPQ	45	61479
MAPQ	46	55180
MAPQ	47	39183
MAPQ	48	97154
MAPQ	49	122266
MAPQ	50	72129
MAPQ	51	426596
MAPQ	52	41679
MAPQ	53	24825
MAPQ	54	56237
MAPQ	55	30554
MAPQ	56	20978
MAPQ	57	103487
MAPQ	58	17179
MAPQ	59	8462
MAPQ	60	69631686
# Indel distribution. Use `grep ^ID | cut -f 2-` to extract this part. The columns are: length, number of insertions, number of deletions
ID	1	86956	132758
ID	2	25460	35963
ID	3	12967	17601
ID	4	11399	15284
ID	5	6910	4848
ID	6	2956	4545
ID	7	1260	1360
ID	8	1366	2426
ID	9	940	1385
ID	10	949	1333
ID	11	291	718
ID	12	572	1194
ID	13	242	481
ID	14	170	557
ID	15	203	690
ID	16	106	403
ID	17	28	169
ID	18	41	259
ID	19	18	96
ID	20	28	166
ID	21	27	121
ID	22	3	141
ID	23	3	72
ID	24	2	75
ID	25	0	31
ID	26	0	31
ID	27	0	44
ID	28	0	16
ID	29	0	5
ID	30	0	20
ID	31	0	3
ID	33	0	2
ID	34	0	4
# Indels per cycle. Use `grep ^IC | cut -f 2-` to extract this part. The columns are: cycle, number of insertions (fwd), .. (rev) , number of deletions (fwd), .. (rev)
IC	1	0	0	0	1
IC	2	0	0	2	1
IC	3	0	0	474	636
IC	4	422	540	629	745
IC	5	515	602	734	805
IC	6	612	722	726	846
IC	7	673	824	858	1060
IC	8	758	852	1035	1202
IC	9	813	913	1116	1235
IC	10	916	1000	1148	1356
IC	11	910	1058	1180	1331
IC	12	1001	1105	1351	1394
IC	13	1006	1032	1469	1450
IC	14	1051	1110	1486	1458
IC	15	1026	1134	1540	1539
IC	16	1084	1083	1497	1640
IC	17	1122	1153	1505	1503
IC	18	1156	1179	1500	1588
IC	19	1122	1110	1661	1606
IC	20	1166	1148	1712	1634
IC	21	1222	1131	1711	1615
IC	22	1258	1193	1692	1675
IC	23	1309	1227	1781	1690
IC	24	1225	1183	1783	1763
IC	25	1204	1199	1752	1677
IC	26	1195	1133	1812	1672
IC	27	1262	1251	1762	1699
IC	28	1225	1176	1786	1700
IC	29	1196	1219	1717	1723
IC	30	1232	1229	1815	1661
IC	31	1296	1228	1755	1649
IC	32	1301	1167	1777	1720
IC	33	1283	1113	1793	1715
IC	34	1270	1159	1773	1674
IC	35	1201	1189	1769	1617
IC	36	1213	1163	1796	1671
IC	37	1243	1201	1814	1709
IC	38	1182	1118	1764	1598
IC	39	1240	1186	1812	1706
IC	40	1238	1191	1751	1686
IC	41	1230	1122	1832	1719
IC	42	1245	1143	1714	1708
IC	43	1223	1111	1751	1540
IC	44	1234	1127	1729	1635
IC	45	1178	1155	1710	1671
IC	46	1147	1171	1696	1597
IC	47	1228	1088	1776	1604
IC	48	1231	1152	1765	1655
IC	49	1250	1108	1778	1608
IC	50	1113	1128	1710	1584
IC	51	1127	1142	1695	1667
IC	52	1171	1123	1718	1630
IC	53	1172	1082	1659	1570
IC	54	1133	1058	1731	1562
IC	55	1100	1033	1758	1556
IC	56	1159	1024	1690	1534
IC	57	1099	1044	1716	1552
IC	58	1076	1055	1611	1503
IC	59	1085	988	1668	1517
IC	60	1088	1026	1576	1521
IC	61	1028	915	1609	1516
IC	62	988	923	1610	1510
IC	63	1016	915	1546	1405
IC	64	970	893	1572	1398
IC	65	974	871	1529	1369
IC	66	928	830	1456	1291
IC	67	905	807	1477	1314
IC	68	900	746	1337	1194
IC	69	859	747	1393	1191
IC	70	867	702	1355	1068
IC	71	830	688	1292	1070
IC	72	756	666	1250	1041
IC	73	639	566	1181	923
IC	74	649	540	1101	877
IC	75	618	532	1111	860
IC	76	574	539	945	744
IC	77	675	495	805	598
IC	78	453	355	546	413
# Coverage distribution. Use `grep ^COV | cut -f 2-` to extract this part.
COV	[1-1]	1	440971035
COV	[2-2]	2	199047944
COV	[3-3]	3	54909626
COV	[4-4]	4	25557107
COV	[5-5]	5	11492701
COV	[6-6]	6	7247919
COV	[7-7]	7	5250088
COV	[8-8]	8	4281668
COV	[9-9]	9	3681986
COV	[10-10]	10	3262566
COV	[11-11]	11	2948739
COV	[12-12]	12	2694577
COV	[13-13]	13	2488356
COV	[14-14]	14	2316947
COV	[15-15]	15	2172886
COV	[16-16]	16	2044282
COV	[17-17]	17	1933963
COV	[18-18]	18	1846481
COV	[19-19]	19	1758053
COV	[20-20]	20	1683437
COV	[21-21]	21	1615961
COV	[22-22]	22	1561026
COV	[23-23]	23	1502055
COV	[24-24]	24	1449781
COV	[25-25]	25	1406685
COV	[26-26]	26	1367628
COV	[27-27]	27	1330315
COV	[28-28]	28	1297045
COV	[29-29]	29	1265200
COV	[30-30]	30	1244778
COV	[31-31]	31	1216577
COV	[32-32]	32	1188590
COV	[33-33]	33	1166264
COV	[34-34]	34	1146132
COV	[35-35]	35	1123246
COV	[36-36]	36	1101652
COV	[37-37]	37	1082574
COV	[38-38]	38	1065004
COV	[39-39]	39	1044816
COV	[40-40]	40	1028371
COV	[41-41]	41	1009051
COV	[42-42]	42	994900
COV	[43-43]	43	978124
COV	[44-44]	44	967134
COV	[45-45]	45	950386
COV	[46-46]	46	934338
COV	[47-47]	47	919477
COV	[48-48]	48	902642
COV	[49-49]	49	889296
COV	[50-50]	50	878575
COV	[51-51]	51	861575
COV	[52-52]	52	847684
COV	[53-53]	53	831802
COV	[54-54]	54	816450
COV	[55-55]	55	800927
COV	[56-56]	56	787311
COV	[57-57]	57	773385
COV	[58-58]	58	761896
COV	[59-59]	59	745813
COV	[60-60]	60	734759
COV	[61-61]	61	718167
COV	[62-62]	62	704304
COV	[63-63]	63	692380
COV	[64-64]	64	677586
COV	[65-65]	65	661765
COV	[66-66]	66	650280
COV	[67-67]	67	637615
COV	[68-68]	68	625324
COV	[69-69]	69	613202
COV	[70-70]	70	601341
COV	[71-71]	71	589066
COV	[72-72]	72	577698
COV	[73-73]	73	565427
COV	[74-74]	74	554964
COV	[75-75]	75	539765
COV	[76-76]	76	528229
COV	[77-77]	77	516233
COV	[78-78]	78	506528
COV	[79-79]	79	493904
COV	[80-80]	80	483447
COV	[81-81]	81	470804
COV	[82-82]	82	460088
COV	[83-83]	83	451223
COV	[84-84]	84	439300
COV	[85-85]	85	429948
COV	[86-86]	86	421522
COV	[87-87]	87	411056
COV	[88-88]	88	401959
COV	[89-89]	89	391749
COV	[90-90]	90	382988
COV	[91-91]	91	374854
COV	[92-92]	92	365412
COV	[93-93]	93	356553
COV	[94-94]	94	348686
COV	[95-95]	95	339807
COV	[96-96]	96	330140
COV	[97-97]	97	322404
COV	[98-98]	98	315442
COV	[99-99]	99	308488
COV	[100-100]	100	299910
COV	[101-101]	101	293239
COV	[102-102]	102	285935
COV	[103-103]	103	278568
COV	[104-104]	104	271891
COV	[105-105]	105	263352
COV	[106-106]	106	257236
COV	[107-107]	107	251342
COV	[108-108]	108	243863
COV	[109-109]	109	237892
COV	[110-110]	110	231123
COV	[111-111]	111	226389
COV	[112-112]	112	222063
COV	[113-113]	113	216460
COV	[114-114]	114	209721
COV	[115-115]	115	205426
COV	[116-116]	116	198765
COV	[117-117]	117	194885
COV	[118-118]	118	188978
COV	[119-119]	119	184203
COV	[120-120]	120	179621
COV	[121-121]	121	175744
COV	[122-122]	122	170382
COV	[123-123]	123	165291
COV	[124-124]	124	160809
COV	[125-125]	125	157675
COV	[126-126]	126	153485
COV	[127-127]	127	148822
COV	[128-128]	128	145587
COV	[129-129]	129	142666
COV	[130-130]	130	138989
COV	[131-131]	131	134990
COV	[132-132]	132	132346
COV	[133-133]	133	128387
COV	[134-134]	134	124816
COV	[135-135]	135	123125
COV	[136-136]	136	118834
COV	[137-137]	137	115841
COV	[138-138]	138	112110
COV	[139-139]	139	110107
COV	[140-140]	140	106711
COV	[141-141]	141	103838
COV	[142-142]	142	101015
COV	[143-143]	143	98383
COV	[144-144]	144	95705
COV	[145-145]	145	93327
COV	[146-146]	146	90921
COV	[147-147]	147	88780
COV	[148-148]	148	86720
COV	[149-149]	149	84266
COV	[150-150]	150	82201
COV	[151-151]	151	80276
COV	[152-152]	152	78160
COV	[153-153]	153	76506
COV	[154-154]	154	75005
COV	[155-155]	155	72306
COV	[156-156]	156	70147
COV	[157-157]	157	69039
COV	[158-158]	158	67261
COV	[159-159]	159	65738
COV	[160-160]	160	63954
COV	[161-161]	161	62598
COV	[162-162]	162	61534
COV	[163-163]	163	59840
COV	[164-164]	164	57916
COV	[165-165]	165	56531
COV	[166-166]	166	55326
COV	[167-167]	167	52853
COV	[168-168]	168	51903
COV	[169-169]	169	50286
COV	[170-170]	170	49106
COV	[171-171]	171	47845
COV	[172-172]	172	46827
COV	[173-173]	173	45865
COV	[174-174]	174	44254
COV	[175-175]	175	44141
COV	[176-176]	176	42691
COV	[177-177]	177	41468
COV	[178-178]	178	40405
COV	[179-179]	179	39360
COV	[180-180]	180	38648
COV	[181-181]	181	37776
COV	[182-182]	182	37220
COV	[183-183]	183	36461
COV	[184-184]	184	35113
COV	[185-185]	185	34613
COV	[186-186]	186	33584
COV	[187-187]	187	32889
COV	[188-188]	188	32018
COV	[189-189]	189	31305
COV	[190-190]	190	31019
COV	[191-191]	191	30010
COV	[192-192]	192	29174
COV	[193-193]	193	28504
COV	[194-194]	194	27946
COV	[195-195]	195	27459
COV	[196-196]	196	26437
COV	[197-197]	197	26019
COV	[198-198]	198	25291
COV	[199-199]	199	24832
COV	[200-200]	200	24014
COV	[201-201]	201	23548
COV	[202-202]	202	23122
COV	[203-203]	203	22636
COV	[204-204]	204	21708
COV	[205-205]	205	21493
COV	[206-206]	206	20902
COV	[207-207]	207	20616
COV	[208-208]	208	19703
COV	[209-209]	209	19165
COV	[210-210]	210	18902
COV	[211-211]	211	18581
COV	[212-212]	212	17982
COV	[213-213]	213	17329
COV	[214-214]	214	17198
COV	[215-215]	215	16768
COV	[216-216]	216	16341
COV	[217-217]	217	16071
COV	[218-218]	218	15572
COV	[219-219]	219	15137
COV	[220-220]	220	14792
COV	[221-221]	221	14884
COV	[222-222]	222	14517
COV	[223-223]	223	14127
COV	[224-224]	224	13886
COV	[225-225]	225	13737
COV	[226-226]	226	13188
COV	[227-227]	227	13002
COV	[228-228]	228	12789
COV	[229-229]	229	12656
COV	[230-230]	230	12331
COV	[231-231]	231	12000
COV	[232-232]	232	11520
COV	[233-233]	233	11567
COV	[234-234]	234	11174
COV	[235-235]	235	10979
COV	[236-236]	236	10791
COV	[237-237]	237	10377
COV	[238-238]	238	10245
COV	[239-239]	239	10139
COV	[240-240]	240	9800
COV	[241-241]	241	9608
COV	[242-242]	242	9177
COV	[243-243]	243	9195
COV	[244-244]	244	8919
COV	[245-245]	245	8769
COV	[246-246]	246	8445
COV	[247-247]	247	8427
COV	[248-248]	248	8441
COV	[249-249]	249	8155
COV	[250-250]	250	7895
COV	[251-251]	251	7784
COV	[252-252]	252	7679
COV	[253-253]	253	7432
COV	[254-254]	254	7393
COV	[255-255]	255	7247
COV	[256-256]	256	6920
COV	[257-257]	257	6781
COV	[258-258]	258	6742
COV	[259-259]	259	6794
COV	[260-260]	260	6368
COV	[261-261]	261	6289
COV	[262-262]	262	6058
COV	[263-263]	263	6015
COV	[264-264]	264	5909
COV	[265-265]	265	5698
COV	[266-266]	266	5716
COV	[267-267]	267	5542
COV	[268-268]	268	5441
COV	[269-269]	269	5493
COV	[270-270]	270	5278
COV	[271-271]	271	5089
COV	[272-272]	272	5185
COV	[273-273]	273	4876
COV	[274-274]	274	4728
COV	[275-275]	275	4673
COV	[276-276]	276	4574
COV	[277-277]	277	4633
COV	[278-278]	278	4420
COV	[279-279]	279	4419
COV	[280-280]	280	4327
COV	[281-281]	281	4142
COV	[282-282]	282	4078
COV	[283-283]	283	4048
COV	[284-284]	284	3902
COV	[285-285]	285	3878
COV	[286-286]	286	3876
COV	[287-287]	287	3849
COV	[288-288]	288	3707
COV	[289-289]	289	3670
COV	[290-290]	290	3673
COV	[291-291]	291	3626
COV	[292-292]	292	3492
COV	[293-293]	293	3376
COV	[294-294]	294	3394
COV	[295-295]	295	3266
COV	[296-296]	296	3177
COV	[297-297]	297	3131
COV	[298-298]	298	3139
COV	[299-299]	299	3017
COV	[300-300]	300	2951
COV	[301-301]	301	2851
COV	[302-302]	302	2848
COV	[303-303]	303	2729
COV	[304-304]	304	2726
COV	[305-305]	305	2621
COV	[306-306]	306	2491
COV	[307-307]	307	2661
COV	[308-308]	308	2632
COV	[309-309]	309	2596
COV	[310-310]	310	2462
COV	[311-311]	311	2375
COV	[312-312]	312	2385
COV	[313-313]	313	2432
COV	[314-314]	314	2345
COV	[315-315]	315	2331
COV	[316-316]	316	2246
COV	[317-317]	317	2218
COV	[318-318]	318	2097
COV	[319-319]	319	2122
COV	[320-320]	320	2123
COV	[321-321]	321	2081
COV	[322-322]	322	1963
COV	[323-323]	323	1996
COV	[324-324]	324	1953
COV	[325-325]	325	1814
COV	[326-326]	326	1880
COV	[327-327]	327	1867
COV	[328-328]	328	1859
COV	[329-329]	329	1786
COV	[330-330]	330	1796
COV	[331-331]	331	1844
COV	[332-332]	332	1857
COV	[333-333]	333	1681
COV	[334-334]	334	1711
COV	[335-335]	335	1738
COV	[336-336]	336	1671
COV	[337-337]	337	1632
COV	[338-338]	338	1560
COV	[339-339]	339	1536
COV	[340-340]	340	1517
COV	[341-341]	341	1559
COV	[342-342]	342	1506
COV	[343-343]	343	1512
COV	[344-344]	344	1466
COV	[345-345]	345	1389
COV	[346-346]	346	1416
COV	[347-347]	347	1348
COV	[348-348]	348	1333
COV	[349-349]	349	1359
COV	[350-350]	350	1304
COV	[351-351]	351	1355
COV	[352-352]	352	1297
COV	[353-353]	353	1295
COV	[354-354]	354	1290
COV	[355-355]	355	1238
COV	[356-356]	356	1223
COV	[357-357]	357	1217
COV	[358-358]	358	1121
COV	[359-359]	359	1133
COV	[360-360]	360	1117
COV	[361-361]	361	1073
COV	[362-362]	362	1077
COV	[363-363]	363	968
COV	[364-364]	364	989
COV	[365-365]	365	1000
COV	[366-366]	366	928
COV	[367-367]	367	929
COV	[368-368]	368	923
COV	[369-369]	369	900
COV	[370-370]	370	862
COV	[371-371]	371	877
COV	[372-372]	372	841
COV	[373-373]	373	878
COV	[374-374]	374	825
COV	[375-375]	375	856
COV	[376-376]	376	809
COV	[377-377]	377	796
COV	[378-378]	378	770
COV	[379-379]	379	765
COV	[380-380]	380	746
COV	[381-381]	381	764
COV	[382-382]	382	750
COV	[383-383]	383	634
COV	[384-384]	384	710
COV	[385-385]	385	701
COV	[386-386]	386	705
COV	[387-387]	387	660
COV	[388-388]	388	622
COV	[389-389]	389	668
COV	[390-390]	390	697
COV	[391-391]	391	690
COV	[392-392]	392	684
COV	[393-393]	393	643
COV	[394-394]	394	671
COV	[395-395]	395	650
COV	[396-396]	396	653
COV	[397-397]	397	634
COV	[398-398]	398	628
COV	[399-399]	399	631
COV	[400-400]	400	568
COV	[401-401]	401	610
COV	[402-402]	402	596
COV	[403-403]	403	577
COV	[404-404]	404	571
COV	[405-405]	405	579
COV	[406-406]	406	582
COV	[407-407]	407	547
COV	[408-408]	408	533
COV	[409-409]	409	541
COV	[410-410]	410	524
COV	[411-411]	411	524
COV	[412-412]	412	556
COV	[413-413]	413	505
COV	[414-414]	414	499
COV	[415-415]	415	482
COV	[416-416]	416	510
COV	[417-417]	417	462
COV	[418-418]	418	485
COV	[419-419]	419	520
COV	[420-420]	420	490
COV	[421-421]	421	462
COV	[422-422]	422	448
COV	[423-423]	423	393
COV	[424-424]	424	428
COV	[425-425]	425	433
COV	[426-426]	426	407
COV	[427-427]	427	461
COV	[428-428]	428	438
COV	[429-429]	429	425
COV	[430-430]	430	406
COV	[431-431]	431	402
COV	[432-432]	432	389
COV	[433-433]	433	399
COV	[434-434]	434	412
COV	[435-435]	435	371
COV	[436-436]	436	380
COV	[437-437]	437	365
COV	[438-438]	438	400
COV	[439-439]	439	389
COV	[440-440]	440	410
COV	[441-441]	441	392
COV	[442-442]	442	406
COV	[443-443]	443	407
COV	[444-444]	444	377
COV	[445-445]	445	399
COV	[446-446]	446	387
COV	[447-447]	447	358
COV	[448-448]	448	392
COV	[449-449]	449	386
COV	[450-450]	450	380
COV	[451-451]	451	393
COV	[452-452]	452	349
COV	[453-453]	453	368
COV	[454-454]	454	374
COV	[455-455]	455	360
COV	[456-456]	456	311
COV	[457-457]	457	353
COV	[458-458]	458	390
COV	[459-459]	459	342
COV	[460-460]	460	354
COV	[461-461]	461	341
COV	[462-462]	462	375
COV	[463-463]	463	343
COV	[464-464]	464	318
COV	[465-465]	465	331
COV	[466-466]	466	329
COV	[467-467]	467	322
COV	[468-468]	468	304
COV	[469-469]	469	299
COV	[470-470]	470	315
COV	[471-471]	471	296
COV	[472-472]	472	285
COV	[473-473]	473	264
COV	[474-474]	474	272
COV	[475-475]	475	246
COV	[476-476]	476	282
COV	[477-477]	477	222
COV	[478-478]	478	255
COV	[479-479]	479	242
COV	[480-480]	480	258
COV	[481-481]	481	248
COV	[482-482]	482	241
COV	[483-483]	483	244
COV	[484-484]	484	229
COV	[485-485]	485	227
COV	[486-486]	486	218
COV	[487-487]	487	225
COV	[488-488]	488	224
COV	[489-489]	489	231
COV	[490-490]	490	243
COV	[491-491]	491	232
COV	[492-492]	492	218
COV	[493-493]	493	251
COV	[494-494]	494	271
COV	[495-495]	495	217
COV	[496-496]	496	238
COV	[497-497]	497	234
COV	[498-498]	498	230
COV	[499-499]	499	232
COV	[500-500]	500	233
COV	[501-501]	501	225
COV	[502-502]	502	217
COV	[503-503]	503	203
COV	[504-504]	504	204
COV	[505-505]	505	195
COV	[506-506]	506	188
COV	[507-507]	507	211
COV	[508-508]	508	200
COV	[509-509]	509	203
COV	[510-510]	510	197
COV	[511-511]	511	176
COV	[512-512]	512	189
COV	[513-513]	513	185
COV	[514-514]	514	176
COV	[515-515]	515	186
COV	[516-516]	516	175
COV	[517-517]	517	192
COV	[518-518]	518	165
COV	[519-519]	519	185
COV	[520-520]	520	181
COV	[521-521]	521	189
COV	[522-522]	522	164
COV	[523-523]	523	188
COV	[524-524]	524	169
COV	[525-525]	525	213
COV	[526-526]	526	203
COV	[527-527]	527	175
COV	[528-528]	528	180
COV	[529-529]	529	194
COV	[530-530]	530	201
COV	[531-531]	531	178
COV	[532-532]	532	165
COV	[533-533]	533	169
COV	[534-534]	534	162
COV	[535-535]	535	191
COV	[536-536]	536	160
COV	[537-537]	537	166
COV	[538-538]	538	157
COV	[539-539]	539	143
COV	[540-540]	540	178
COV	[541-541]	541	149
COV	[542-542]	542	160
COV	[543-543]	543	161
COV	[544-544]	544	157
COV	[545-545]	545	143
COV	[546-546]	546	148
COV	[547-547]	547	179
COV	[548-548]	548	172
COV	[549-549]	549	162
COV	[550-550]	550	163
COV	[551-551]	551	155
COV	[552-552]	552	147
COV	[553-553]	553	156
COV	[554-554]	554	148
COV	[555-555]	555	144
COV	[556-556]	556	137
COV	[557-557]	557	154
COV	[558-558]	558	146
COV	[559-559]	559	149
COV	[560-560]	560	144
COV	[561-561]	561	155
COV	[562-562]	562	157
COV	[563-563]	563	158
COV	[564-564]	564	165
COV	[565-565]	565	145
COV	[566-566]	566	148
COV	[567-567]	567	137
COV	[568-568]	568	156
COV	[569-569]	569	142
COV	[570-570]	570	163
COV	[571-571]	571	133
COV	[572-572]	572	130
COV	[573-573]	573	132
COV	[574-574]	574	150
COV	[575-575]	575	136
COV	[576-576]	576	135
COV	[577-577]	577	116
COV	[578-578]	578	153
COV	[579-579]	579	129
COV	[580-580]	580	146
COV	[581-581]	581	118
COV	[582-582]	582	125
COV	[583-583]	583	130
COV	[584-584]	584	138
COV	[585-585]	585	119
COV	[586-586]	586	118
COV	[587-587]	587	136
COV	[588-588]	588	123
COV	[589-589]	589	133
COV	[590-590]	590	124
COV	[591-591]	591	122
COV	[592-592]	592	110
COV	[593-593]	593	124
COV	[594-594]	594	122
COV	[595-595]	595	139
COV	[596-596]	596	133
COV	[597-597]	597	114
COV	[598-598]	598	122
COV	[599-599]	599	109
COV	[600-600]	600	123
COV	[601-601]	601	118
COV	[602-602]	602	112
COV	[603-603]	603	110
COV	[604-604]	604	100
COV	[605-605]	605	103
COV	[606-606]	606	120
COV	[607-607]	607	110
COV	[608-608]	608	130
COV	[609-609]	609	94
COV	[610-610]	610	110
COV	[611-611]	611	119
COV	[612-612]	612	104
COV	[613-613]	613	119
COV	[614-614]	614	94
COV	[615-615]	615	113
COV	[616-616]	616	84
COV	[617-617]	617	102
COV	[618-618]	618	93
COV	[619-619]	619	100
COV	[620-620]	620	101
COV	[621-621]	621	107
COV	[622-622]	622	81
COV	[623-623]	623	84
COV	[624-624]	624	96
COV	[625-625]	625	96
COV	[626-626]	626	112
COV	[627-627]	627	101
COV	[628-628]	628	88
COV	[629-629]	629	93
COV	[630-630]	630	85
COV	[631-631]	631	91
COV	[632-632]	632	67
COV	[633-633]	633	86
COV	[634-634]	634	72
COV	[635-635]	635	80
COV	[636-636]	636	68
COV	[637-637]	637	78
COV	[638-638]	638	65
COV	[639-639]	639	86
COV	[640-640]	640	63
COV	[641-641]	641	83
COV	[642-642]	642	56
COV	[643-643]	643	79
COV	[644-644]	644	86
COV	[645-645]	645	62
COV	[646-646]	646	71
COV	[647-647]	647	60
COV	[648-648]	648	59
COV	[649-649]	649	70
COV	[650-650]	650	91
COV	[651-651]	651	49
COV	[652-652]	652	66
COV	[653-653]	653	62
COV	[654-654]	654	52
COV	[655-655]	655	55
COV	[656-656]	656	60
COV	[657-657]	657	66
COV	[658-658]	658	55
COV	[659-659]	659	50
COV	[660-660]	660	57
COV	[661-661]	661	58
COV	[662-662]	662	55
COV	[663-663]	663	50
COV	[664-664]	664	65
COV	[665-665]	665	43
COV	[666-666]	666	55
COV	[667-667]	667	57
COV	[668-668]	668	53
COV	[669-669]	669	37
COV	[670-670]	670	40
COV	[671-671]	671	31
COV	[672-672]	672	43
COV	[673-673]	673	38
COV	[674-674]	674	40
COV	[675-675]	675	31
COV	[676-676]	676	29
COV	[677-677]	677	31
COV	[678-678]	678	32
COV	[679-679]	679	27
COV	[680-680]	680	28
COV	[681-681]	681	30
COV	[682-682]	682	21
COV	[683-683]	683	37
COV	[684-684]	684	25
COV	[685-685]	685	37
COV	[686-686]	686	32
COV	[687-687]	687	36
COV	[688-688]	688	27
COV	[689-689]	689	37
COV	[690-690]	690	33
COV	[691-691]	691	38
COV	[692-692]	692	29
COV	[693-693]	693	43
COV	[694-694]	694	44
COV	[695-695]	695	46
COV	[696-696]	696	43
COV	[697-697]	697	34
COV	[698-698]	698	28
COV	[699-699]	699	35
COV	[700-700]	700	41
COV	[701-701]	701	28
COV	[702-702]	702	33
COV	[703-703]	703	37
COV	[704-704]	704	42
COV	[705-705]	705	42
COV	[706-706]	706	34
COV	[707-707]	707	45
COV	[708-708]	708	46
COV	[709-709]	709	56
COV	[710-710]	710	46
COV	[711-711]	711	47
COV	[712-712]	712	36
COV	[713-713]	713	32
COV	[714-714]	714	42
COV	[715-715]	715	33
COV	[716-716]	716	40
COV	[717-717]	717	36
COV	[718-718]	718	28
COV	[719-719]	719	36
COV	[720-720]	720	42
COV	[721-721]	721	37
COV	[722-722]	722	37
COV	[723-723]	723	33
COV	[724-724]	724	36
COV	[725-725]	725	22
COV	[726-726]	726	28
COV	[727-727]	727	35
COV	[728-728]	728	34
COV	[729-729]	729	26
COV	[730-730]	730	28
COV	[731-731]	731	26
COV	[732-732]	732	39
COV	[733-733]	733	21
COV	[734-734]	734	18
COV	[735-735]	735	29
COV	[736-736]	736	28
COV	[737-737]	737	33
COV	[738-738]	738	19
COV	[739-739]	739	38
COV	[740-740]	740	26
COV	[741-741]	741	27
COV	[742-742]	742	34
COV	[743-743]	743	25
COV	[744-744]	744	22
COV	[745-745]	745	27
COV	[746-746]	746	28
COV	[747-747]	747	30
COV	[748-748]	748	37
COV	[749-749]	749	32
COV	[750-750]	750	21
COV	[751-751]	751	23
COV	[752-752]	752	20
COV	[753-753]	753	26
COV	[754-754]	754	23
COV	[755-755]	755	28
COV	[756-756]	756	29
COV	[757-757]	757	23
COV	[758-758]	758	27
COV	[759-759]	759	34
COV	[760-760]	760	27
COV	[761-761]	761	21
COV	[762-762]	762	22
COV	[763-763]	763	18
COV	[764-764]	764	29
COV	[765-765]	765	20
COV	[766-766]	766	27
COV	[767-767]	767	25
COV	[768-768]	768	20
COV	[769-769]	769	22
COV	[770-770]	770	25
COV	[771-771]	771	15
COV	[772-772]	772	36
COV	[773-773]	773	22
COV	[774-774]	774	20
COV	[775-775]	775	12
COV	[776-776]	776	23
COV	[777-777]	777	40
COV	[778-778]	778	22
COV	[779-779]	779	24
COV	[780-780]	780	23
COV	[781-781]	781	27
COV	[782-782]	782	32
COV	[783-783]	783	20
COV	[784-784]	784	20
COV	[785-785]	785	29
COV	[786-786]	786	30
COV	[787-787]	787	30
COV	[788-788]	788	21
COV	[789-789]	789	29
COV	[790-790]	790	21
COV	[791-791]	791	19
COV	[792-792]	792	14
COV	[793-793]	793	20
COV	[794-794]	794	16
COV	[795-795]	795	14
COV	[796-796]	796	19
COV	[797-797]	797	16
COV	[798-798]	798	12
COV	[799-799]	799	20
COV	[800-800]	800	14
COV	[801-801]	801	17
COV	[802-802]	802	16
COV	[803-803]	803	14
COV	[804-804]	804	19
COV	[805-805]	805	18
COV	[806-806]	806	16
COV	[807-807]	807	19
COV	[808-808]	808	17
COV	[809-809]	809	16
COV	[810-810]	810	16
COV	[811-811]	811	22
COV	[812-812]	812	10
COV	[813-813]	813	12
COV	[814-814]	814	14
COV	[815-815]	815	14
COV	[816-816]	816	17
COV	[817-817]	817	16
COV	[818-818]	818	16
COV	[819-819]	819	16
COV	[820-820]	820	16
COV	[821-821]	821	10
COV	[822-822]	822	25
COV	[823-823]	823	14
COV	[824-824]	824	7
COV	[825-825]	825	18
COV	[826-826]	826	16
COV	[827-827]	827	14
COV	[828-828]	828	11
COV	[829-829]	829	15
COV	[830-830]	830	10
COV	[831-831]	831	14
COV	[832-832]	832	9
COV	[833-833]	833	5
COV	[834-834]	834	8
COV	[835-835]	835	8
COV	[836-836]	836	9
COV	[837-837]	837	13
COV	[838-838]	838	12
COV	[839-839]	839	14
COV	[840-840]	840	20
COV	[841-841]	841	9
COV	[842-842]	842	12
COV	[843-843]	843	17
COV	[844-844]	844	14
COV	[845-845]	845	14
COV	[846-846]	846	15
COV	[847-847]	847	10
COV	[848-848]	848	12
COV	[849-849]	849	9
COV	[850-850]	850	14
COV	[851-851]	851	8
COV	[852-852]	852	9
COV	[853-853]	853	11
COV	[854-854]	854	12
COV	[855-855]	855	7
COV	[856-856]	856	9
COV	[857-857]	857	8
COV	[858-858]	858	8
COV	[859-859]	859	9
COV	[860-860]	860	14
COV	[861-861]	861	14
COV	[862-862]	862	3
COV	[863-863]	863	12
COV	[864-864]	864	9
COV	[865-865]	865	11
COV	[866-866]	866	16
COV	[867-867]	867	20
COV	[868-868]	868	14
COV	[869-869]	869	10
COV	[870-870]	870	13
COV	[871-871]	871	9
COV	[872-872]	872	9
COV	[873-873]	873	7
COV	[874-874]	874	16
COV	[875-875]	875	20
COV	[876-876]	876	13
COV	[877-877]	877	14
COV	[878-878]	878	7
COV	[879-879]	879	17
COV	[880-880]	880	4
COV	[881-881]	881	9
COV	[882-882]	882	7
COV	[883-883]	883	16
COV	[884-884]	884	12
COV	[885-885]	885	12
COV	[886-886]	886	8
COV	[887-887]	887	11
COV	[888-888]	888	8
COV	[889-889]	889	11
COV	[890-890]	890	8
COV	[891-891]	891	15
COV	[892-892]	892	9
COV	[893-893]	893	10
COV	[894-894]	894	14
COV	[895-895]	895	11
COV	[896-896]	896	19
COV	[897-897]	897	8
COV	[898-898]	898	12
COV	[899-899]	899	15
COV	[900-900]	900	21
COV	[901-901]	901	12
COV	[902-902]	902	17
COV	[903-903]	903	15
COV	[904-904]	904	8
COV	[905-905]	905	16
COV	[906-906]	906	13
COV	[907-907]	907	15
COV	[908-908]	908	15
COV	[909-909]	909	15
COV	[910-910]	910	13
COV	[911-911]	911	9
COV	[912-912]	912	8
COV	[913-913]	913	11
COV	[914-914]	914	9
COV	[915-915]	915	10
COV	[916-916]	916	12
COV	[917-917]	917	11
COV	[918-918]	918	15
COV	[919-919]	919	8
COV	[920-920]	920	10
COV	[921-921]	921	11
COV	[922-922]	922	4
COV	[923-923]	923	10
COV	[924-924]	924	8
COV	[925-925]	925	2
COV	[926-926]	926	15
COV	[927-927]	927	9
COV	[928-928]	928	11
COV	[929-929]	929	11
COV	[930-930]	930	13
COV	[931-931]	931	9
COV	[932-932]	932	10
COV	[933-933]	933	10
COV	[934-934]	934	9
COV	[935-935]	935	6
COV	[936-936]	936	6
COV	[937-937]	937	10
COV	[938-938]	938	7
COV	[939-939]	939	9
COV	[940-940]	940	10
COV	[941-941]	941	9
COV	[942-942]	942	9
COV	[943-943]	943	10
COV	[944-944]	944	4
COV	[945-945]	945	10
COV	[946-946]	946	8
COV	[947-947]	947	8
COV	[948-948]	948	3
COV	[949-949]	949	7
COV	[950-950]	950	6
COV	[951-951]	951	5
COV	[952-952]	952	5
COV	[953-953]	953	8
COV	[954-954]	954	8
COV	[955-955]	955	6
COV	[956-956]	956	10
COV	[957-957]	957	7
COV	[958-958]	958	4
COV	[959-959]	959	6
COV	[960-960]	960	3
COV	[961-961]	961	10
COV	[962-962]	962	4
COV	[963-963]	963	6
COV	[964-964]	964	6
COV	[965-965]	965	14
COV	[966-966]	966	4
COV	[967-967]	967	8
COV	[968-968]	968	9
COV	[969-969]	969	1
COV	[970-970]	970	6
COV	[971-971]	971	7
COV	[972-972]	972	2
COV	[973-973]	973	5
COV	[974-974]	974	7
COV	[975-975]	975	8
COV	[976-976]	976	7
COV	[977-977]	977	2
COV	[978-978]	978	7
COV	[979-979]	979	5
COV	[980-980]	980	5
COV	[981-981]	981	8
COV	[982-982]	982	12
COV	[983-983]	983	6
COV	[984-984]	984	4
COV	[985-985]	985	9
COV	[986-986]	986	6
COV	[987-987]	987	7
COV	[988-988]	988	5
COV	[989-989]	989	6
COV	[990-990]	990	6
COV	[991-991]	991	5
COV	[992-992]	992	6
COV	[993-993]	993	3
COV	[994-994]	994	8
COV	[995-995]	995	11
COV	[996-996]	996	5
COV	[997-997]	997	7
COV	[998-998]	998	10
COV	[999-999]	999	5
COV	[1000-1000]	1000	8
COV	[1000<]	1000	2142
# GC-depth. Use `grep ^GCD | cut -f 2-` to extract this part. The columns are: GC%, unique sequence percentiles, 10th, 25th, 50th, 75th and 90th depth percentile
GCD	0.0	0.004	0.000	0.002	0.004	0.004	0.004
GCD	1.7	0.005	0.016	0.016	0.016	0.016	0.016
GCD	3.0	0.005	0.004	0.004	0.004	0.004	0.004
GCD	5.0	0.007	0.004	0.004	0.004	0.004	0.004
GCD	13.0	0.007	0.004	0.004	0.004	0.004	0.004
GCD	14.0	0.008	0.008	0.008	0.008	0.008	0.008
GCD	15.0	0.009	0.004	0.004	0.004	0.004	0.004
GCD	20.0	0.010	0.281	0.281	0.281	0.281	0.281
GCD	21.0	0.010	0.008	0.008	0.008	0.008	0.008
GCD	22.0	0.011	0.008	0.008	0.008	0.008	0.008
GCD	23.0	0.014	0.720	0.826	1.581	9.410	11.874
GCD	24.0	0.015	0.016	0.016	0.320	0.625	0.625
GCD	25.0	0.018	0.004	0.081	0.532	2.212	2.698
GCD	26.0	0.019	0.008	0.008	0.077	0.146	0.146
GCD	27.0	0.021	0.004	0.004	0.020	0.024	0.024
GCD	28.0	0.024	0.044	0.044	0.099	0.353	0.419
GCD	29.0	0.028	0.016	0.055	0.237	0.803	1.147
GCD	30.0	0.043	0.008	0.129	0.629	1.608	2.304
GCD	31.0	0.087	0.055	0.241	0.924	1.409	2.602
GCD	32.0	0.204	0.119	0.202	0.867	1.927	3.506
GCD	33.0	0.495	0.152	0.214	0.942	1.985	3.003
GCD	34.0	1.186	0.158	0.206	0.479	2.052	3.865
GCD	35.0	2.534	0.166	0.214	0.289	1.816	3.645
GCD	36.0	4.988	0.168	0.214	0.277	1.468	3.654
GCD	37.0	8.744	0.170	0.222	0.277	1.064	3.528
GCD	38.0	14.096	0.174	0.226	0.285	0.740	3.118
GCD	39.0	20.922	0.174	0.233	0.289	0.423	3.086
GCD	40.0	28.241	0.194	0.249	0.313	0.474	3.150
GCD	41.0	35.665	0.218	0.273	0.336	0.590	3.114
GCD	42.0	42.785	0.233	0.289	0.356	0.688	3.335
GCD	43.0	49.644	0.249	0.309	0.384	0.795	3.370
GCD	44.0	55.883	0.261	0.328	0.411	1.001	3.699
GCD	45.0	61.451	0.281	0.352	0.435	1.112	4.059
GCD	46.0	66.394	0.293	0.372	0.475	1.448	4.617
GCD	47.0	70.625	0.309	0.404	0.514	1.517	4.900
GCD	48.0	74.251	0.324	0.427	0.550	2.050	5.615
GCD	49.0	77.444	0.340	0.459	0.609	2.552	6.382
GCD	50.0	80.297	0.364	0.506	0.704	2.937	7.090
GCD	51.0	82.710	0.392	0.546	0.859	3.581	7.623
GCD	52.0	84.932	0.415	0.601	1.278	4.246	9.221
GCD	53.0	86.889	0.431	0.637	1.545	4.803	10.093
GCD	54.0	88.681	0.501	0.704	1.903	5.527	10.866
GCD	55.0	90.294	0.554	0.799	2.350	6.236	11.810
GCD	56.0	91.791	0.566	0.878	3.051	7.795	14.205
GCD	57.0	93.170	0.700	1.260	3.581	8.297	14.807
GCD	58.0	94.529	0.768	1.502	4.036	9.191	16.654
GCD	59.0	95.751	0.779	1.365	4.204	9.842	17.210
GCD	60.0	96.779	0.898	1.762	4.845	11.410	19.108
GCD	61.0	97.636	0.938	1.793	5.646	12.081	20.554
GCD	62.0	98.364	0.986	1.927	5.543	11.557	19.606
GCD	63.0	98.928	1.164	2.035	5.842	12.055	20.468
GCD	64.0	99.347	1.112	1.931	4.839	9.532	17.686
GCD	65.0	99.647	1.290	2.145	5.824	11.898	20.705
GCD	66.0	99.830	1.068	1.662	3.609	7.672	14.446
GCD	67.0	99.921	0.551	1.800	3.727	7.798	15.459
GCD	68.0	99.969	1.512	2.222	3.549	6.161	12.705
GCD	69.0	99.988	0.079	0.506	3.189	5.322	9.710
GCD	70.0	99.996	0.116	0.562	2.374	5.704	7.441
GCD	71.0	99.998	0.008	0.008	1.907	13.445	13.445
GCD	74.0	99.999	22.771	22.771	22.771	22.771	22.771
GCD	76.0	99.999	11.656	11.656	11.656	11.656	11.656
GCD	77.0	100.000	17.868	17.868	17.868	17.868	17.868
