## htsjdk.samtools.metrics.StringHeader
# CollectOxoGMetrics --INPUT post_aligned/ERR2828359_fixed_sorted.bam --OUTPUT metrics/ERR2828359_OxoGMetrics.txt --REFERENCE_SEQUENCE ../ref/hg38.p14.fa --MINIMUM_QUALITY_SCORE 20 --MINIMUM_MAPPING_QUALITY 30 --MINIMUM_INSERT_SIZE 60 --MAXIMUM_INSERT_SIZE 600 --INCLUDE_NON_PF_READS true --USE_OQ true --CONTEXT_SIZE 1 --STOP_AFTER 2147483647 --VERBOSITY INFO --QUIET false --VALIDATION_STRINGENCY STRICT --COMPRESSION_LEVEL 2 --MAX_RECORDS_IN_RAM 500000 --CREATE_INDEX false --CREATE_MD5_FILE false --GA4GH_CLIENT_SECRETS client_secrets.json --help false --version false --showHidden false --USE_JDK_DEFLATER false --USE_JDK_INFLATER false
## htsjdk.samtools.metrics.StringHeader
# Started on: Tue Jul 01 11:10:18 EDT 2025

## METRICS CLASS	picard.analysis.CollectOxoGMetrics$CpcgMetrics
SAMPLE_ALIAS	LIBRARY	CONTEXT	TOTAL_SITES	TOTAL_BASES	REF_NONOXO_BASES	REF_OXO_BASES	REF_TOTAL_BASES	ALT_NONOXO_BASES	ALT_OXO_BASES	OXIDATION_ERROR_RATE	OXIDATION_Q	C_REF_REF_BASES	G_REF_REF_BASES	C_REF_ALT_BASES	G_REF_ALT_BASES	C_REF_OXO_ERROR_RATE	C_REF_OXO_Q	G_REF_OXO_ERROR_RATE	G_REF_OXO_Q
ERR2828359	1	CCA	39998131	347207386	175550905	171587800	347138705	32233	36448	0.000012	49.157914	171336023	175802682	39214	29467	0.000061	42.130105	0	100
ERR2828359	1	ACC	24759475	220558723	111088141	109410856	220498997	29375	30351	0.000004	53.540744	109451159	111047838	33070	26656	0.000062	42.071214	0	100
ERR2828359	1	CCC	32299113	308157446	156993790	151092394	308086184	36261	35001	0	84.887727	152241847	155844337	38011	33251	0.000036	44.401177	0	100
ERR2828359	1	GCA	30870245	271096478	135060518	135973300	271033818	27276	35384	0.00003	45.242101	134889288	136144530	37690	24970	0.000096	40.179012	0	100
ERR2828359	1	TCT	42473166	320392649	161452388	158887343	320339731	24735	28183	0.000011	49.681153	161945230	158394501	31070	21848	0.000054	42.68386	0	100
ERR2828359	1	ACG	5753523	74228694	37140588	37057598	74198186	14401	16107	0.000023	46.385928	36907005	37291181	16824	13684	0.000089	40.514634	0	100
ERR2828359	1	CCG	7319647	109117826	54927114	54149681	109076795	19143	21888	0.000025	45.993534	53997189	55079606	23121	17910	0.000103	39.873919	0	100
ERR2828359	1	GCC	28632572	277220712	139456613	137699953	277156566	30245	33901	0.000013	48.798195	137678507	139478059	37299	26847	0.000078	41.057087	0	100
ERR2828359	1	GCG	6256561	92424211	45665299	46719675	92384974	18323	20914	0.000028	45.523183	46942856	45442118	21739	17498	0.000078	41.080862	0	100
ERR2828359	1	ACT	30658729	223084607	111885850	111156377	223042227	19390	22990	0.000016	47.921671	111504386	111537841	25242	17138	0.000073	41.384822	0	100
ERR2828359	1	TCA	37678064	287589825	144546960	142989329	287536289	24036	29500	0.000019	47.212628	142975029	144561260	32194	21342	0.000078	41.106402	0	100
ERR2828359	1	CCT	40203360	343250744	173785345	169405476	343190821	28265	31658	0.00001	50.050276	172083299	171107522	34909	25014	0.000057	42.467809	0	100
ERR2828359	1	TCC	34004049	299285708	152273041	146957283	299230324	27305	28079	0.000003	55.87345	149052451	150177873	31610	23774	0.000054	42.696419	0	100
ERR2828359	1	GCT	30572231	272114837	135931061	136132176	272063237	22160	29440	0.000027	45.726208	136832308	135230929	31651	19949	0.000084	40.7695	0	100
ERR2828359	1	TCG	5070710	69114763	34573761	34521354	69095115	9319	10329	0.000015	48.352494	34560624	34534491	10559	9089	0.000042	43.735479	0	100
ERR2828359	1	ACA	37903092	281397263	141038545	140287120	281325665	32553	39045	0.000023	46.369414	138786493	142539172	41634	29964	0.00009	40.4709	0	100


