## htsjdk.samtools.metrics.StringHeader
# CollectOxoGMetrics --INPUT post_aligned/ERR2828367_fixed_sorted.bam --OUTPUT metrics/ERR2828367_OxoGMetrics.txt --REFERENCE_SEQUENCE ../ref/hg38.p14.fa --MINIMUM_QUALITY_SCORE 20 --MINIMUM_MAPPING_QUALITY 30 --MINIMUM_INSERT_SIZE 60 --MAXIMUM_INSERT_SIZE 600 --INCLUDE_NON_PF_READS true --USE_OQ true --CONTEXT_SIZE 1 --STOP_AFTER 2147483647 --VERBOSITY INFO --QUIET false --VALIDATION_STRINGENCY STRICT --COMPRESSION_LEVEL 2 --MAX_RECORDS_IN_RAM 500000 --CREATE_INDEX false --CREATE_MD5_FILE false --GA4GH_CLIENT_SECRETS client_secrets.json --help false --version false --showHidden false --USE_JDK_DEFLATER false --USE_JDK_INFLATER false
## htsjdk.samtools.metrics.StringHeader
# Started on: Tue Jul 01 11:09:10 EDT 2025

## METRICS CLASS	picard.analysis.CollectOxoGMetrics$CpcgMetrics
SAMPLE_ALIAS	LIBRARY	CONTEXT	TOTAL_SITES	TOTAL_BASES	REF_NONOXO_BASES	REF_OXO_BASES	REF_TOTAL_BASES	ALT_NONOXO_BASES	ALT_OXO_BASES	OXIDATION_ERROR_RATE	OXIDATION_Q	C_REF_REF_BASES	G_REF_REF_BASES	C_REF_ALT_BASES	G_REF_ALT_BASES	C_REF_OXO_ERROR_RATE	C_REF_OXO_Q	G_REF_OXO_ERROR_RATE	G_REF_OXO_Q
ERR2828367	1	CCA	33087067	267357851	135236722	132073967	267310689	22951	24211	0.000005	53.267224	131900352	135410337	25011	22151	0.000026	45.845765	0	100
ERR2828367	1	ACC	20434591	169507421	85357334	84108779	169466113	20729	20579	0	82.291887	84112186	85353927	21799	19509	0.000031	45.144926	0	100
ERR2828367	1	CCC	27404747	241333654	122849722	118430753	241280475	26664	26515	0	83.826179	119234146	122046329	27021	26158	0.000012	49.105379	0	100
ERR2828367	1	GCA	25498127	208724155	104111924	104568924	208680848	20037	23270	0.000015	48.09967	103813492	104867356	23976	19331	0.000047	43.316546	0	100
ERR2828367	1	TCT	34591743	242585053	122111564	120434859	242546423	19026	19604	0.000002	56.229362	122690942	119855481	20889	17741	0.000022	46.530593	0	100
ERR2828367	1	ACG	4848965	57927137	29010246	28894975	57905221	10586	11330	0.000013	48.913091	28793019	29112202	11589	10327	0.000048	43.212425	0	100
ERR2828367	1	CCG	6349924	86853728	43735849	43084763	86820612	15574	17542	0.000023	46.447634	42968081	43852531	18583	14533	0.000101	39.956766	0	100
ERR2828367	1	GCC	24088819	217371497	109399756	107925446	217325202	22231	24064	0.000008	50.740401	107926219	109398983	25293	21002	0.000042	43.73041	0	100
ERR2828367	1	GCG	5418805	73686946	36463437	37194368	73657805	14019	15122	0.000015	48.24815	37409185	36248620	14785	14356	0	100	0.000001	60.871287
ERR2828367	1	ACT	24776471	167872343	84183241	83661164	167844405	13580	14358	0.000005	53.339996	83952408	83891997	15078	12860	0.000026	45.800332	0	100
ERR2828367	1	TCA	30546789	217127374	109100238	107991851	217092089	16461	18824	0.000011	49.632509	107963830	109128259	19942	15343	0.000044	43.55565	0	100
ERR2828367	1	CCT	33454523	264827892	133952563	130830504	264783067	22051	22774	0.000003	55.638254	132843527	131939540	23988	20837	0.000023	46.451757	0	100
ERR2828367	1	TCC	28251626	230105803	117018418	113046633	230065051	19985	20767	0.000003	54.687208	114659915	115405136	22135	18617	0.000032	44.986768	0	100
ERR2828367	1	GCT	25325123	209937702	104892676	105008721	209901397	16970	19335	0.000011	49.482593	105594518	104306879	20106	16199	0.000035	44.547656	0	100
ERR2828367	1	TCG	4270773	54028915	27041063	26973320	54014383	6910	7622	0.000013	48.801463	27015137	26999246	7931	6601	0.000049	43.092597	0	100
ERR2828367	1	ACA	30696768	212111020	106313965	105753474	212067439	20662	22919	0.000011	49.730317	104609124	107458315	23820	19761	0.000044	43.586031	0	100


