chr1	248956422	7735240	36711
chr10	133797422	3207044	15064
chr11	135086622	4496440	21604
chr11_KI270721v1_random	100316	2194	9
chr12	133275309	4010268	19341
chr13	114364328	1477061	6672
chr14	107043718	2420427	11720
chr14_GL000009v2_random	201709	2580	8
chr14_GL000225v1_random	211173	12153	116
chr14_KI270722v1_random	194050	1428	8
chr14_GL000194v1_random	191469	6659	43
chr14_KI270723v1_random	38115	1302	14
chr14_KI270724v1_random	39555	685	8
chr14_KI270725v1_random	172810	1622	4
chr14_KI270726v1_random	43739	2595	10
chr15	101991189	2708490	13120
chr15_KI270727v1_random	448248	5985	28
chr16	90338345	3395827	17300
chr16_KI270728v1_random	1872759	27539	143
chr17	83257441	4151872	21207
chr17_GL000205v2_random	185591	942	5
chr17_KI270729v1_random	280839	3250	4
chr17_KI270730v1_random	112551	1154	10
chr18	80373285	1293578	6117
chr19	58617616	4336036	23147
chr1_KI270706v1_random	175055	1881	10
chr1_KI270707v1_random	32032	155	3
chr1_KI270708v1_random	127682	324	2
chr1_KI270709v1_random	66860	2273	16
chr1_KI270710v1_random	40176	90	1
chr1_KI270711v1_random	42210	3946	14
chr1_KI270712v1_random	176043	3003	20
chr1_KI270713v1_random	40745	5964	31
chr1_KI270714v1_random	41717	2234	15
chr2	242193529	5657325	26120
chr20	64444167	2020568	10047
chr21	46709983	890710	4394
chr22	50818468	1853353	9633
chr22_KI270731v1_random	150754	4905	24
chr22_KI270732v1_random	41543	555	2
chr22_KI270733v1_random	179772	19795	165
chr22_KI270734v1_random	165050	8483	47
chr22_KI270735v1_random	42811	558	3
chr22_KI270736v1_random	181920	1716	21
chr22_KI270737v1_random	103838	308	2
chr22_KI270738v1_random	99375	131	2
chr22_KI270739v1_random	73985	83	0
chr2_KI270715v1_random	161471	209	0
chr2_KI270716v1_random	153799	208	2
chr3	198295559	4551192	21096
chr3_GL000221v1_random	155397	2467	9
chr4	190214555	3183502	14508
chr4_GL000008v2_random	209709	2315	11
chr5	181538259	3502558	16164
chr5_GL000208v1_random	92689	233	0
chr6	170805979	3465323	16191
chr7	159345973	3890083	19114
chr8	145138636	2702084	12836
chr9	138394717	3369172	16684
chr9_KI270717v1_random	40062	686	3
chr9_KI270718v1_random	38054	762	5
chr9_KI270719v1_random	176845	4332	20
chr9_KI270720v1_random	39050	1851	7
chr1_KI270762v1_alt	354444	16564	80
chr1_KI270766v1_alt	256271	5606	34
chr1_KI270760v1_alt	109528	483	7
chr1_KI270765v1_alt	185285	1249	7
chr1_GL383518v1_alt	182439	7988	49
chr1_GL383519v1_alt	110268	18789	89
chr1_GL383520v2_alt	366580	2429	9
chr1_KI270764v1_alt	50258	153	0
chr1_KI270763v1_alt	911658	10457	53
chr1_KI270759v1_alt	425601	6274	26
chr1_KI270761v1_alt	165834	5405	29
chr2_KI270770v1_alt	136240	451	2
chr2_KI270773v1_alt	70887	1329	7
chr2_KI270774v1_alt	223625	3902	21
chr2_KI270769v1_alt	120616	3249	5
chr2_GL383521v1_alt	143390	531	5
chr2_KI270772v1_alt	133041	1562	7
chr2_KI270775v1_alt	138019	284	0
chr2_KI270771v1_alt	110395	156	1
chr2_KI270768v1_alt	110099	815	3
chr2_GL582966v2_alt	96131	3019	14
chr2_GL383522v1_alt	123821	3598	17
chr2_KI270776v1_alt	174166	5531	19
chr2_KI270767v1_alt	161578	689	2
chr3_JH636055v2_alt	173151	2562	10
chr3_KI270783v1_alt	109187	244	1
chr3_KI270780v1_alt	224108	1700	9
chr3_GL383526v1_alt	180671	1182	2
chr3_KI270777v1_alt	173649	2953	14
chr3_KI270778v1_alt	248252	372	0
chr3_KI270781v1_alt	113034	951	5
chr3_KI270779v1_alt	205312	15748	82
chr3_KI270782v1_alt	162429	2240	15
chr3_KI270784v1_alt	184404	3313	22
chr4_KI270790v1_alt	220246	444	3
chr4_GL383528v1_alt	376187	479	3
chr4_KI270787v1_alt	111943	280	2
chr4_GL000257v2_alt	586476	8139	33
chr4_KI270788v1_alt	158965	258	1
chr4_GL383527v1_alt	164536	3142	10
chr4_KI270785v1_alt	119912	259	0
chr4_KI270789v1_alt	205944	576	6
chr4_KI270786v1_alt	244096	370	3
chr5_KI270793v1_alt	126136	1462	2
chr5_KI270792v1_alt	179043	7228	24
chr5_KI270791v1_alt	195710	8389	35
chr5_GL383532v1_alt	82728	170	0
chr5_GL949742v1_alt	226852	413	1
chr5_KI270794v1_alt	164558	2338	9
chr5_GL339449v2_alt	1612928	20184	107
chr5_GL383530v1_alt	101241	191	1
chr5_KI270796v1_alt	172708	352	3
chr5_GL383531v1_alt	173459	309	2
chr5_KI270795v1_alt	131892	1820	7
chr6_GL000250v2_alt	4672374	33700	173
chr6_KI270800v1_alt	175808	756	6
chr6_KI270799v1_alt	152148	209	0
chr6_GL383533v1_alt	124736	785	4
chr6_KI270801v1_alt	870480	7929	38
chr6_KI270802v1_alt	75005	313	1
chr6_KB021644v2_alt	185823	587	2
chr6_KI270797v1_alt	197536	3878	17
chr6_KI270798v1_alt	271782	6345	33
chr7_KI270804v1_alt	157952	649	4
chr7_KI270809v1_alt	209586	5591	27
chr7_KI270806v1_alt	158166	2399	10
chr7_GL383534v2_alt	119183	4539	17
chr7_KI270803v1_alt	1111570	56166	265
chr7_KI270808v1_alt	271455	1923	11
chr7_KI270807v1_alt	126434	587	6
chr7_KI270805v1_alt	209988	1262	9
chr8_KI270818v1_alt	145606	1181	5
chr8_KI270812v1_alt	282736	1543	11
chr8_KI270811v1_alt	292436	1950	5
chr8_KI270821v1_alt	985506	13317	75
chr8_KI270813v1_alt	300230	13064	52
chr8_KI270822v1_alt	624492	7333	33
chr8_KI270814v1_alt	141812	832	4
chr8_KI270810v1_alt	374415	747	1
chr8_KI270819v1_alt	133535	3091	13
chr8_KI270820v1_alt	36640	342	0
chr8_KI270817v1_alt	158983	3719	16
chr8_KI270816v1_alt	305841	26341	118
chr8_KI270815v1_alt	132244	2025	11
chr9_GL383539v1_alt	162988	350	1
chr9_GL383540v1_alt	71551	2064	13
chr9_GL383541v1_alt	171286	2348	15
chr9_GL383542v1_alt	60032	337	3
chr9_KI270823v1_alt	439082	2543	14
chr10_GL383545v1_alt	179254	2208	10
chr10_KI270824v1_alt	181496	1146	2
chr10_GL383546v1_alt	309802	5463	21
chr10_KI270825v1_alt	188315	6598	38
chr11_KI270832v1_alt	210133	19014	119
chr11_KI270830v1_alt	177092	1946	17
chr11_KI270831v1_alt	296895	9821	56
chr11_KI270829v1_alt	204059	2541	10
chr11_GL383547v1_alt	154407	213	1
chr11_JH159136v1_alt	200998	3321	16
chr11_JH159137v1_alt	191409	2533	12
chr11_KI270827v1_alt	67707	248	2
chr11_KI270826v1_alt	186169	715	2
chr12_GL877875v1_alt	167313	5579	33
chr12_GL877876v1_alt	408271	6861	32
chr12_KI270837v1_alt	40090	1646	16
chr12_GL383549v1_alt	120804	238	0
chr12_KI270835v1_alt	238139	4347	8
chr12_GL383550v2_alt	169178	1002	4
chr12_GL383552v1_alt	138655	419	4
chr12_GL383553v2_alt	152874	2361	10
chr12_KI270834v1_alt	119498	9250	41
chr12_GL383551v1_alt	184319	410	1
chr12_KI270833v1_alt	76061	2893	26
chr12_KI270836v1_alt	56134	336	3
chr13_KI270840v1_alt	191684	1102	3
chr13_KI270839v1_alt	180306	1113	4
chr13_KI270843v1_alt	103832	216	0
chr13_KI270841v1_alt	169134	239	1
chr13_KI270838v1_alt	306913	2991	8
chr13_KI270842v1_alt	37287	561	5
chr14_KI270844v1_alt	322166	4229	17
chr14_KI270847v1_alt	1511111	36019	197
chr14_KI270845v1_alt	180703	2495	9
chr14_KI270846v1_alt	1351393	55657	281
chr15_KI270852v1_alt	478999	6043	28
chr15_KI270851v1_alt	263054	8276	31
chr15_KI270848v1_alt	327382	7024	38
chr15_GL383554v1_alt	296527	5686	31
chr15_KI270849v1_alt	244917	3069	19
chr15_GL383555v2_alt	388773	5298	33
chr15_KI270850v1_alt	430880	13030	85
chr16_KI270854v1_alt	134193	4105	16
chr16_KI270856v1_alt	63982	803	7
chr16_KI270855v1_alt	232857	11317	65
chr16_KI270853v1_alt	2659700	75786	398
chr16_GL383556v1_alt	192462	6567	39
chr16_GL383557v1_alt	89672	1900	7
chr17_GL383563v3_alt	375691	3985	21
chr17_KI270862v1_alt	391357	5796	29
chr17_KI270861v1_alt	196688	17556	100
chr17_KI270857v1_alt	2877074	87180	462
chr17_JH159146v1_alt	278131	11758	52
chr17_JH159147v1_alt	70345	1579	4
chr17_GL383564v2_alt	133151	7619	36
chr17_GL000258v2_alt	1821992	21157	127
chr17_GL383565v1_alt	223995	426	2
chr17_KI270858v1_alt	235827	496	3
chr17_KI270859v1_alt	108763	471	2
chr17_GL383566v1_alt	90219	393	5
chr17_KI270860v1_alt	178921	5819	39
chr18_KI270864v1_alt	111737	165	1
chr18_GL383567v1_alt	289831	1399	6
chr18_GL383570v1_alt	164789	437	1
chr18_GL383571v1_alt	198278	1752	6
chr18_GL383568v1_alt	104552	156	2
chr18_GL383569v1_alt	167950	394	4
chr18_GL383572v1_alt	159547	2287	11
chr18_KI270863v1_alt	167999	3393	24
chr19_KI270868v1_alt	61734	3531	26
chr19_KI270865v1_alt	52969	4105	18
chr19_GL383573v1_alt	385657	3601	18
chr19_GL383575v2_alt	170222	2073	8
chr19_GL383576v1_alt	188024	2093	7
chr19_GL383574v1_alt	155864	1732	7
chr19_KI270866v1_alt	43156	1765	13
chr19_KI270867v1_alt	233762	3954	19
chr19_GL949746v1_alt	987716	20370	128
chr20_GL383577v2_alt	128386	501	3
chr20_KI270869v1_alt	118774	4084	13
chr20_KI270871v1_alt	58661	1724	16
chr20_KI270870v1_alt	183433	7705	39
chr21_GL383578v2_alt	63917	121	1
chr21_KI270874v1_alt	166743	291	2
chr21_KI270873v1_alt	143900	507	1
chr21_GL383579v2_alt	201197	362	0
chr21_GL383580v2_alt	74653	1581	3
chr21_GL383581v2_alt	116689	2892	19
chr21_KI270872v1_alt	82692	6037	25
chr22_KI270875v1_alt	259914	8426	42
chr22_KI270878v1_alt	186262	3068	16
chr22_KI270879v1_alt	304135	16881	105
chr22_KI270876v1_alt	263666	3434	23
chr22_KI270877v1_alt	101331	2161	11
chr22_GL383583v2_alt	96924	1309	8
chr22_GL383582v2_alt	162811	2664	16
chrX_KI270880v1_alt	284869	1219	12
chrX_KI270881v1_alt	144206	1650	7
chr19_KI270882v1_alt	248807	597	5
chr19_KI270883v1_alt	170399	1092	5
chr19_KI270884v1_alt	157053	599	1
chr19_KI270885v1_alt	171027	1692	8
chr19_KI270886v1_alt	204239	731	3
chr19_KI270887v1_alt	209512	1133	5
chr19_KI270888v1_alt	155532	1150	4
chr19_KI270889v1_alt	170698	1645	5
chr19_KI270890v1_alt	184499	504	3
chr19_KI270891v1_alt	170680	1433	3
chr1_KI270892v1_alt	162212	5482	19
chr2_KI270894v1_alt	214158	2843	20
chr2_KI270893v1_alt	161218	625	5
chr3_KI270895v1_alt	162896	10074	66
chr4_KI270896v1_alt	378547	2519	16
chr5_KI270897v1_alt	1144418	15241	83
chr5_KI270898v1_alt	130957	2028	8
chr6_GL000251v2_alt	4795265	90392	466
chr7_KI270899v1_alt	190869	1031	6
chr8_KI270901v1_alt	136959	488	4
chr8_KI270900v1_alt	318687	2895	17
chr11_KI270902v1_alt	106711	12065	69
chr11_KI270903v1_alt	214625	3416	27
chr12_KI270904v1_alt	572349	9938	66
chr15_KI270906v1_alt	196384	3044	17
chr15_KI270905v1_alt	5161414	60286	277
chr17_KI270907v1_alt	137721	934	5
chr17_KI270910v1_alt	157099	3523	13
chr17_KI270909v1_alt	325800	9023	50
chr17_JH159148v1_alt	88070	2270	12
chr17_KI270908v1_alt	1423190	36569	185
chr18_KI270912v1_alt	174061	524	2
chr18_KI270911v1_alt	157710	2237	15
chr19_GL949747v2_alt	729520	8231	43
chr22_KB663609v1_alt	74013	1424	6
chrX_KI270913v1_alt	274009	2599	25
chr19_KI270914v1_alt	205194	701	4
chr19_KI270915v1_alt	170665	1824	7
chr19_KI270916v1_alt	184516	504	2
chr19_KI270917v1_alt	190932	1721	6
chr19_KI270918v1_alt	123111	896	3
chr19_KI270919v1_alt	170701	1118	7
chr19_KI270920v1_alt	198005	1352	10
chr19_KI270921v1_alt	282224	888	7
chr19_KI270922v1_alt	187935	1462	4
chr19_KI270923v1_alt	189352	956	6
chr3_KI270924v1_alt	166540	9720	56
chr4_KI270925v1_alt	555799	2112	13
chr6_GL000252v2_alt	4604811	86581	444
chr8_KI270926v1_alt	229282	3067	20
chr11_KI270927v1_alt	218612	13529	77
chr19_GL949748v2_alt	1064304	5173	28
chr22_KI270928v1_alt	176103	4117	20
chr19_KI270929v1_alt	186203	1593	8
chr19_KI270930v1_alt	200773	672	4
chr19_KI270931v1_alt	170148	1310	11
chr19_KI270932v1_alt	215732	742	6
chr19_KI270933v1_alt	170537	856	3
chr19_GL000209v2_alt	177381	502	3
chr3_KI270934v1_alt	163458	10262	63
chr6_GL000253v2_alt	4677643	58394	296
chr19_GL949749v2_alt	1091841	5292	21
chr3_KI270935v1_alt	197351	6952	45
chr6_GL000254v2_alt	4827813	83973	454
chr19_GL949750v2_alt	1066390	5299	29
chr3_KI270936v1_alt	164170	10182	43
chr6_GL000255v2_alt	4606388	78869	401
chr19_GL949751v2_alt	1002683	5411	34
chr3_KI270937v1_alt	165607	9553	58
chr6_GL000256v2_alt	4929269	72784	369
chr19_GL949752v1_alt	987100	21113	109
chr6_KI270758v1_alt	76752	604	3
chr19_GL949753v2_alt	796479	12803	75
chr19_KI270938v1_alt	1066800	24288	99
chrM	16569	11661	54
chrUn_KI270302v1	2274	2	0
chrUn_KI270304v1	2165	5	0
chrUn_KI270303v1	1942	2	0
chrUn_KI270305v1	1472	4	0
chrUn_KI270322v1	21476	16	0
chrUn_KI270320v1	4416	22	0
chrUn_KI270310v1	1201	14	0
chrUn_KI270316v1	1444	2	0
chrUn_KI270315v1	2276	2	0
chrUn_KI270312v1	998	2	0
chrUn_KI270311v1	12399	4	0
chrUn_KI270317v1	37690	3	0
chrUn_KI270412v1	1179	4	0
chrUn_KI270411v1	2646	12	0
chrUn_KI270414v1	2489	6	0
chrUn_KI270419v1	1029	4	0
chrUn_KI270418v1	2145	4	0
chrUn_KI270420v1	2321	4	0
chrUn_KI270424v1	2140	2	0
chrUn_KI270417v1	2043	2	0
chrUn_KI270422v1	1445	0	0
chrUn_KI270423v1	981	2	0
chrUn_KI270425v1	1884	0	0
chrUn_KI270429v1	1361	11	0
chrUn_KI270442v1	392061	6239	34
chrUn_KI270466v1	1233	182	1
chrUn_KI270465v1	1774	8	0
chrUn_KI270467v1	3920	510	2
chrUn_KI270435v1	92983	438	4
chrUn_KI270438v1	112505	10275	47
chrUn_KI270468v1	4055	21	0
chrUn_KI270510v1	2415	21	0
chrUn_KI270509v1	2318	16	0
chrUn_KI270518v1	2186	8	0
chrUn_KI270508v1	1951	12	0
chrUn_KI270516v1	1300	6	0
chrUn_KI270512v1	22689	81	0
chrUn_KI270519v1	138126	570	1
chrUn_KI270522v1	5674	12	0
chrUn_KI270511v1	8127	27	0
chrUn_KI270515v1	6361	45	0
chrUn_KI270507v1	5353	47	0
chrUn_KI270517v1	3253	12	0
chrUn_KI270529v1	1899	2	0
chrUn_KI270528v1	2983	4	0
chrUn_KI270530v1	2168	2	0
chrUn_KI270539v1	993	2	0
chrUn_KI270538v1	91309	405	2
chrUn_KI270544v1	1202	2	0
chrUn_KI270548v1	1599	0	0
chrUn_KI270583v1	1400	4	0
chrUn_KI270587v1	2969	50	0
chrUn_KI270580v1	1553	13	0
chrUn_KI270581v1	7046	21	2
chrUn_KI270579v1	31033	54	0
chrUn_KI270589v1	44474	214	1
chrUn_KI270590v1	4685	60	0
chrUn_KI270584v1	4513	30	0
chrUn_KI270582v1	6504	14	0
chrUn_KI270588v1	6158	40	0
chrUn_KI270593v1	3041	12	0
chrUn_KI270591v1	5796	69	0
chrUn_KI270330v1	1652	366	1
chrUn_KI270329v1	1040	4	0
chrUn_KI270334v1	1368	0	0
chrUn_KI270333v1	2699	158	0
chrUn_KI270335v1	1048	0	0
chrUn_KI270338v1	1428	4	0
chrUn_KI270340v1	1428	2	0
chrUn_KI270336v1	1026	79	0
chrUn_KI270337v1	1121	190	0
chrUn_KI270363v1	1803	4	0
chrUn_KI270364v1	2855	8	0
chrUn_KI270362v1	3530	4	0
chrUn_KI270366v1	8320	17	0
chrUn_KI270378v1	1048	0	0
chrUn_KI270379v1	1045	2	0
chrUn_KI270389v1	1298	4	0
chrUn_KI270390v1	2387	0	0
chrUn_KI270387v1	1537	4	0
chrUn_KI270395v1	1143	8	0
chrUn_KI270396v1	1880	8	0
chrUn_KI270388v1	1216	0	0
chrUn_KI270394v1	970	2	0
chrUn_KI270386v1	1788	2	0
chrUn_KI270391v1	1484	0	0
chrUn_KI270383v1	1750	0	0
chrUn_KI270393v1	1308	0	0
chrUn_KI270384v1	1658	0	0
chrUn_KI270392v1	971	2	0
chrUn_KI270381v1	1930	0	0
chrUn_KI270385v1	990	4	0
chrUn_KI270382v1	4215	6	0
chrUn_KI270376v1	1136	0	0
chrUn_KI270374v1	2656	0	0
chrUn_KI270372v1	1650	4	0
chrUn_KI270373v1	1451	2	0
chrUn_KI270375v1	2378	2	0
chrUn_KI270371v1	2805	0	0
chrUn_KI270448v1	7992	26	0
chrUn_KI270521v1	7642	23	1
chrUn_GL000195v1	182896	780	0
chrUn_GL000219v1	179198	2615	15
chrUn_GL000220v1	161802	16258	114
chrUn_GL000224v1	179693	7806	23
chrUn_KI270741v1	157432	698	5
chrUn_GL000226v1	15008	142	0
chrUn_GL000213v1	164239	2457	13
chrUn_KI270743v1	210658	2087	5
chrUn_KI270744v1	168472	4871	15
chrUn_KI270745v1	41891	1936	5
chrUn_KI270746v1	66486	4614	14
chrUn_KI270747v1	198735	852	3
chrUn_KI270748v1	93321	376	3
chrUn_KI270749v1	158759	899	2
chrUn_KI270750v1	148850	2815	16
chrUn_KI270751v1	150742	1775	1
chrUn_KI270752v1	27745	4	1
chrUn_KI270753v1	62944	626	2
chrUn_KI270754v1	40191	1404	4
chrUn_KI270755v1	36723	93	0
chrUn_KI270756v1	79590	386	5
chrUn_KI270757v1	71251	473	3
chrUn_GL000214v1	137718	1906	17
chrUn_KI270742v1	186739	2561	5
chrUn_GL000216v2	176608	4936	44
chrUn_GL000218v1	161147	9157	41
chrX	156040895	3391909	16019
chrY	57227415	49417	354
chrY_KI270740v1_random	37240	0	0
chr1_KQ031383v1_fix	467143	16560	67
chr1_KQ983255v1_alt	278659	6555	36
chr1_KN538361v1_fix	305542	12646	67
chr1_KQ458383v1_alt	349938	9501	51
chr1_KN196473v1_fix	166200	4801	18
chr1_KZ208904v1_alt	166136	3547	21
chr1_KN196472v1_fix	186494	1391	5
chr1_KZ208905v1_alt	140355	135	0
chr1_KQ458382v1_alt	141019	326	3
chr1_KV880763v1_alt	551020	6245	24
chr1_KN196474v1_fix	122022	1206	4
chr1_KN538360v1_fix	460100	4496	30
chr1_KZ208906v1_fix	330031	6003	29
chr1_KQ458384v1_alt	212205	3830	19
chr2_KQ031384v1_fix	481245	14357	66
chr2_KZ208907v1_alt	181658	335	1
chr2_KQ983256v1_alt	535088	10026	43
chr2_KZ208908v1_alt	140361	1523	11
chr2_KN538363v1_fix	365499	11232	55
chr2_KN538362v1_fix	208149	1561	8
chr3_KV766192v1_fix	411654	3288	20
chr3_KN196475v1_fix	451168	15282	70
chr3_KQ031385v1_fix	373699	5031	28
chr3_KN538364v1_fix	415308	1914	16
chr3_KZ208909v1_alt	175849	461	3
chr3_KQ031386v1_fix	165718	225	0
chr3_KN196476v1_fix	305979	897	2
chr4_KQ090013v1_alt	90922	1231	4
chr4_KQ090014v1_alt	163749	226	2
chr4_KQ090015v1_alt	236512	2669	8
chr4_KV766193v1_alt	420675	7751	35
chr4_KQ983257v1_fix	230434	5581	38
chr4_KQ983258v1_alt	205407	4648	35
chr5_KZ208910v1_alt	135987	390	2
chr5_KN196477v1_alt	139087	336	3
chr5_KV575243v1_alt	362221	5832	38
chr5_KV575244v1_fix	673059	24631	135
chr6_KZ208911v1_fix	242796	5118	27
chr6_KQ090017v1_alt	82315	397	3
chr6_KQ031387v1_fix	320750	432	0
chr6_KN196478v1_fix	268330	394	3
chr6_KQ090016v1_fix	245716	3761	19
chr6_KV766194v1_fix	139427	4350	18
chr7_KV880764v1_fix	142129	1767	10
chr7_KV880765v1_fix	468267	6438	13
chr7_KZ208912v1_fix	589656	20364	91
chr7_KZ208913v1_alt	680662	37987	170
chr7_KQ031388v1_fix	179932	1260	8
chr8_KZ208915v1_fix	6367528	96959	489
chr8_KV880767v1_fix	265876	851	3
chr8_KV880766v1_fix	156998	294	0
chr8_KZ208914v1_fix	165120	17435	83
chr9_KQ090018v1_alt	163882	406	1
chr9_KQ090019v1_alt	134099	217	1
chr9_KN196479v1_fix	330164	20499	107
chr10_KN538367v1_fix	420164	692	6
chr10_KQ090020v1_alt	185507	259	1
chr10_KN196480v1_fix	277797	5045	18
chr10_KQ090021v1_fix	264545	2279	7
chr10_KN538366v1_fix	85284	336	2
chr10_KN538365v1_fix	14347	31	0
chr11_KQ759759v1_fix	196940	17274	104
chr11_KN538368v1_alt	203552	2404	5
chr11_KV766195v1_fix	140877	1670	8
chr11_KQ090022v1_fix	181958	2196	9
chr11_KN196481v1_fix	108875	11445	56
chr12_KQ090023v1_alt	109323	858	1
chr12_KZ208916v1_fix	1046838	23233	123
chr12_KN538369v1_fix	541038	8387	45
chr12_KN196482v1_fix	211377	346	0
chr12_KZ208918v1_alt	174808	277	1
chr12_KQ759760v1_fix	315610	428	2
chr12_KZ208917v1_fix	64689	1258	9
chr12_KN538370v1_fix	86533	4151	13
chr13_KN538372v1_fix	356766	11265	59
chr13_KQ090024v1_alt	168146	261	6
chr13_KN196483v1_fix	35455	142	0
chr13_KN538373v1_fix	148762	369	2
chr13_KQ090025v1_alt	123480	956	3
chr13_KN538371v1_fix	206320	3850	20
chr14_KZ208920v1_fix	690932	62559	323
chr14_KZ208919v1_alt	171798	1314	4
chr15_KN538374v1_fix	4998962	65158	344
chr15_KQ031389v1_alt	2365364	13597	76
chr16_KQ090026v1_alt	59016	2363	18
chr16_KV880768v1_fix	1927115	70182	386
chr16_KQ090027v1_alt	267463	4004	17
chr16_KZ208921v1_alt	78609	5277	23
chr16_KQ031390v1_alt	169136	296	0
chr17_KV766196v1_fix	281919	4431	20
chr17_KV575245v1_fix	154723	19477	113
chr17_KV766198v1_alt	276292	23656	125
chr17_KV766197v1_alt	246895	534	2
chr18_KQ458385v1_alt	205101	1766	5
chr18_KQ090028v1_fix	407387	4309	23
chr18_KZ208922v1_fix	93070	356	2
chr19_KQ458386v1_fix	405389	26077	132
chr19_KN196484v1_fix	370917	34877	173
chr19_KV575246v1_alt	163926	908	3
chr19_KV575247v1_alt	170206	883	2
chr19_KV575248v1_alt	168131	749	4
chr19_KV575249v1_alt	293522	1131	8
chr19_KV575250v1_alt	241058	1180	7
chr19_KV575251v1_alt	159285	1333	5
chr19_KV575252v1_alt	178197	975	9
chr19_KV575253v1_alt	166713	1007	3
chr19_KV575254v1_alt	99845	605	4
chr19_KV575255v1_alt	161095	997	3
chr19_KV575256v1_alt	223118	519	1
chr19_KV575257v1_alt	100553	450	2
chr19_KV575259v1_alt	171263	1392	7
chr19_KV575260v1_alt	145691	630	6
chr19_KV575258v1_alt	156965	520	4
chr22_KN196485v1_alt	156562	2197	10
chr22_KQ458387v1_alt	155930	2334	13
chr22_KQ458388v1_alt	174749	3242	15
chr22_KN196486v1_alt	153027	2314	11
chr22_KQ759761v1_alt	145162	2269	16
chr22_KQ759762v1_fix	101037	3804	20
chrX_KV766199v1_alt	188004	381	2
chrY_KZ208923v1_fix	48370	0	0
chrY_KZ208924v1_fix	209722	0	0
chrY_KN196487v1_fix	101150	5477	27
chr1_KZ559100v1_fix	44955	275	4
chr3_KZ559104v1_fix	105527	266	1
chr3_KZ559105v1_alt	195063	3621	16
chr3_KZ559103v1_alt	302885	3183	10
chr3_KZ559102v1_alt	197752	887	2
chr3_KZ559101v1_alt	164041	270	2
chr7_KZ559106v1_alt	172555	374	5
chr8_KZ559107v1_alt	103072	1805	4
chr11_KZ559109v1_fix	279644	12262	55
chr11_KZ559108v1_fix	305244	3227	13
chr11_KZ559111v1_alt	181167	2283	12
chr11_KZ559110v1_alt	301637	3983	15
chr12_KZ559112v1_alt	154139	416	0
chr16_KZ559113v1_fix	480415	4484	29
chr17_KZ559114v1_alt	116753	435	5
chr18_KZ559116v1_alt	163186	240	0
chr18_KZ559115v1_fix	230843	738	4
chr2_ML143342v1_fix	84043	225	1
chr2_ML143341v1_fix	145975	919	9
chr3_ML143343v1_alt	215443	1629	3
chr4_ML143344v1_fix	235734	2175	8
chr4_ML143347v1_fix	176674	1221	7
chr4_ML143346v1_fix	53476	79	2
chr4_ML143348v1_fix	125549	149	1
chr4_ML143345v1_fix	341066	6669	29
chr4_ML143349v1_fix	276109	421	2
chr5_ML143350v1_fix	89956	3366	15
chr6_ML143351v1_fix	73265	91	1
chr7_ML143352v1_fix	254759	2825	13
chr9_ML143353v1_fix	25408	148	0
chr10_ML143354v1_fix	454963	3347	17
chr10_ML143355v1_fix	292944	9752	46
chr11_ML143358v1_fix	270122	9922	53
chr11_ML143360v1_fix	170928	5332	25
chr11_ML143359v1_fix	217075	8476	58
chr11_ML143357v1_fix	165419	634	1
chr11_ML143356v1_fix	45257	82	0
chr12_ML143362v1_fix	192531	12728	67
chr12_ML143361v1_fix	297568	9104	47
chr13_ML143366v1_fix	409912	2056	10
chr13_ML143363v1_fix	7309	4	0
chr13_ML143364v1_fix	158944	1261	7
chr13_ML143365v1_fix	65394	3193	21
chr14_ML143367v1_fix	399183	1487	4
chr14_ML143368v1_alt	264228	428	1
chr15_ML143372v1_fix	396515	1592	5
chr15_ML143371v1_fix	5500449	104104	501
chr15_ML143370v1_fix	369264	14564	64
chr15_ML143369v1_fix	97763	4495	23
chr16_ML143373v1_fix	270967	9472	46
chr17_ML143374v1_fix	137908	16932	80
chr17_ML143375v1_fix	56695	2922	14
chr19_ML143376v1_fix	493165	29385	156
chr21_ML143377v1_fix	519485	21552	142
chr22_ML143380v1_fix	412368	4708	18
chr22_ML143378v1_fix	461303	1950	8
chr22_ML143379v1_fix	12295	56	0
chrX_ML143385v1_fix	17435	27	0
chrX_ML143382v1_fix	28824	294	0
chrX_ML143383v1_fix	68192	103	1
chrX_ML143381v1_fix	403128	5791	24
chrX_ML143384v1_fix	14678	12	0
chr1_MU273333v1_fix	1572686	107360	534
chr1_MU273330v1_alt	516764	17838	83
chr1_MU273335v1_fix	211934	14940	88
chr1_MU273336v1_fix	250447	3944	13
chr1_MU273331v1_alt	847441	10598	38
chr1_MU273334v1_fix	210426	5043	19
chr1_MU273332v1_alt	335159	13681	64
chr2_MU273344v1_fix	244725	11616	49
chr2_MU273345v1_fix	174385	331	2
chr2_MU273343v1_fix	489404	13019	50
chr2_MU273340v1_alt	284971	7161	34
chr2_MU273337v1_alt	431782	14314	65
chr2_MU273342v1_fix	955087	26064	110
chr2_MU273339v1_alt	500581	21112	105
chr2_MU273338v1_alt	535251	7741	41
chr2_MU273341v1_fix	120381	4622	15
chr3_MU273347v1_fix	301310	5246	34
chr3_MU273348v1_fix	475876	6123	28
chr3_MU273346v1_fix	469342	5850	26
chr4_MU273351v1_fix	205691	1452	6
chr4_MU273349v1_alt	308682	4340	21
chr4_MU273350v1_fix	113364	226	0
chr5_MU273354v1_fix	2101585	25412	145
chr5_MU273353v1_fix	208405	2341	7
chr5_MU273356v1_alt	302485	3406	22
chr5_MU273355v1_fix	508332	62645	297
chr5_MU273352v1_fix	34400	416	2
chr6_MU273357v1_alt	383128	7682	36
chr7_MU273358v1_alt	464417	1024	2
chr8_MU273362v1_fix	429744	2438	15
chr8_MU273359v1_fix	150302	495	3
chr8_MU273361v1_fix	106905	4921	22
chr8_MU273363v1_fix	207371	6458	41
chr8_MU273360v1_fix	39290	735	3
chr9_MU273366v1_fix	569668	3769	19
chr9_MU273364v1_fix	340717	1707	7
chr9_MU273365v1_fix	482250	15201	71
chr10_MU273367v1_fix	196262	7263	26
chr11_KQ759759v2_fix	204999	27233	151
chr11_MU273369v1_fix	434831	9277	53
chr11_MU273371v1_fix	122722	2048	10
chr11_MU273370v1_fix	344606	7081	32
chr11_MU273368v1_alt	261194	2815	11
chr12_MU273372v1_fix	104537	9973	60
chr14_MU273373v1_fix	722645	27657	125
chr15_MU273375v1_alt	204007	8963	52
chr15_MU273374v1_fix	1154574	26116	135
chr16_MU273376v1_fix	87715	12256	73
chr16_MU273377v1_fix	334997	12671	74
chr17_MU273380v1_fix	538541	13003	46
chr17_MU273378v1_alt	372839	18978	78
chr17_MU273383v1_fix	172609	6257	34
chr17_MU273379v1_fix	234878	12920	74
chr17_MU273382v1_fix	187626	10224	77
chr17_MU273381v1_fix	144689	2138	25
chr19_MU273386v1_fix	226166	7952	42
chr19_MU273387v1_alt	89211	7260	41
chr19_MU273384v1_fix	333754	46459	214
chr19_MU273385v1_fix	137818	6517	26
chr20_MU273388v1_fix	273725	3369	18
chr20_MU273389v1_fix	355731	8817	42
chr21_MU273390v1_fix	336752	7929	32
chr21_MU273391v1_fix	1020778	8600	38
chr21_MU273392v1_fix	189707	8674	55
chr22_KQ759762v2_fix	101040	3800	20
chrX_MU273397v1_alt	330493	22090	122
chrX_MU273393v1_fix	68810	1791	10
chrX_MU273394v1_fix	140567	4939	15
chrX_MU273396v1_alt	294119	902	8
chrX_MU273395v1_alt	619716	22783	114
chrY_MU273398v1_fix	865743	13	0
*	0	0	96146
