## htsjdk.samtools.metrics.StringHeader
# CollectOxoGMetrics --INPUT post_aligned/ERR2828408_fixed_sorted.bam --OUTPUT metrics/ERR2828408_OxoGMetrics.txt --REFERENCE_SEQUENCE ../ref/hg38.p14.fa --MINIMUM_QUALITY_SCORE 20 --MINIMUM_MAPPING_QUALITY 30 --MINIMUM_INSERT_SIZE 60 --MAXIMUM_INSERT_SIZE 600 --INCLUDE_NON_PF_READS true --USE_OQ true --CONTEXT_SIZE 1 --STOP_AFTER 2147483647 --VERBOSITY INFO --QUIET false --VALIDATION_STRINGENCY STRICT --COMPRESSION_LEVEL 2 --MAX_RECORDS_IN_RAM 500000 --CREATE_INDEX false --CREATE_MD5_FILE false --GA4GH_CLIENT_SECRETS client_secrets.json --help false --version false --showHidden false --USE_JDK_DEFLATER false --USE_JDK_INFLATER false
## htsjdk.samtools.metrics.StringHeader
# Started on: Tue Jul 01 11:08:46 EDT 2025

## METRICS CLASS	picard.analysis.CollectOxoGMetrics$CpcgMetrics
SAMPLE_ALIAS	LIBRARY	CONTEXT	TOTAL_SITES	TOTAL_BASES	REF_NONOXO_BASES	REF_OXO_BASES	REF_TOTAL_BASES	ALT_NONOXO_BASES	ALT_OXO_BASES	OXIDATION_ERROR_RATE	OXIDATION_Q	C_REF_REF_BASES	G_REF_REF_BASES	C_REF_ALT_BASES	G_REF_ALT_BASES	C_REF_OXO_ERROR_RATE	C_REF_OXO_Q	G_REF_OXO_ERROR_RATE	G_REF_OXO_Q
ERR2828408	1	CCA	28799883	246321043	124184425	122079193	246263618	27431	29994	0.00001	49.827529	122364913	123898705	33375	24050	0.000079	41.045616	0	100
ERR2828408	1	ACC	17897532	158698079	79736446	78917578	158654024	21460	22595	0.000007	51.455758	79475605	79178419	25288	18767	0.000081	40.908775	0	100
ERR2828408	1	CCC	23734708	224100763	113020137	111027059	224047196	26542	27025	0.000002	56.664962	112888722	111158474	30037	23530	0.000054	42.646372	0	100
ERR2828408	1	GCA	22189648	192367999	96093001	96215359	192308360	28757	30882	0.000011	49.567739	95389472	96918888	34870	24769	0.00011	39.589175	0	100
ERR2828408	1	TCT	29766641	220526523	110317875	110166302	220484177	20419	21927	0.000007	51.650595	111998274	108485903	25074	17272	0.000065	41.894714	0	100
ERR2828408	1	ACG	4255049	55163114	27678749	27461743	55140492	10768	11854	0.00002	47.058189	27389879	27750613	12763	9859	0.000111	39.561948	0	100
ERR2828408	1	CCG	5567333	82104579	41074758	40997669	82072427	15311	16841	0.000019	47.296759	41167229	40905198	18512	13640	0.000116	39.350438	0	100
ERR2828408	1	GCC	21173944	204279524	102352436	101874059	204226495	25109	27920	0.000014	48.61364	102364112	101862383	31447	21582	0.000095	40.209813	0	100
ERR2828408	1	GCG	4769762	69543169	34629697	34882270	69511967	15074	16128	0.000015	48.194139	34808297	34703670	17617	13585	0.000115	39.409861	0	100
ERR2828408	1	ACT	21521233	153597982	76985684	76578836	153564520	15554	17908	0.000015	48.145791	76913477	76651043	20297	13165	0.000092	40.357337	0	100
ERR2828408	1	TCA	26536156	198340188	99425674	98864324	198289998	24402	25788	0.000007	51.556475	98687838	99602160	29369	20821	0.000089	40.530154	0	100
ERR2828408	1	CCT	29064583	244707088	122926964	121730816	244657780	23938	25370	0.000006	52.327035	124028921	120628859	28688	20620	0.00006	42.194013	0	100
ERR2828408	1	TCC	24579703	214630183	108473093	106111684	214584777	21970	23436	0.000007	51.655568	107930114	106654663	27118	18288	0.00008	40.982575	0	100
ERR2828408	1	GCT	22085254	195232982	97377568	97812012	195189580	20113	23289	0.000016	47.886727	98115271	97074309	26654	16748	0.000099	40.039771	0	100
ERR2828408	1	TCG	3774659	51521869	25694243	25810980	51505223	7862	8784	0.000018	47.472607	25783265	25721958	9645	7001	0.000102	39.921066	0	100
ERR2828408	1	ACA	26560731	192774087	96747839	95965242	192713081	28859	32147	0.000017	47.681168	94951084	97761997	35239	25767	0.000107	39.686278	0	100


