# This file was produced by samtools stats (1.21+htslib-1.21) and can be plotted using plot-bamstats
# This file contains statistics for all reads.
# The command line was:  stats post_aligned/ERR2828403_fixed_sorted.bam
# CHK, Checksum	[2]Read Names	[3]Sequences	[4]Qualities
# CHK, CRC32 of reads which passed filtering followed by addition (32bit overflow)
CHK	6e5725cd	264a7982	2f0f5847
# Summary Numbers. Use `grep ^SN | cut -f 2-` to extract this part.
SN	raw total sequences:	76170586	# excluding supplementary and secondary reads
SN	filtered sequences:	0
SN	sequences:	76170586
SN	is sorted:	1
SN	1st fragments:	38085293
SN	last fragments:	38085293
SN	reads mapped:	75512137
SN	reads mapped and paired:	74978240	# paired-end technology bit set + both mates mapped
SN	reads unmapped:	658449
SN	reads properly paired:	74211030	# proper-pair bit set
SN	reads paired:	76170586	# paired-end technology bit set
SN	reads duplicated:	0	# PCR or optical duplicate bit set
SN	reads MQ0:	8294368	# mapped and MQ=0
SN	reads QC failed:	0
SN	non-primary alignments:	0
SN	supplementary alignments:	6791
SN	total length:	6050959043	# ignores clipping
SN	total first fragment length:	3048148238	# ignores clipping
SN	total last fragment length:	3002810805	# ignores clipping
SN	bases mapped:	6043318963	# ignores clipping
SN	bases mapped (cigar):	6040814718	# more accurate
SN	bases trimmed:	0
SN	bases duplicated:	0
SN	mismatches:	9755228	# from NM fields
SN	error rate:	1.614886e-03	# mismatches / bases mapped (cigar)
SN	average length:	79
SN	average first fragment length:	80
SN	average last fragment length:	79
SN	maximum length:	81
SN	maximum first fragment length:	81
SN	maximum last fragment length:	81
SN	average quality:	38.5
SN	insert size average:	172.5
SN	insert size standard deviation:	59.1
SN	inward oriented pairs:	37061188
SN	outward oriented pairs:	244676
SN	pairs with other orientation:	8025
SN	pairs on different chromosomes:	175231
SN	percentage of properly paired reads (%):	97.4
# First Fragment Qualities. Use `grep ^FFQ | cut -f 2-` to extract this part.
# Columns correspond to qualities and rows to cycles. First column is the cycle number.
FFQ	1	0	0	0	0	0	0	0	0	0	0	0	0	0	0	0	0	0	0	0	0	0	0	0	0	0	0	0	421289	18956	0	207132	290099	0	0	806553	331680	953668	653459	1233291	6778284	26390882	0
FFQ	2	0	0	0	0	0	0	0	0	0	0	0	0	0	0	34718	28345	272236	0	0	0	0	0	0	0	0	0	0	245776	19472	0	212104	286627	0	0	720648	230822	956038	605554	1240573	6819828	26400846	0
FFQ	3	0	0	0	0	0	0	0	0	0	0	0	0	0	0	35370	28371	272069	0	0	0	0	0	0	0	0	0	0	278622	19463	0	209874	280135	0	0	723139	251973	946114	604876	1221107	6829116	26370532	0
FFQ	4	0	0	1	0	0	0	0	0	0	0	0	0	0	0	37311	30108	283153	0	0	0	0	0	0	0	0	0	0	294226	19579	0	211046	278959	0	0	728570	260552	944329	608058	1226854	6803518	26340254	0
FFQ	5	0	0	43	0	0	0	0	0	0	0	0	0	0	0	35673	28622	274146	0	0	0	0	0	0	0	0	0	0	300458	19163	0	209044	278673	0	0	732566	266764	948144	613052	1240811	6829371	26284166	0
FFQ	6	0	0	11	0	0	0	0	0	0	0	0	0	0	0	40642	33132	311784	0	0	0	0	0	0	0	0	0	0	298267	20080	0	211912	280184	0	0	734328	264681	952165	614711	1247353	6854533	26188623	0
FFQ	7	0	0	0	0	0	0	0	0	0	0	0	0	0	0	37843	30955	291477	0	0	0	0	0	0	0	0	0	0	317544	19235	0	210000	278148	0	0	734100	271215	949656	616111	1251981	6879004	26156861	0
FFQ	8	0	0	0	0	0	0	0	0	0	0	0	0	0	0	38266	31521	294658	0	0	0	0	0	0	0	0	0	0	308063	19584	0	212261	279226	0	0	738724	272625	958347	620762	1262413	6925733	26073243	0
FFQ	9	0	0	0	0	0	0	0	0	0	0	0	0	0	0	39360	32524	300417	0	0	0	0	0	0	0	0	0	0	310706	20169	0	211370	278659	0	0	739199	269625	955371	620065	1264669	6931595	26052574	0
FFQ	10	0	0	0	0	0	0	0	0	0	0	0	0	0	0	38084	31524	296858	0	0	0	0	0	0	0	0	0	0	313889	19813	0	212637	279835	0	0	740374	271408	960881	621710	1266965	6943885	26019006	0
FFQ	11	0	0	0	0	0	0	0	0	0	0	0	0	0	0	39773	32295	303703	0	0	0	0	0	0	0	0	0	0	311833	19916	0	212621	278319	0	0	739719	272369	959532	622615	1272303	6950949	25991597	0
FFQ	12	0	0	0	0	0	0	0	0	0	0	0	0	0	0	39125	31755	299360	0	0	0	0	0	0	0	0	0	0	317427	20122	0	215268	281934	0	0	748532	274888	966913	628080	1284063	7000087	25890529	0
FFQ	13	0	0	10	0	0	0	0	0	0	0	0	0	0	0	39308	31834	301605	0	0	0	0	0	0	0	0	0	0	312588	20187	0	216151	283470	0	0	752155	275592	972643	630180	1291139	7026797	25834744	0
FFQ	14	0	0	386	0	0	0	0	0	0	0	0	0	0	0	41518	33560	318916	0	0	0	0	0	0	0	0	0	0	315803	20434	0	219771	285289	0	0	754237	274660	976934	629954	1298374	7038232	25770533	0
FFQ	15	0	0	205	0	0	0	0	0	0	0	0	0	0	0	41088	33420	312722	0	0	0	0	0	0	0	0	0	0	325285	20692	0	219221	284287	0	0	756114	281348	978575	635949	1306172	7070641	25703108	0
FFQ	16	0	0	0	0	0	0	0	0	0	0	0	0	0	0	41242	33384	314260	0	0	0	0	0	0	0	0	0	0	327540	20820	0	220958	285525	0	0	761471	283583	984808	640296	1315320	7108466	25621508	0
FFQ	17	0	0	0	0	0	0	0	0	0	0	0	0	0	0	41757	34031	320095	0	0	0	0	0	0	0	0	0	0	325942	20951	0	222731	285981	0	0	763375	284404	988114	642072	1320621	7135006	25564155	0
FFQ	18	0	0	0	0	0	0	0	0	0	0	0	0	0	0	40689	33076	309757	0	0	0	0	0	0	0	0	0	0	327899	20961	0	221659	286225	0	0	763333	286772	988669	644067	1331069	7160408	25524674	0
FFQ	19	0	0	0	0	0	0	0	0	0	0	0	0	0	0	41477	33970	317984	0	0	0	0	0	0	0	0	0	0	324355	21562	0	225752	288311	0	0	769926	286125	998082	647730	1339025	7202449	25432556	0
FFQ	20	0	0	1	0	0	0	0	0	0	0	0	0	0	0	41031	33302	311323	0	0	0	0	0	0	0	0	0	0	323412	21045	0	225506	287730	0	0	769227	287689	998857	648762	1345248	7230097	25395886	0
FFQ	21	0	0	0	0	0	0	0	0	0	0	0	0	0	0	44986	36403	340468	0	0	0	0	0	0	0	0	0	0	327928	21983	0	229156	289934	0	0	775782	289902	1008494	654942	1354332	7275214	25259424	0
FFQ	22	0	0	0	0	0	0	0	0	0	0	0	0	0	0	42124	34116	317968	0	0	0	0	0	0	0	0	0	0	342920	21655	0	229659	289525	0	0	781158	295598	1011854	657563	1364156	7308693	25201784	0
FFQ	23	0	0	0	0	0	0	0	0	0	0	0	0	0	0	43714	35632	330240	0	0	0	0	0	0	0	0	0	0	331237	21884	0	232910	292139	0	0	785021	298231	1021393	664698	1377242	7344204	25110124	0
FFQ	24	0	0	0	0	0	0	0	0	0	0	0	0	0	0	44255	35582	330483	0	0	0	0	0	0	0	0	0	0	339263	22550	0	233155	292247	0	0	787933	296710	1019536	666241	1385560	7379358	25045795	0
FFQ	25	0	0	0	0	0	0	0	0	0	0	0	0	0	0	42650	35070	324022	0	0	0	0	0	0	0	0	0	0	338852	22383	0	234990	294110	0	0	794063	302439	1031639	674138	1400850	7453747	24919473	0
FFQ	26	0	0	0	0	0	0	0	0	0	0	0	0	0	0	44597	35894	334451	0	0	0	0	0	0	0	0	0	0	334627	22842	0	237742	297847	0	0	798936	300979	1040603	674706	1409570	7488113	24837256	0
FFQ	27	0	0	0	0	0	0	0	0	0	0	0	0	0	0	44732	36374	336886	0	0	0	0	0	0	0	0	0	0	339836	22927	0	240363	296435	0	0	802911	302739	1042574	678598	1412103	7522053	24769100	0
FFQ	28	0	0	0	0	0	0	0	0	0	0	0	0	0	0	43729	35508	328331	0	0	0	0	0	0	0	0	0	0	338605	23198	0	239916	296144	0	0	804476	304609	1045555	682866	1426696	7551150	24716275	0
FFQ	29	0	0	0	0	0	0	0	0	0	0	0	0	0	0	45189	36550	337994	0	0	0	0	0	0	0	0	0	0	333089	23470	0	243327	299352	0	0	810425	306776	1055400	685449	1435219	7596736	24617606	0
FFQ	30	0	0	0	0	0	0	0	0	0	0	0	0	0	0	45500	36976	338695	0	0	0	0	0	0	0	0	0	0	339806	23538	0	244971	299957	0	0	811225	306652	1056555	687749	1440669	7611092	24572786	0
FFQ	31	0	0	49	0	0	0	0	0	0	0	0	0	0	0	46199	37367	344712	0	0	0	0	0	0	0	0	0	0	342547	23618	0	246954	300556	0	0	816992	309441	1064652	691653	1455473	7662439	24462933	0
FFQ	32	0	0	0	0	0	0	0	0	0	0	0	0	0	0	48110	38454	359066	0	0	0	0	0	0	0	0	0	0	349834	24376	0	252649	303685	0	0	826833	315724	1075714	699724	1468628	7717665	24314299	0
FFQ	33	0	0	0	0	0	0	0	0	0	0	0	0	0	0	47643	38484	356841	0	0	0	0	0	0	0	0	0	0	364882	24371	0	255486	309507	0	0	843369	325446	1094982	715195	1499163	7840204	24068100	0
FFQ	34	0	0	1	0	0	0	0	0	0	0	0	0	0	0	54164	43635	401913	0	0	0	0	0	0	0	0	0	0	365381	25177	0	260186	310256	0	0	846132	324779	1100771	719240	1504112	7882532	23934345	0
FFQ	35	0	0	0	0	0	0	0	0	0	0	0	0	0	0	48550	39484	362614	0	0	0	0	0	0	0	0	0	0	398254	25222	0	260590	311746	0	0	855629	338396	1108744	727920	1520953	7932225	23831159	0
FFQ	36	0	0	0	0	0	0	0	0	0	0	0	0	0	0	50370	40399	373669	0	0	0	0	0	0	0	0	0	0	375374	25667	0	262664	312275	0	0	858320	341744	1116186	735122	1536475	7975569	23746488	0
FFQ	37	0	0	0	0	0	0	0	0	0	0	0	0	0	0	49568	39987	367539	0	0	0	0	0	0	0	0	0	0	374913	25562	0	262193	311842	0	0	856289	332979	1117190	730999	1537178	7999346	23733596	0
FFQ	38	0	0	0	0	0	0	0	0	0	0	0	0	0	0	47362	38090	352897	0	0	0	0	0	0	0	0	0	0	366362	25771	0	262287	310385	0	0	856998	336853	1118290	732665	1544481	8034735	23700905	0
FFQ	39	0	0	9	0	0	0	0	0	0	0	0	0	0	0	48075	38732	356042	0	0	0	0	0	0	0	0	0	0	354823	25778	0	264051	312808	0	0	856767	331974	1120701	731503	1539987	8016124	23719031	0
FFQ	40	0	0	0	0	0	0	0	0	0	0	0	0	0	0	48689	39034	359578	0	0	0	0	0	0	0	0	0	0	352258	25584	0	264189	314308	0	0	858502	329987	1124458	732654	1547860	8052732	23655273	0
FFQ	41	0	0	8	0	0	0	0	0	0	0	0	0	0	0	51182	41063	376863	0	0	0	0	0	0	0	0	0	0	357973	26429	0	267778	314981	0	0	862811	330566	1130373	734831	1551603	8048435	23598866	0
FFQ	42	0	0	1	0	0	0	0	0	0	0	0	0	0	0	50471	40140	368786	0	0	0	0	0	0	0	0	0	0	369093	26627	0	269687	316045	0	0	868038	338352	1137272	741318	1565293	8092710	23498577	0
FFQ	43	0	0	5	0	0	0	0	0	0	0	0	0	0	0	51192	41179	379148	0	0	0	0	0	0	0	0	0	0	369088	26766	0	273795	318291	0	0	877674	343271	1144008	749143	1578990	8136364	23382119	0
FFQ	44	0	0	0	0	0	0	0	0	0	0	0	0	0	0	50268	40174	370710	0	0	0	0	0	0	0	0	0	0	370176	26776	0	274508	318814	0	0	881337	346278	1152070	754393	1592017	8187470	23294382	0
FFQ	45	0	0	0	0	0	0	0	0	0	0	0	0	0	0	53632	43388	393935	0	0	0	0	0	0	0	0	0	0	369483	27726	0	280163	323732	0	0	890526	346640	1162380	757585	1600818	8223583	23173918	0
FFQ	46	0	0	0	0	0	0	0	0	0	0	0	0	0	0	51265	41116	372971	0	0	0	0	0	0	0	0	0	0	377601	27605	0	279954	322707	0	0	894477	350679	1168031	763033	1616016	8279338	23090869	0
FFQ	47	0	0	20	0	0	0	0	0	0	0	0	0	0	0	51698	40986	378649	0	0	0	0	0	0	0	0	0	0	367107	27905	0	282492	324190	0	0	897564	352106	1174499	768555	1623570	8323229	23010945	0
FFQ	48	0	0	7	0	0	0	0	0	0	0	0	0	0	0	52341	42213	383280	0	0	0	0	0	0	0	0	0	0	369216	28541	0	286335	327381	0	0	908160	352679	1188458	775353	1639150	8391774	22866738	0
FFQ	49	0	0	38	0	0	0	0	0	0	0	0	0	0	0	52683	42618	386684	0	0	0	0	0	0	0	0	0	0	370872	28747	0	289579	329707	0	0	916579	355688	1198919	782508	1651051	8447730	22745697	0
FFQ	50	0	0	0	0	0	0	0	0	0	0	0	0	0	0	54759	43925	400167	0	0	0	0	0	0	0	0	0	0	374143	28849	0	292108	331259	0	0	918944	357878	1204831	786522	1657558	8477123	22658751	0
FFQ	51	0	0	1	0	0	0	0	0	0	0	0	0	0	0	54950	44116	399823	0	0	0	0	0	0	0	0	0	0	388001	29316	0	293451	333047	0	0	923023	362176	1209364	789045	1666253	8486454	22595366	0
FFQ	52	0	0	0	0	0	0	0	0	0	0	0	0	0	0	54781	44243	399236	0	0	0	0	0	0	0	0	0	0	388565	29473	0	294889	330844	0	0	924054	366342	1211550	791082	1676980	8509718	22539983	0
FFQ	53	0	0	0	0	0	0	0	0	0	0	0	0	0	0	55603	44636	402471	0	0	0	0	0	0	0	0	0	0	390642	31052	0	303010	336890	0	0	942886	375561	1238014	809000	1705683	8616924	22296652	0
FFQ	54	0	0	2	0	0	0	0	0	0	0	0	0	0	0	56923	45442	409829	0	0	0	0	0	0	0	0	0	0	386952	30908	0	305232	339091	0	0	947818	374802	1243980	813044	1711886	8674152	22195884	0
FFQ	55	0	0	0	0	0	0	0	0	0	0	0	0	0	0	57045	45774	410958	0	0	0	0	0	0	0	0	0	0	393307	31409	0	309369	342245	0	0	956388	377449	1255284	819495	1724732	8729882	22069335	0
FFQ	56	0	0	0	0	0	0	0	0	0	0	0	0	0	0	58326	46968	422873	0	0	0	0	0	0	0	0	0	0	393470	31575	0	312214	344719	0	0	963343	382424	1262474	824537	1738769	8773138	21954315	0
FFQ	57	0	0	14	0	0	0	0	0	0	0	0	0	0	0	59291	48127	425199	0	0	0	0	0	0	0	0	0	0	403374	32097	0	313627	345770	0	0	972288	387689	1274368	831744	1752035	8836190	21813752	0
FFQ	58	0	0	4	0	0	0	0	0	0	0	0	0	0	0	59651	48609	428935	0	0	0	0	0	0	0	0	0	0	410833	32243	0	316212	347385	0	0	975303	391582	1280199	838451	1756221	8857410	21738754	0
FFQ	59	0	0	0	0	0	0	0	0	0	0	0	0	0	0	61831	50504	442810	0	0	0	0	0	0	0	0	0	0	413409	32783	0	320532	349655	0	0	983727	395798	1291124	845324	1771903	8896020	21612532	0
FFQ	60	0	0	0	0	0	0	0	0	0	0	0	0	0	0	58342	48283	421170	0	0	0	0	0	0	0	0	0	0	415603	32719	0	318090	347886	0	0	982209	400875	1288680	847877	1777901	8927221	21587367	0
FFQ	61	0	0	7	0	0	0	0	0	0	0	0	0	0	0	59530	49404	426897	0	0	0	0	0	0	0	0	0	0	401226	33279	0	320750	349049	0	0	982322	397381	1293917	848511	1788841	8947635	21541530	0
FFQ	62	0	0	84	0	0	0	0	0	0	0	0	0	0	0	60868	51150	433823	0	0	0	0	0	0	0	0	0	0	403994	33802	0	327477	352462	0	0	993998	399995	1308213	857839	1809574	9030645	21362418	0
FFQ	63	0	0	23	0	0	0	0	0	0	0	0	0	0	0	59578	50351	424846	0	0	0	0	0	0	0	0	0	0	406253	34046	0	324268	351891	0	0	992695	401922	1306446	854933	1798308	9017645	21389002	0
FFQ	64	0	0	21	0	0	0	0	0	0	0	0	0	0	0	62328	53532	444669	0	0	0	0	0	0	0	0	0	0	407126	34473	0	330135	356217	0	0	1000173	403177	1316352	858564	1808167	9030468	21292664	0
FFQ	65	0	0	20	0	0	0	0	0	0	0	0	0	0	0	61715	54388	441018	0	0	0	0	0	0	0	0	0	0	420618	35387	0	331249	356087	0	0	1004884	408889	1322814	865963	1822589	9065246	21192720	0
FFQ	66	0	0	7	0	0	0	0	0	0	0	0	0	0	0	63039	56207	446307	0	0	0	0	0	0	0	0	0	0	424733	35708	0	337645	361187	0	0	1015119	415513	1342323	877730	1836224	9111898	21045335	0
FFQ	67	0	0	34	0	0	0	0	0	0	0	0	0	0	0	63476	58151	445693	0	0	0	0	0	0	0	0	0	0	427620	36046	0	341202	362508	0	0	1027091	420839	1353299	886576	1857278	9189858	20884542	0
FFQ	68	0	0	16	0	0	0	0	0	0	0	0	0	0	0	65309	63989	457415	0	0	0	0	0	0	0	0	0	0	430439	37008	0	346936	368259	0	0	1036478	423008	1366492	891294	1868788	9246255	20737540	0
FFQ	69	0	0	50	0	0	0	0	0	0	0	0	0	0	0	65683	63052	461618	0	0	0	0	0	0	0	0	0	0	452523	38219	0	354464	378404	0	0	1067313	439894	1402636	918438	1888560	9387546	20405504	0
FFQ	70	0	0	119	0	0	0	0	0	0	0	0	0	0	0	66094	71441	457330	0	0	0	0	0	0	0	0	0	0	442247	38930	0	359082	377549	0	0	1072072	445206	1412138	927262	1908977	9466994	20263047	0
FFQ	71	0	0	58	0	0	0	0	0	0	0	0	0	0	0	66462	74887	453606	0	0	0	0	0	0	0	0	86	2	441197	39097	0	362420	379440	0	0	1074222	441933	1419213	928056	1916255	9482918	20212486	0
FFQ	72	0	0	106	0	0	0	0	0	0	0	0	0	0	0	68305	79143	459946	0	0	0	0	0	0	0	0	71	2	441466	40230	0	370600	383955	0	0	1090268	450216	1441886	941746	1943797	9563863	20000608	0
FFQ	73	0	0	0	0	0	0	0	0	0	0	0	0	0	0	69232	85040	462873	0	0	0	0	0	0	0	0	96	6	446250	40718	0	373291	385701	0	0	1095161	453288	1448690	945362	1952246	9606327	19895495	0
FFQ	74	0	0	15	0	0	0	0	0	0	0	0	0	0	0	70776	89909	469691	0	0	0	0	0	0	0	0	186	7	455138	41845	0	378138	389724	0	0	1107583	460310	1467397	956912	1967944	9655567	19731850	0
FFQ	75	0	0	10	0	0	0	0	0	0	0	0	0	0	0	70765	92378	460876	0	0	0	0	0	0	0	0	388	21	458188	42148	0	378857	389645	0	0	1108800	465951	1466106	961492	1973926	9679195	19677404	0
FFQ	76	0	0	0	0	0	0	0	0	0	0	0	0	0	0	72201	94540	466797	0	0	0	0	0	0	0	0	739	31	456326	42739	0	384853	394108	0	0	1119586	468725	1479934	968962	1990365	9724650	19544460	0
FFQ	77	0	0	1	0	0	0	0	0	0	0	0	0	0	0	73834	98307	466292	0	0	0	0	0	0	0	0	826	42	459779	43470	0	389790	396941	0	0	1127992	473739	1495559	977531	2004536	9768774	19413704	0
FFQ	78	0	0	19	0	0	0	0	0	0	0	0	0	0	0	74565	101172	467054	0	0	0	0	0	0	0	0	822	35	463044	44779	0	396301	400211	0	0	1139063	479040	1514671	985958	2020422	9832114	19250186	0
FFQ	79	0	0	36	0	0	0	0	0	0	0	0	0	0	0	74653	101660	465503	0	0	0	0	0	0	0	0	1277	61	466113	44719	0	397361	401029	0	0	1138743	482601	1513541	987953	2022587	9857765	19163276	0
FFQ	80	0	0	9	0	0	0	0	0	0	0	0	0	0	0	56284	77188	355712	0	0	0	0	0	0	0	0	1338	66	497849	46737	0	405350	409249	0	0	1161791	494636	1536645	1003040	2037354	9905653	18922896	0
FFQ	81	0	0	0	0	0	0	0	0	0	0	0	0	0	0	0	0	0	0	0	0	0	0	0	0	0	3404	110	1269843	113679	0	1123920	1275189	0	0	2837768	921398	3429481	1868585	2484755	10397286	8850700	0
# Last Fragment Qualities. Use `grep ^LFQ | cut -f 2-` to extract this part.
# Columns correspond to qualities and rows to cycles. First column is the cycle number.
LFQ	1	0	0	0	0	0	0	0	0	0	0	0	0	0	0	0	0	0	0	0	0	0	0	0	0	0	0	0	757381	26090	0	281116	366798	0	0	1041963	472538	1135802	808880	1530395	7597300	24067030	0
LFQ	2	0	0	8	0	0	0	0	0	0	0	0	0	0	0	59392	49926	489753	0	0	0	0	0	0	0	0	0	0	380967	27218	0	291282	367432	0	0	925758	310213	1146335	746696	1542545	7689897	24001818	0
LFQ	3	0	0	310	0	0	0	0	0	0	0	0	0	0	0	60833	50674	484928	0	0	0	0	0	0	0	0	0	0	448614	26808	0	284628	351591	0	0	920546	345714	1130126	740979	1507525	7688315	23975932	0
LFQ	4	0	0	596	0	0	0	0	0	0	0	0	0	0	0	62661	52517	505941	0	0	0	0	0	0	0	0	0	0	468413	26656	0	286749	354525	0	0	933272	353160	1138917	750103	1520786	7696890	23850425	0
LFQ	5	0	0	1515	0	0	0	0	0	0	0	0	0	0	0	62173	52292	496905	0	0	0	0	0	0	0	0	0	0	483455	26774	0	284071	351575	0	0	936990	361257	1138875	755759	1535889	7757373	23736864	0
LFQ	6	0	0	41	0	0	0	0	0	0	0	0	0	0	0	60534	50629	480603	0	0	0	0	0	0	0	0	0	0	486717	26872	0	282851	351373	0	0	937658	361964	1136618	755395	1537591	7753101	23735529	0
LFQ	7	0	0	126	0	0	0	0	0	0	0	0	0	0	0	60597	50500	488725	0	0	0	0	0	0	0	0	0	0	476673	26444	0	283966	350905	0	0	936859	360140	1139117	754984	1547826	7751014	23704050	0
LFQ	8	0	0	162	0	0	0	0	0	0	0	0	0	0	0	61602	51800	491810	0	0	0	0	0	0	0	0	0	0	479487	27250	0	288444	354282	0	0	942846	360240	1144195	757481	1551481	7766495	23630429	0
LFQ	9	0	0	1244	0	0	0	0	0	0	0	0	0	0	0	61754	51996	495516	0	0	0	0	0	0	0	0	0	0	481315	27331	0	290730	356145	0	0	949587	363683	1152088	764350	1575403	7818156	23494332	0
LFQ	10	0	0	2709	0	0	0	0	0	0	0	0	0	0	0	62046	52117	492431	0	0	0	0	0	0	0	0	0	0	483389	27475	0	290191	353063	0	0	948484	366192	1152920	766118	1574412	7843224	23445834	0
LFQ	11	0	0	123	0	0	0	0	0	0	0	0	0	0	0	61163	52160	492088	0	0	0	0	0	0	0	0	0	0	483246	28190	0	293158	356930	0	0	954356	368109	1167880	774160	1591962	7904148	23309904	0
LFQ	12	0	0	887	0	0	0	0	0	0	0	0	0	0	0	60474	51302	485815	0	0	0	0	0	0	0	0	0	0	478372	28133	0	292637	355166	0	0	952448	368663	1166697	774085	1597944	7937449	23263815	0
LFQ	13	0	0	824	0	0	0	0	0	0	0	0	0	0	0	61142	51447	489136	0	0	0	0	0	0	0	0	0	0	475582	27881	0	296022	357239	0	0	958080	370205	1178637	780540	1612024	7996751	23135459	0
LFQ	14	0	0	687	0	0	0	0	0	0	0	0	0	0	0	62248	52238	500150	0	0	0	0	0	0	0	0	0	0	479256	28254	0	299685	357022	0	0	962866	371233	1181753	781567	1627766	8033418	23030806	0
LFQ	15	0	0	494	0	0	0	0	0	0	0	0	0	0	0	62001	52152	495563	0	0	0	0	0	0	0	0	0	0	484285	28699	0	300363	356775	0	0	964952	376396	1183734	784353	1639251	8043099	22974495	0
LFQ	16	0	0	276	0	0	0	0	0	0	0	0	0	0	0	60751	50990	485698	0	0	0	0	0	0	0	0	0	0	480506	28792	0	298517	357154	0	0	965969	378148	1187718	790680	1634958	8068280	22936751	0
LFQ	17	0	0	535	0	0	0	0	0	0	0	0	0	0	0	62190	52211	491808	0	0	0	0	0	0	0	0	0	0	473968	29421	0	305057	360523	0	0	974927	376909	1202771	797715	1654627	8165844	22755599	0
LFQ	18	0	0	431	0	0	0	0	0	0	0	0	0	0	0	62361	52540	489558	0	0	0	0	0	0	0	0	0	0	473589	29685	0	307298	361844	0	0	979008	379068	1208597	799900	1660043	8213477	22665589	0
LFQ	19	0	0	11	0	0	0	0	0	0	0	0	0	0	0	61722	51642	490190	0	0	0	0	0	0	0	0	0	0	469007	29123	0	306919	361802	0	0	980817	378364	1210706	800854	1661995	8231711	22627268	0
LFQ	20	0	0	308	0	0	0	0	0	0	0	0	0	0	0	62645	52661	496610	0	0	0	0	0	0	0	0	0	0	471930	29957	0	308566	362779	0	0	985552	380807	1217559	805167	1676899	8278319	22510767	0
LFQ	21	0	0	496	0	0	0	0	0	0	0	0	0	0	0	64181	53278	504012	0	0	0	0	0	0	0	0	0	0	477577	30226	0	312436	363624	0	0	989636	386352	1224384	810146	1683951	8293399	22425223	0
LFQ	22	0	0	733	0	0	0	0	0	0	0	0	0	0	0	62297	52029	489898	0	0	0	0	0	0	0	0	0	0	481337	29944	0	312309	362404	0	0	992634	389170	1227685	816926	1710109	8351818	22318172	0
LFQ	23	0	0	79	0	0	0	0	0	0	0	0	0	0	0	65446	54771	512631	0	0	0	0	0	0	0	0	0	0	472469	31997	0	334202	373160	0	0	1023623	396385	1290768	848070	1843297	8660986	21667908	0
LFQ	24	0	0	14	0	0	0	0	0	0	0	0	0	0	0	67861	56726	531342	0	0	0	0	0	0	0	0	0	0	488428	33222	0	342123	380019	0	0	1048073	405070	1322052	872901	1873189	8914591	21218445	0
LFQ	25	0	0	40	0	0	0	0	0	0	0	0	0	0	0	67169	56541	527762	0	0	0	0	0	0	0	0	0	0	499377	33922	0	346362	386209	0	0	1067906	416637	1349174	890619	1892326	9097062	20901089	0
LFQ	26	0	0	161	0	0	0	0	0	0	0	0	0	0	0	67927	56658	527717	0	0	0	0	0	0	0	0	0	0	495379	33650	0	350739	388463	0	0	1077436	421573	1369303	906206	1920985	9241935	20651873	0
LFQ	27	0	0	30	0	0	0	0	0	0	0	0	0	0	0	70586	59531	548732	0	0	0	0	0	0	0	0	0	0	500592	34531	0	355307	391604	0	0	1088145	424759	1383061	913601	1923653	9331794	20461874	0
LFQ	28	0	0	64	0	0	0	0	0	0	0	0	0	0	0	69805	58599	546581	0	0	0	0	0	0	0	0	0	0	517145	35062	0	359151	394728	0	0	1101888	434795	1399887	925263	1936501	9398717	20287314	0
LFQ	29	0	0	244	0	0	0	0	0	0	0	0	0	0	0	71841	60136	561010	0	0	0	0	0	0	0	0	0	0	518882	35239	0	362433	395951	0	0	1107357	438897	1404129	933342	1949803	9433892	20170052	0
LFQ	30	0	0	173	0	0	0	0	0	0	0	0	0	0	0	72923	60359	560024	0	0	0	0	0	0	0	0	0	0	526880	36029	0	364825	398080	0	0	1115863	444235	1421430	942620	1964177	9498085	20014821	0
LFQ	31	0	0	380	0	0	0	0	0	0	0	0	0	0	0	71477	59618	552455	0	0	0	0	0	0	0	0	0	0	527203	35612	0	366008	400458	0	0	1122164	447092	1428381	947135	1970479	9555320	19914256	0
LFQ	32	0	0	162	0	0	0	0	0	0	0	0	0	0	0	71625	60351	556811	0	0	0	0	0	0	0	0	0	0	520214	36364	0	370435	403900	0	0	1127623	447990	1439788	950076	1979904	9573448	19836754	0
LFQ	33	0	0	295	0	0	0	0	0	0	0	0	0	0	0	72802	61102	562311	0	0	0	0	0	0	0	0	0	0	519203	36230	0	372553	403344	0	0	1134681	448637	1444255	958716	1991498	9625883	19721496	0
LFQ	34	0	0	218	0	0	0	0	0	0	0	0	0	0	0	74738	62663	574737	0	0	0	0	0	0	0	0	0	0	529202	36976	0	376508	407633	0	0	1142890	451741	1455652	964382	1993500	9656740	19603126	0
LFQ	35	0	0	4	0	0	0	0	0	0	0	0	0	0	0	73618	61616	563754	0	0	0	0	0	0	0	0	0	0	538670	37651	0	378420	407918	0	0	1152394	459976	1469113	973582	2011684	9715314	19464321	0
LFQ	36	0	0	238	0	0	0	0	0	0	0	0	0	0	0	73574	60532	557647	0	0	0	0	0	0	0	0	0	0	525879	37595	0	380786	406969	0	0	1154510	461597	1472523	975306	2017939	9728482	19431825	0
LFQ	37	0	0	94	0	0	0	0	0	0	0	0	0	0	0	73298	61445	562608	0	0	0	0	0	0	0	0	0	0	517931	37287	0	381172	409193	0	0	1152209	456038	1473622	974690	2012386	9736215	19414532	0
LFQ	38	0	0	577	0	0	0	0	0	0	0	0	0	0	0	73514	61703	565978	0	0	0	0	0	0	0	0	0	0	520988	38017	0	384017	409210	0	0	1155429	457160	1480693	976000	2025288	9748290	19343482	0
LFQ	39	0	0	90	0	0	0	0	0	0	0	0	0	0	0	75109	62316	571463	0	0	0	0	0	0	0	0	0	0	523355	38819	0	390315	411914	0	0	1163708	461681	1492055	983066	2039329	9774907	19229342	0
LFQ	40	0	0	8	0	0	0	0	0	0	0	0	0	0	0	75789	62827	573625	0	0	0	0	0	0	0	0	0	0	530103	39128	0	390948	414118	0	0	1174956	465834	1500989	992523	2046056	9807115	19120559	0
LFQ	41	0	0	59	0	0	0	0	0	0	0	0	0	0	0	77176	64114	585842	0	0	0	0	0	0	0	0	0	0	535069	39025	0	398300	417990	0	0	1186051	473632	1518566	1001516	2065683	9865691	18943162	0
LFQ	42	0	0	1229	0	0	0	0	0	0	0	0	0	0	0	76003	62966	573337	0	0	0	0	0	0	0	0	0	0	534354	39562	0	397961	416836	0	0	1187482	475222	1521041	1004546	2073877	9903706	18880546	0
LFQ	43	0	0	118	0	0	0	0	0	0	0	0	0	0	0	77758	63839	582785	0	0	0	0	0	0	0	0	0	0	530530	39948	0	400917	419647	0	0	1189179	475009	1527776	1008767	2075859	9914822	18818434	0
LFQ	44	0	0	374	0	0	0	0	0	0	0	0	0	0	0	79273	66460	598951	0	0	0	0	0	0	0	0	0	0	535042	40764	0	408786	421466	0	0	1199275	477058	1539883	1014141	2089572	9940938	18689569	0
LFQ	45	0	0	0	0	0	0	0	0	0	0	0	0	0	0	78327	64959	590273	0	0	0	0	0	0	0	0	0	0	548349	41287	0	410277	424269	0	0	1212156	486464	1552262	1024631	2103489	9999300	18542221	0
LFQ	46	0	0	8	0	0	0	0	0	0	0	0	0	0	0	79309	66020	597254	0	0	0	0	0	0	0	0	0	0	542370	41197	0	413301	425630	0	0	1217869	490789	1560922	1030585	2111998	10031868	18445664	0
LFQ	47	0	0	14	0	0	0	0	0	0	0	0	0	0	0	81629	68294	612576	0	0	0	0	0	0	0	0	0	0	553667	42547	0	422088	432162	0	0	1239784	497636	1584192	1043882	2131986	10109395	18211684	0
LFQ	48	0	0	94	0	0	0	0	0	0	0	0	0	0	0	83011	69527	620431	0	0	0	0	0	0	0	0	0	0	558321	42564	0	423782	435735	0	0	1245072	501230	1592191	1048088	2131096	10126050	18130967	0
LFQ	49	0	0	153	0	0	0	0	0	0	0	0	0	0	0	81701	68981	607932	0	0	0	0	0	0	0	0	0	0	564025	43000	0	424483	433692	0	0	1248422	504665	1597276	1055017	2140071	10149769	18065218	0
LFQ	50	0	0	0	0	0	0	0	0	0	0	0	0	0	0	81215	69781	607406	0	0	0	0	0	0	0	0	0	0	558361	43552	0	428802	438040	0	0	1256317	507268	1608819	1061503	2149892	10174360	17975023	0
LFQ	51	0	0	7	0	0	0	0	0	0	0	0	0	0	0	85368	72766	632160	0	0	0	0	0	0	0	0	0	0	558482	44123	0	436776	439798	0	0	1268061	508215	1623976	1068828	2165889	10218572	17813105	0
LFQ	52	0	0	967	0	0	0	0	0	0	0	0	0	0	0	87293	75022	640402	0	0	0	0	0	0	0	0	0	0	580072	45378	0	444341	447252	0	0	1285737	521081	1647207	1082829	2181487	10269713	17602984	0
LFQ	53	0	0	33	0	0	0	0	0	0	0	0	0	0	0	84757	73926	622100	0	0	0	0	0	0	0	0	1	0	581957	45147	0	442834	446635	0	0	1292479	527508	1654922	1088024	2187885	10310744	17528331	0
LFQ	54	0	0	108	0	0	0	0	0	0	0	0	0	0	0	85964	75948	627372	0	0	0	0	0	0	0	0	7	0	573276	46427	0	450027	450650	0	0	1303795	530098	1671525	1099036	2206873	10375802	17365128	0
LFQ	55	0	0	0	0	0	0	0	0	0	0	0	0	0	0	90295	80287	651635	0	0	0	0	0	0	0	0	54	1	577085	47296	0	458351	455872	0	0	1318483	532661	1689982	1108268	2214725	10414594	17197150	0
LFQ	56	0	0	1	0	0	0	0	0	0	0	0	0	0	0	88503	81940	639998	0	0	0	0	0	0	0	0	111	3	591735	47542	0	460056	458723	0	0	1328329	540997	1697279	1114887	2224383	10464108	17072535	0
LFQ	57	0	0	85	0	0	0	0	0	0	0	0	0	0	0	90157	83886	641196	0	0	0	0	0	0	0	0	263	15	587106	47839	0	465703	461707	0	0	1334480	544158	1712369	1122783	2230012	10483754	16979948	0
LFQ	58	0	0	328	0	0	0	0	0	0	0	0	0	0	0	90829	87958	646342	0	0	0	0	0	0	0	0	193	15	587738	48599	0	468551	461777	0	0	1339940	544618	1716872	1128257	2242573	10500597	16894252	0
LFQ	59	0	0	495	0	0	0	0	0	0	0	0	0	0	0	91742	90493	644040	0	0	0	0	0	0	0	0	351	19	592121	49260	0	475253	465897	0	0	1352276	550591	1733578	1135889	2252917	10543139	16755336	0
LFQ	60	0	0	218	0	0	0	0	0	0	0	0	0	0	0	92082	94045	644176	0	0	0	0	0	0	0	0	368	30	590735	49936	0	478220	469533	0	0	1356692	554551	1744274	1140460	2260414	10570067	16661367	0
LFQ	61	0	0	5	0	0	0	0	0	0	0	0	0	0	4	92665	98272	642247	0	0	0	0	0	0	0	0	516	38	592241	50394	0	482226	470644	0	0	1370297	560989	1756989	1153777	2273865	10623981	16511071	0
LFQ	62	0	0	40	0	0	0	0	0	0	0	0	0	0	13	95235	101444	653811	0	0	0	0	0	0	0	0	700	29	598639	50981	0	488830	474382	0	0	1379761	563282	1771413	1159959	2282102	10651314	16381154	0
LFQ	63	0	0	1808	0	0	0	0	0	0	0	0	0	6	66	96343	104919	658441	0	0	0	0	0	0	1	0	850	45	605709	52209	0	495254	478238	4	7	1391484	570126	1788330	1167592	2291739	10674645	16247585	0
LFQ	64	0	0	833	0	0	0	0	0	0	0	0	0	166	1348	96468	108573	667363	0	0	0	0	0	0	105	0	842	72	615457	52724	0	501796	484784	70	83	1404352	577159	1806101	1181336	2306324	10703901	16087594	0
LFQ	65	0	0	18	0	0	0	0	0	0	0	0	0	81	852	102462	112813	687766	0	0	0	0	0	0	67	0	1301	76	628212	54667	0	512236	491635	39	41	1429870	587120	1829978	1194846	2321665	10754353	15858610	0
LFQ	66	0	0	199	0	0	0	0	0	0	0	0	0	368	3059	100950	114426	683801	0	0	0	0	0	0	239	0	1437	142	638056	55085	0	516091	494008	197	233	1441882	595850	1842702	1203080	2336212	10795347	15715787	0
LFQ	67	0	0	18	0	0	0	0	0	0	0	0	0	522	4208	102458	117449	697167	0	0	0	0	0	0	338	0	1593	145	645070	55954	0	522367	496319	283	319	1454228	602162	1860075	1216876	2342656	10828386	15560926	0
LFQ	68	0	0	19	0	0	0	0	0	0	0	0	0	693	5444	104215	121041	714482	0	0	0	0	0	0	499	0	1824	198	659144	56502	0	527541	500973	402	401	1463746	608518	1871155	1222364	2349540	10856360	15414703	0
LFQ	69	0	0	781	0	0	0	0	0	0	0	0	0	759	6337	103528	120015	696124	0	0	0	0	0	0	595	0	2439	260	669157	57432	0	533860	506268	446	576	1479961	621692	1892095	1236946	2369808	10912071	15238243	0
LFQ	70	0	0	12	0	0	0	0	0	0	0	0	0	717	5434	107768	123087	710642	0	0	0	0	0	0	492	0	3115	263	663331	58668	0	542163	511925	411	433	1496206	626963	1911668	1249884	2375236	10928794	15101081	0
LFQ	71	0	0	1	0	0	0	0	0	0	0	0	0	979	7347	108020	125459	714431	0	0	0	0	0	0	707	0	3557	362	664652	59026	0	545944	513888	548	642	1504189	629268	1923589	1253113	2385431	10962046	14983434	0
LFQ	72	0	0	26	0	0	0	0	0	0	0	0	0	1820	12521	107000	125508	726008	0	0	0	0	0	0	1275	1	4500	534	672100	60077	0	553322	518043	1013	1149	1511439	631779	1936169	1258689	2391581	10983773	14856047	0
LFQ	73	0	0	2	0	0	0	0	0	0	0	0	0	1686	11722	123154	137664	797769	0	0	0	0	0	0	1298	1	6095	621	701563	62290	0	571375	533308	987	1047	1546476	649253	1971364	1280348	2409467	11000564	14513463	0
LFQ	74	0	0	0	0	0	0	0	0	0	0	0	0	1757	11577	121899	128075	749727	0	0	0	0	0	3	1308	1	8133	827	744790	63106	0	568424	532939	1021	1206	1562118	666454	1981607	1294631	2419688	11042626	14386092	0
LFQ	75	0	0	34	0	0	0	0	0	0	0	0	0	2564	15641	122224	126552	748852	0	0	0	0	0	98	1711	40	9802	1032	722515	64345	0	580387	538327	1471	1677	1580459	677666	2006530	1310757	2440971	11092228	14207525	0
LFQ	76	0	0	0	0	0	0	0	0	0	0	0	0	2827	18204	125748	127986	757255	0	0	0	0	0	118	2067	36	10856	1129	713766	65497	0	591938	548283	1830	2029	1599882	675063	2040224	1322024	2458169	11156016	13997143	0
LFQ	77	0	0	5	0	0	0	0	0	0	0	0	0	3047	18265	132975	127919	770223	0	0	0	0	0	0	2107	0	13022	1229	718913	66681	0	600774	556157	1806	2029	1620538	685157	2062143	1334437	2461241	11188494	13814138	0
LFQ	78	0	0	601	0	0	0	0	0	0	0	0	0	3949	23210	138024	116132	755753	0	0	0	0	0	6	3045	3	18052	1722	708963	66161	0	602807	554913	2465	2832	1622059	685151	2067272	1337120	2470457	11235457	13721395	0
LFQ	79	0	0	30	0	0	0	0	0	0	0	0	0	4767	26042	131082	110546	717566	0	0	0	0	0	165	3604	67	18759	2031	709167	66992	0	613071	559396	3252	3572	1635384	689424	2086852	1345641	2477062	11250194	13584297	0
LFQ	80	0	0	497	0	0	0	0	0	0	0	0	0	4130	23089	95940	79665	544877	0	0	0	0	0	572	4680	204	20794	2251	716222	68235	0	624412	566841	4455	4909	1645074	688204	2103208	1350094	2481981	11238611	13391378	0
LFQ	81	0	0	0	0	0	0	0	0	0	0	0	0	0	0	0	0	0	0	0	0	0	0	1328	12800	387	48434	4243	2004849	148678	0	1572602	1745832	7484	5299	3484076	1013386	3480090	1874878	2183583	8253065	5511902	0
# GC Content of first fragments. Use `grep ^GCF | cut -f 2-` to extract this part.
GCF	0.50	13563
GCF	1.26	13562
GCF	1.76	13560
GCF	2.26	13561
GCF	2.76	13571
GCF	3.27	13623
GCF	3.77	13739
GCF	4.27	13783
GCF	4.77	13787
GCF	5.28	13786
GCF	5.78	13712
GCF	6.28	13722
GCF	6.78	13761
GCF	7.29	13742
GCF	7.79	13758
GCF	8.29	13720
GCF	8.79	13831
GCF	9.30	13888
GCF	9.80	14000
GCF	10.30	14096
GCF	10.80	14192
GCF	11.31	14382
GCF	11.81	14507
GCF	12.31	14891
GCF	12.81	15023
GCF	13.32	15218
GCF	13.82	15632
GCF	14.32	15833
GCF	14.82	16787
GCF	15.33	17082
GCF	15.83	18707
GCF	16.33	18975
GCF	16.83	19503
GCF	17.34	23171
GCF	17.84	23481
GCF	18.34	29306
GCF	18.84	30086
GCF	19.35	30378
GCF	19.85	41156
GCF	20.35	41427
GCF	20.85	55398
GCF	21.36	56675
GCF	21.86	57044
GCF	22.36	79520
GCF	22.86	80277
GCF	23.37	109390
GCF	23.87	111832
GCF	24.37	112306
GCF	24.87	152406
GCF	25.38	152853
GCF	25.88	197730
GCF	26.38	201071
GCF	26.88	201652
GCF	27.39	257978
GCF	27.89	258810
GCF	28.39	321711
GCF	28.89	325517
GCF	29.40	392493
GCF	29.90	396938
GCF	30.40	397825
GCF	30.90	470003
GCF	31.41	474704
GCF	31.91	553946
GCF	32.41	558345
GCF	32.91	558940
GCF	33.42	644885
GCF	33.92	649808
GCF	34.42	736098
GCF	34.92	741089
GCF	35.43	741956
GCF	35.93	831794
GCF	36.43	837032
GCF	36.93	920799
GCF	37.44	926654
GCF	37.94	927925
GCF	38.44	1008473
GCF	38.94	1013549
GCF	39.45	1081832
GCF	39.95	1087902
GCF	40.45	1088837
GCF	40.95	1144590
GCF	41.46	1148586
GCF	41.96	1196925
GCF	42.46	1199709
GCF	42.96	1233800
GCF	43.47	1234187
GCF	43.97	1237593
GCF	44.47	1265966
GCF	44.97	1269195
GCF	45.48	1285429
GCF	45.98	1286002
GCF	46.48	1288527
GCF	46.98	1303533
GCF	47.49	1306464
GCF	47.99	1315914
GCF	48.49	1316551
GCF	48.99	1319287
GCF	49.50	1340724
GCF	50.00	1349402
GCF	50.50	1372453
GCF	51.01	1376075
GCF	51.51	1376924
GCF	52.01	1404708
GCF	52.51	1409207
GCF	53.02	1439833
GCF	53.52	1444442
GCF	54.02	1445514
GCF	54.52	1475304
GCF	55.03	1480549
GCF	55.53	1506460
GCF	56.03	1512028
GCF	56.53	1512652
GCF	57.04	1524549
GCF	57.54	1528057
GCF	58.04	1517447
GCF	58.54	1518902
GCF	59.05	1484371
GCF	59.55	1484798
GCF	60.05	1485238
GCF	60.55	1425980
GCF	61.06	1424632
GCF	61.56	1346154
GCF	62.06	1345593
GCF	62.56	1341509
GCF	63.07	1241031
GCF	63.57	1235338
GCF	64.07	1116920
GCF	64.57	1115336
GCF	65.08	1107061
GCF	65.58	979462
GCF	66.08	970054
GCF	66.58	834684
GCF	67.09	833168
GCF	67.59	822577
GCF	68.09	692517
GCF	68.59	680009
GCF	69.10	561096
GCF	69.60	558664
GCF	70.10	547655
GCF	70.60	444821
GCF	71.11	435005
GCF	71.61	349327
GCF	72.11	347131
GCF	72.61	270803
GCF	73.12	268933
GCF	73.62	261549
GCF	74.12	209160
GCF	74.62	208220
GCF	75.13	162968
GCF	75.63	161584
GCF	76.13	156252
GCF	76.63	126971
GCF	77.14	125111
GCF	77.64	99075
GCF	78.14	98140
GCF	78.64	94597
GCF	79.15	79102
GCF	79.65	78518
GCF	80.15	63685
GCF	80.65	63017
GCF	81.16	60705
GCF	81.66	52600
GCF	82.16	51846
GCF	82.66	44475
GCF	83.17	42536
GCF	83.67	41332
GCF	84.17	36415
GCF	84.67	35576
GCF	85.18	31246
GCF	85.68	29662
GCF	86.18	26973
GCF	86.68	26455
GCF	87.19	26202
GCF	87.69	23458
GCF	88.19	23087
GCF	88.69	21232
GCF	89.20	21127
GCF	89.70	20879
GCF	90.20	19867
GCF	90.70	19216
GCF	91.21	18968
GCF	91.71	18550
GCF	92.21	18179
GCF	92.71	17896
GCF	93.22	17710
GCF	93.72	17524
GCF	94.22	17342
GCF	94.72	17268
GCF	95.23	17154
GCF	95.73	17112
GCF	96.23	17072
GCF	96.73	17054
GCF	97.24	17040
GCF	97.74	17038
GCF	98.24	17041
GCF	99.25	17044
# GC Content of last fragments. Use `grep ^GCL | cut -f 2-` to extract this part.
GCL	0.50	40035
GCL	1.26	40030
GCL	1.76	40021
GCL	2.26	40015
GCL	2.76	40018
GCL	3.27	40084
GCL	3.77	40146
GCL	4.27	40212
GCL	4.77	40264
GCL	5.28	40242
GCL	5.78	40237
GCL	6.28	40311
GCL	6.78	40358
GCL	7.29	40508
GCL	7.79	40594
GCL	8.29	40657
GCL	8.79	40763
GCL	9.30	40970
GCL	9.80	41327
GCL	10.30	41525
GCL	10.80	41625
GCL	11.31	42159
GCL	11.81	42387
GCL	12.31	43362
GCL	12.81	43524
GCL	13.32	43820
GCL	13.82	44431
GCL	14.32	45421
GCL	14.82	46644
GCL	15.33	47083
GCL	15.83	49079
GCL	16.33	49596
GCL	16.83	51568
GCL	17.34	55571
GCL	17.84	56115
GCL	18.34	62377
GCL	18.84	63949
GCL	19.35	64466
GCL	19.85	77807
GCL	20.35	78351
GCL	20.85	92151
GCL	21.36	95084
GCL	21.86	95783
GCL	22.36	119684
GCL	22.86	121124
GCL	23.37	148092
GCL	23.87	152768
GCL	24.37	153687
GCL	24.87	199025
GCL	25.38	199772
GCL	25.88	244229
GCL	26.38	250586
GCL	26.88	252144
GCL	27.39	310672
GCL	27.89	312378
GCL	28.39	371811
GCL	28.89	379533
GCL	29.40	445146
GCL	29.90	453345
GCL	30.40	454970
GCL	30.90	524788
GCL	31.41	533867
GCL	31.91	609376
GCL	32.41	618119
GCL	32.91	619354
GCL	33.42	705376
GCL	33.92	713832
GCL	34.42	795685
GCL	34.92	805143
GCL	35.43	807280
GCL	35.93	888820
GCL	36.43	898501
GCL	36.93	979374
GCL	37.44	990173
GCL	37.94	992540
GCL	38.44	1064167
GCL	38.94	1072712
GCL	39.45	1134632
GCL	39.95	1147848
GCL	40.45	1149785
GCL	40.95	1201309
GCL	41.46	1208556
GCL	41.96	1247145
GCL	42.46	1252748
GCL	42.96	1285154
GCL	43.47	1286611
GCL	43.97	1291854
GCL	44.47	1317426
GCL	44.97	1322750
GCL	45.48	1337945
GCL	45.98	1340003
GCL	46.48	1345949
GCL	46.98	1353716
GCL	47.49	1358258
GCL	47.99	1369562
GCL	48.49	1371212
GCL	48.99	1376546
GCL	49.50	1388947
GCL	50.00	1411962
GCL	50.50	1428737
GCL	51.01	1436652
GCL	51.51	1438989
GCL	52.01	1460032
GCL	52.51	1469710
GCL	53.02	1494087
GCL	53.52	1504253
GCL	54.02	1506510
GCL	54.52	1535164
GCL	55.03	1545139
GCL	55.53	1569674
GCL	56.03	1580265
GCL	56.53	1581999
GCL	57.04	1588302
GCL	57.54	1596064
GCL	58.04	1584960
GCL	58.54	1590322
GCL	59.05	1556405
GCL	59.55	1556061
GCL	60.05	1556339
GCL	60.55	1502521
GCL	61.06	1499754
GCL	61.56	1428825
GCL	62.06	1427831
GCL	62.56	1421347
GCL	63.07	1327723
GCL	63.57	1315118
GCL	64.07	1208784
GCL	64.57	1205786
GCL	65.08	1190572
GCL	65.58	1074320
GCL	66.08	1056545
GCL	66.58	933672
GCL	67.09	930716
GCL	67.59	909581
GCL	68.09	794508
GCL	68.59	771286
GCL	69.10	662087
GCL	69.60	657436
GCL	70.10	635796
GCL	70.60	543663
GCL	71.11	524584
GCL	71.61	444401
GCL	72.11	439376
GCL	72.61	363628
GCL	73.12	359487
GCL	73.62	344405
GCL	74.12	296089
GCL	74.62	294259
GCL	75.13	243818
GCL	75.63	241305
GCL	76.13	231086
GCL	76.63	204320
GCL	77.14	200233
GCL	77.64	172757
GCL	78.14	170831
GCL	78.64	163886
GCL	79.15	149506
GCL	79.65	148187
GCL	80.15	128968
GCL	80.65	127735
GCL	81.16	123103
GCL	81.66	114416
GCL	82.16	112691
GCL	82.66	104932
GCL	83.17	99395
GCL	83.67	97395
GCL	84.17	92660
GCL	84.67	90973
GCL	85.18	85851
GCL	85.68	81607
GCL	86.18	78591
GCL	86.68	77697
GCL	87.19	77175
GCL	87.69	72505
GCL	88.19	71844
GCL	88.69	68779
GCL	89.20	68581
GCL	89.70	68114
GCL	90.20	66244
GCL	90.70	64835
GCL	91.21	64518
GCL	91.71	63663
GCL	92.21	62965
GCL	92.71	62400
GCL	93.22	61969
GCL	93.72	61637
GCL	94.22	61258
GCL	94.72	61134
GCL	95.23	60918
GCL	95.73	60812
GCL	96.23	60730
GCL	96.73	60686
GCL	97.24	60659
GCL	97.74	60647
GCL	98.24	60650
GCL	99.25	60648
# ACGT content per cycle. Use `grep ^GCC | cut -f 2-` to extract this part. The columns are: cycle; A,C,G,T base counts as a percentage of all A/C/G/T bases [%]; and N and O counts as a percentage of all A/C/G/T bases [%]
GCC	1	24.60	25.26	25.23	24.90	0.00	0.00
GCC	2	24.64	25.24	25.19	24.93	0.00	0.00
GCC	3	24.71	25.15	25.10	25.03	0.00	0.00
GCC	4	24.56	25.32	25.25	24.88	0.00	0.00
GCC	5	24.59	25.29	25.21	24.91	0.00	0.00
GCC	6	24.68	25.21	25.11	25.00	0.00	0.00
GCC	7	24.52	25.36	25.27	24.84	0.00	0.00
GCC	8	24.57	25.33	25.23	24.87	0.00	0.00
GCC	9	24.64	25.25	25.14	24.97	0.00	0.00
GCC	10	24.52	25.38	25.26	24.84	0.00	0.00
GCC	11	24.52	25.38	25.26	24.84	0.00	0.00
GCC	12	24.62	25.28	25.17	24.94	0.00	0.00
GCC	13	24.47	25.43	25.30	24.81	0.00	0.00
GCC	14	24.49	25.42	25.28	24.82	0.00	0.00
GCC	15	24.58	25.33	25.19	24.91	0.00	0.00
GCC	16	24.44	25.45	25.31	24.81	0.00	0.00
GCC	17	24.45	25.46	25.28	24.81	0.00	0.00
GCC	18	24.54	25.36	25.20	24.90	0.00	0.00
GCC	19	24.43	25.48	25.31	24.78	0.00	0.00
GCC	20	24.43	25.47	25.32	24.78	0.00	0.00
GCC	21	24.52	25.38	25.22	24.88	0.00	0.00
GCC	22	24.40	25.52	25.33	24.75	0.00	0.00
GCC	23	24.39	25.51	25.33	24.76	0.00	0.00
GCC	24	24.50	25.42	25.22	24.86	0.00	0.00
GCC	25	24.35	25.57	25.35	24.73	0.00	0.00
GCC	26	24.37	25.55	25.34	24.74	0.00	0.00
GCC	27	24.47	25.45	25.25	24.84	0.00	0.00
GCC	28	24.34	25.58	25.36	24.73	0.00	0.00
GCC	29	24.36	25.56	25.33	24.74	0.00	0.00
GCC	30	24.45	25.46	25.23	24.86	0.00	0.00
GCC	31	24.33	25.59	25.35	24.73	0.00	0.00
GCC	32	24.34	25.58	25.33	24.75	0.00	0.00
GCC	33	24.43	25.49	25.24	24.84	0.00	0.00
GCC	34	24.32	25.60	25.34	24.73	0.00	0.00
GCC	35	24.32	25.60	25.35	24.72	0.00	0.00
GCC	36	24.42	25.51	25.25	24.82	0.00	0.00
GCC	37	24.30	25.63	25.36	24.71	0.00	0.00
GCC	38	24.32	25.61	25.33	24.74	0.00	0.00
GCC	39	24.40	25.52	25.25	24.82	0.00	0.00
GCC	40	24.29	25.65	25.35	24.71	0.00	0.00
GCC	41	24.30	25.63	25.35	24.72	0.00	0.00
GCC	42	24.40	25.54	25.25	24.81	0.00	0.00
GCC	43	24.28	25.64	25.37	24.71	0.00	0.00
GCC	44	24.30	25.64	25.35	24.71	0.00	0.00
GCC	45	24.38	25.54	25.26	24.82	0.00	0.00
GCC	46	24.27	25.67	25.36	24.70	0.00	0.00
GCC	47	24.30	25.65	25.34	24.71	0.00	0.00
GCC	48	24.37	25.56	25.27	24.80	0.00	0.00
GCC	49	24.26	25.68	25.38	24.68	0.00	0.00
GCC	50	24.27	25.66	25.36	24.70	0.00	0.00
GCC	51	24.35	25.58	25.28	24.79	0.00	0.00
GCC	52	24.26	25.67	25.38	24.69	0.00	0.00
GCC	53	24.28	25.65	25.36	24.71	0.00	0.00
GCC	54	24.36	25.58	25.27	24.80	0.00	0.00
GCC	55	24.25	25.68	25.39	24.68	0.00	0.00
GCC	56	24.27	25.67	25.35	24.71	0.00	0.00
GCC	57	24.36	25.58	25.27	24.79	0.00	0.00
GCC	58	24.25	25.69	25.37	24.69	0.00	0.00
GCC	59	24.28	25.67	25.34	24.71	0.00	0.00
GCC	60	24.33	25.60	25.28	24.79	0.00	0.00
GCC	61	24.26	25.68	25.36	24.69	0.00	0.00
GCC	62	24.27	25.67	25.35	24.71	0.00	0.00
GCC	63	24.36	25.59	25.26	24.80	0.00	0.00
GCC	64	24.24	25.70	25.37	24.70	0.00	0.00
GCC	65	24.27	25.68	25.35	24.69	0.00	0.00
GCC	66	24.34	25.59	25.27	24.79	0.00	0.00
GCC	67	24.24	25.69	25.38	24.69	0.00	0.00
GCC	68	24.26	25.69	25.35	24.70	0.00	0.00
GCC	69	24.33	25.61	25.28	24.78	0.00	0.00
GCC	70	24.24	25.70	25.37	24.68	0.00	0.00
GCC	71	24.26	25.68	25.36	24.69	0.00	0.00
GCC	72	24.33	25.60	25.28	24.79	0.00	0.00
GCC	73	24.25	25.69	25.37	24.69	0.00	0.00
GCC	74	24.26	25.70	25.36	24.69	0.00	0.00
GCC	75	24.33	25.61	25.29	24.77	0.00	0.00
GCC	76	24.23	25.70	25.39	24.68	0.00	0.00
GCC	77	24.26	25.68	25.36	24.70	0.00	0.00
GCC	78	24.33	25.61	25.29	24.77	0.00	0.00
GCC	79	24.25	25.69	25.37	24.69	0.00	0.00
GCC	80	24.25	25.68	25.36	24.71	0.00	0.00
GCC	81	23.94	26.03	25.61	24.42	0.00	0.00
# ACGT content per cycle, read oriented. Use `grep ^GCT | cut -f 2-` to extract this part. The columns are: cycle; A,C,G,T base counts as a percentage of all A/C/G/T bases [%]
GCT	1	24.36	25.58	24.92	25.15
GCT	2	24.52	25.41	25.03	25.05
GCT	3	24.60	25.31	24.94	25.15
GCT	4	24.40	25.58	24.99	25.04
GCT	5	24.55	25.44	25.07	24.95
GCT	6	24.61	25.34	24.98	25.07
GCT	7	24.41	25.57	25.07	24.95
GCT	8	24.54	25.45	25.11	24.90
GCT	9	24.59	25.35	25.03	25.02
GCT	10	24.41	25.54	25.10	24.95
GCT	11	24.53	25.43	25.21	24.83
GCT	12	24.60	25.35	25.09	24.96
GCT	13	24.43	25.54	25.18	24.84
GCT	14	24.53	25.46	25.24	24.77
GCT	15	24.55	25.38	25.13	24.94
GCT	16	24.40	25.56	25.19	24.84
GCT	17	24.49	25.49	25.25	24.78
GCT	18	24.53	25.42	25.14	24.92
GCT	19	24.38	25.58	25.21	24.83
GCT	20	24.45	25.50	25.30	24.76
GCT	21	24.57	25.40	25.21	24.82
GCT	22	24.38	25.59	25.26	24.77
GCT	23	24.44	25.51	25.34	24.72
GCT	24	24.52	25.42	25.22	24.84
GCT	25	24.33	25.62	25.29	24.75
GCT	26	24.44	25.53	25.36	24.67
GCT	27	24.51	25.44	25.25	24.79
GCT	28	24.32	25.64	25.30	24.74
GCT	29	24.44	25.53	25.37	24.66
GCT	30	24.51	25.45	25.24	24.80
GCT	31	24.34	25.62	25.32	24.71
GCT	32	24.44	25.54	25.38	24.64
GCT	33	24.49	25.46	25.27	24.78
GCT	34	24.37	25.61	25.33	24.69
GCT	35	24.44	25.54	25.42	24.61
GCT	36	24.50	25.49	25.27	24.74
GCT	37	24.34	25.63	25.35	24.67
GCT	38	24.43	25.56	25.38	24.63
GCT	39	24.48	25.49	25.29	24.74
GCT	40	24.35	25.66	25.34	24.65
GCT	41	24.44	25.55	25.42	24.59
GCT	42	24.48	25.48	25.30	24.73
GCT	43	24.34	25.64	25.37	24.65
GCT	44	24.44	25.56	25.43	24.57
GCT	45	24.50	25.47	25.33	24.70
GCT	46	24.35	25.66	25.37	24.62
GCT	47	24.42	25.57	25.42	24.58
GCT	48	24.49	25.51	25.32	24.68
GCT	49	24.35	25.66	25.40	24.59
GCT	50	24.43	25.57	25.45	24.54
GCT	51	24.50	25.49	25.37	24.65
GCT	52	24.38	25.63	25.42	24.57
GCT	53	24.47	25.53	25.48	24.52
GCT	54	24.51	25.47	25.38	24.65
GCT	55	24.36	25.62	25.45	24.57
GCT	56	24.47	25.54	25.48	24.52
GCT	57	24.52	25.46	25.38	24.64
GCT	58	24.38	25.62	25.44	24.56
GCT	59	24.48	25.53	25.49	24.51
GCT	60	24.51	25.47	25.41	24.61
GCT	61	24.42	25.58	25.47	24.53
GCT	62	24.49	25.51	25.50	24.50
GCT	63	24.53	25.44	25.41	24.62
GCT	64	24.39	25.60	25.46	24.55
GCT	65	24.49	25.52	25.52	24.47
GCT	66	24.55	25.45	25.42	24.58
GCT	67	24.42	25.58	25.49	24.51
GCT	68	24.49	25.51	25.53	24.47
GCT	69	24.54	25.44	25.45	24.57
GCT	70	24.41	25.59	25.48	24.51
GCT	71	24.50	25.51	25.54	24.46
GCT	72	24.55	25.45	25.43	24.57
GCT	73	24.44	25.57	25.50	24.50
GCT	74	24.51	25.51	25.54	24.44
GCT	75	24.56	25.45	25.45	24.55
GCT	76	24.44	25.59	25.50	24.47
GCT	77	24.54	25.50	25.54	24.42
GCT	78	24.57	25.46	25.43	24.54
GCT	79	24.46	25.57	25.49	24.48
GCT	80	24.52	25.51	25.53	24.43
GCT	81	24.19	26.20	25.44	24.17
# ACGT content per cycle for first fragments. Use `grep ^FBC | cut -f 2-` to extract this part. The columns are: cycle; A,C,G,T base counts as a percentage of all A/C/G/T bases [%]; and N and O counts as a percentage of all A/C/G/T bases [%]
FBC	1	24.69	25.23	25.32	24.76	0.00	0.00
FBC	2	24.70	25.24	25.25	24.81	0.00	0.00
FBC	3	24.78	25.16	25.18	24.89	0.00	0.00
FBC	4	24.64	25.29	25.32	24.76	0.00	0.00
FBC	5	24.64	25.28	25.27	24.82	0.00	0.00
FBC	6	24.73	25.20	25.18	24.89	0.00	0.00
FBC	7	24.59	25.34	25.34	24.73	0.00	0.00
FBC	8	24.62	25.31	25.29	24.78	0.00	0.00
FBC	9	24.68	25.25	25.20	24.86	0.00	0.00
FBC	10	24.57	25.36	25.32	24.75	0.00	0.00
FBC	11	24.54	25.39	25.30	24.77	0.00	0.00
FBC	12	24.66	25.29	25.21	24.84	0.00	0.00
FBC	13	24.52	25.41	25.35	24.72	0.00	0.00
FBC	14	24.51	25.43	25.31	24.76	0.00	0.00
FBC	15	24.61	25.33	25.24	24.82	0.00	0.00
FBC	16	24.49	25.42	25.37	24.72	0.00	0.00
FBC	17	24.48	25.46	25.32	24.74	0.00	0.00
FBC	18	24.57	25.36	25.26	24.81	0.00	0.00
FBC	19	24.47	25.45	25.37	24.71	0.00	0.00
FBC	20	24.47	25.47	25.34	24.73	0.00	0.00
FBC	21	24.54	25.39	25.26	24.80	0.00	0.00
FBC	22	24.45	25.50	25.38	24.67	0.00	0.00
FBC	23	24.42	25.52	25.36	24.71	0.00	0.00
FBC	24	24.52	25.42	25.27	24.79	0.00	0.00
FBC	25	24.38	25.54	25.41	24.67	0.00	0.00
FBC	26	24.39	25.55	25.37	24.68	0.00	0.00
FBC	27	24.48	25.46	25.29	24.77	0.00	0.00
FBC	28	24.38	25.55	25.41	24.66	0.00	0.00
FBC	29	24.39	25.57	25.36	24.68	0.00	0.00
FBC	30	24.46	25.47	25.28	24.79	0.00	0.00
FBC	31	24.38	25.57	25.39	24.65	0.00	0.00
FBC	32	24.36	25.59	25.35	24.71	0.00	0.00
FBC	33	24.45	25.50	25.28	24.77	0.00	0.00
FBC	34	24.36	25.58	25.38	24.68	0.00	0.00
FBC	35	24.35	25.60	25.36	24.69	0.00	0.00
FBC	36	24.44	25.51	25.28	24.77	0.00	0.00
FBC	37	24.35	25.60	25.39	24.65	0.00	0.00
FBC	38	24.34	25.60	25.36	24.70	0.00	0.00
FBC	39	24.43	25.51	25.29	24.77	0.00	0.00
FBC	40	24.33	25.63	25.39	24.66	0.00	0.00
FBC	41	24.33	25.62	25.36	24.69	0.00	0.00
FBC	42	24.42	25.54	25.28	24.76	0.00	0.00
FBC	43	24.33	25.61	25.40	24.66	0.00	0.00
FBC	44	24.31	25.63	25.37	24.68	0.00	0.00
FBC	45	24.39	25.55	25.29	24.77	0.00	0.00
FBC	46	24.31	25.64	25.39	24.66	0.00	0.00
FBC	47	24.31	25.66	25.36	24.67	0.00	0.00
FBC	48	24.39	25.56	25.30	24.75	0.00	0.00
FBC	49	24.29	25.67	25.41	24.63	0.00	0.00
FBC	50	24.29	25.66	25.38	24.67	0.00	0.00
FBC	51	24.36	25.59	25.31	24.75	0.00	0.00
FBC	52	24.30	25.65	25.41	24.64	0.00	0.00
FBC	53	24.29	25.66	25.37	24.69	0.00	0.00
FBC	54	24.37	25.58	25.30	24.76	0.00	0.00
FBC	55	24.28	25.67	25.41	24.64	0.00	0.00
FBC	56	24.28	25.68	25.35	24.69	0.00	0.00
FBC	57	24.36	25.59	25.30	24.75	0.00	0.00
FBC	58	24.26	25.68	25.40	24.66	0.00	0.00
FBC	59	24.28	25.68	25.35	24.69	0.00	0.00
FBC	60	24.33	25.61	25.32	24.75	0.00	0.00
FBC	61	24.27	25.68	25.39	24.66	0.00	0.00
FBC	62	24.28	25.67	25.36	24.69	0.00	0.00
FBC	63	24.35	25.61	25.28	24.76	0.00	0.00
FBC	64	24.25	25.68	25.39	24.67	0.00	0.00
FBC	65	24.26	25.70	25.36	24.69	0.00	0.00
FBC	66	24.33	25.62	25.30	24.75	0.00	0.00
FBC	67	24.26	25.68	25.39	24.67	0.00	0.00
FBC	68	24.25	25.69	25.36	24.69	0.00	0.00
FBC	69	24.31	25.63	25.31	24.75	0.00	0.00
FBC	70	24.25	25.69	25.40	24.66	0.00	0.00
FBC	71	24.25	25.71	25.37	24.68	0.00	0.00
FBC	72	24.33	25.62	25.29	24.76	0.00	0.00
FBC	73	24.25	25.68	25.39	24.67	0.00	0.00
FBC	74	24.25	25.70	25.36	24.68	0.00	0.00
FBC	75	24.32	25.63	25.30	24.75	0.00	0.00
FBC	76	24.23	25.69	25.41	24.67	0.00	0.00
FBC	77	24.23	25.69	25.37	24.71	0.00	0.00
FBC	78	24.31	25.62	25.30	24.77	0.00	0.00
FBC	79	24.25	25.68	25.39	24.68	0.00	0.00
FBC	80	24.23	25.71	25.35	24.71	0.00	0.00
FBC	81	24.08	25.79	25.58	24.55	0.00	0.00
# ACGT raw counters for first fragments. Use `grep ^FTC | cut -f 2-` to extract this part. The columns are: A,C,G,T,N base counters
FTC	743702121	778580116	772293098	753571452	1451
# ACGT content per cycle for last fragments. Use `grep ^LBC | cut -f 2-` to extract this part. The columns are: cycle; A,C,G,T base counts as a percentage of all A/C/G/T bases [%]; and N and O counts as a percentage of all A/C/G/T bases [%]
LBC	1	24.52	25.29	25.14	25.05	0.00	0.00
LBC	2	24.57	25.24	25.14	25.05	0.00	0.00
LBC	3	24.65	25.15	25.03	25.17	0.00	0.00
LBC	4	24.48	25.35	25.17	25.00	0.00	0.00
LBC	5	24.54	25.30	25.16	25.00	0.00	0.00
LBC	6	24.62	25.21	25.05	25.12	0.00	0.00
LBC	7	24.45	25.39	25.20	24.96	0.00	0.00
LBC	8	24.51	25.34	25.18	24.97	0.00	0.00
LBC	9	24.60	25.25	25.08	25.08	0.00	0.00
LBC	10	24.46	25.40	25.20	24.94	0.01	0.00
LBC	11	24.49	25.36	25.23	24.92	0.00	0.00
LBC	12	24.58	25.26	25.12	25.04	0.00	0.00
LBC	13	24.41	25.44	25.25	24.90	0.00	0.00
LBC	14	24.47	25.41	25.24	24.88	0.00	0.00
LBC	15	24.54	25.32	25.14	25.00	0.00	0.00
LBC	16	24.38	25.47	25.25	24.90	0.00	0.00
LBC	17	24.42	25.45	25.24	24.88	0.00	0.00
LBC	18	24.51	25.35	25.14	24.99	0.00	0.00
LBC	19	24.38	25.51	25.25	24.86	0.00	0.00
LBC	20	24.39	25.48	25.29	24.84	0.00	0.00
LBC	21	24.50	25.37	25.18	24.95	0.00	0.00
LBC	22	24.35	25.53	25.29	24.83	0.00	0.00
LBC	23	24.37	25.51	25.30	24.81	0.00	0.00
LBC	24	24.47	25.42	25.18	24.94	0.00	0.00
LBC	25	24.31	25.59	25.29	24.80	0.00	0.00
LBC	26	24.36	25.55	25.31	24.79	0.00	0.00
LBC	27	24.45	25.44	25.20	24.91	0.00	0.00
LBC	28	24.29	25.61	25.31	24.79	0.00	0.00
LBC	29	24.34	25.55	25.31	24.79	0.00	0.00
LBC	30	24.44	25.45	25.18	24.92	0.00	0.00
LBC	31	24.28	25.62	25.31	24.80	0.00	0.00
LBC	32	24.32	25.58	25.32	24.79	0.00	0.00
LBC	33	24.41	25.48	25.21	24.90	0.00	0.00
LBC	34	24.29	25.63	25.30	24.79	0.00	0.00
LBC	35	24.30	25.61	25.34	24.76	0.00	0.00
LBC	36	24.40	25.51	25.21	24.88	0.00	0.00
LBC	37	24.26	25.65	25.32	24.77	0.00	0.00
LBC	38	24.30	25.62	25.31	24.78	0.00	0.00
LBC	39	24.38	25.53	25.22	24.87	0.00	0.00
LBC	40	24.25	25.67	25.31	24.77	0.00	0.00
LBC	41	24.27	25.64	25.33	24.76	0.00	0.00
LBC	42	24.38	25.54	25.22	24.86	0.00	0.00
LBC	43	24.24	25.67	25.33	24.76	0.00	0.00
LBC	44	24.28	25.64	25.33	24.74	0.00	0.00
LBC	45	24.37	25.54	25.23	24.86	0.00	0.00
LBC	46	24.23	25.69	25.33	24.74	0.00	0.00
LBC	47	24.29	25.64	25.33	24.75	0.00	0.00
LBC	48	24.35	25.56	25.24	24.85	0.00	0.00
LBC	49	24.22	25.70	25.35	24.74	0.00	0.00
LBC	50	24.26	25.66	25.35	24.74	0.00	0.00
LBC	51	24.34	25.57	25.25	24.84	0.00	0.00
LBC	52	24.21	25.70	25.35	24.75	0.00	0.00
LBC	53	24.27	25.65	25.35	24.73	0.00	0.00
LBC	54	24.35	25.57	25.24	24.84	0.00	0.00
LBC	55	24.22	25.69	25.36	24.72	0.00	0.00
LBC	56	24.26	25.67	25.34	24.73	0.00	0.00
LBC	57	24.36	25.56	25.24	24.84	0.00	0.00
LBC	58	24.23	25.70	25.35	24.72	0.00	0.00
LBC	59	24.27	25.66	25.34	24.72	0.00	0.00
LBC	60	24.34	25.60	25.24	24.83	0.00	0.00
LBC	61	24.25	25.69	25.34	24.72	0.00	0.00
LBC	62	24.27	25.67	25.33	24.73	0.00	0.00
LBC	63	24.36	25.57	25.24	24.83	0.00	0.00
LBC	64	24.22	25.71	25.34	24.72	0.00	0.00
LBC	65	24.28	25.67	25.35	24.70	0.00	0.00
LBC	66	24.36	25.57	25.25	24.82	0.00	0.00
LBC	67	24.23	25.70	25.36	24.71	0.00	0.00
LBC	68	24.27	25.68	25.35	24.70	0.00	0.00
LBC	69	24.34	25.59	25.26	24.81	0.00	0.00
LBC	70	24.24	25.71	25.35	24.70	0.00	0.00
LBC	71	24.27	25.66	25.36	24.71	0.00	0.00
LBC	72	24.33	25.58	25.27	24.82	0.00	0.00
LBC	73	24.24	25.69	25.35	24.72	0.00	0.00
LBC	74	24.26	25.69	25.35	24.69	0.00	0.00
LBC	75	24.34	25.59	25.28	24.79	0.00	0.00
LBC	76	24.23	25.71	25.38	24.69	0.00	0.00
LBC	77	24.28	25.66	25.36	24.70	0.00	0.00
LBC	78	24.35	25.59	25.27	24.78	0.00	0.00
LBC	79	24.24	25.70	25.35	24.70	0.00	0.00
LBC	80	24.26	25.66	25.37	24.71	0.00	0.00
LBC	81	23.78	26.30	25.64	24.28	0.00	0.00
# ACGT raw counters for last fragments. Use `grep ^LTC | cut -f 2-` to extract this part. The columns are: A,C,G,T,N base counters
LTC	731184348	767257990	758844799	745499061	24607
# Insert sizes. Use `grep ^IS | cut -f 2-` to extract this part. The columns are: insert size, pairs total, inward oriented pairs, outward oriented pairs, other pairs
IS	0	0	0	0	0
IS	1	2	0	1	1
IS	2	58	0	58	0
IS	3	59	0	59	0
IS	4	69	0	69	0
IS	5	74	0	73	1
IS	6	80	0	80	0
IS	7	76	0	76	0
IS	8	98	0	98	0
IS	9	101	0	101	0
IS	10	99	0	99	0
IS	11	100	0	100	0
IS	12	118	0	118	0
IS	13	136	0	136	0
IS	14	116	0	116	0
IS	15	105	0	105	0
IS	16	151	0	151	0
IS	17	139	0	139	0
IS	18	142	0	142	0
IS	19	319	74	245	0
IS	20	281	57	223	1
IS	21	234	38	196	0
IS	22	199	15	184	0
IS	23	213	15	198	0
IS	24	206	17	189	0
IS	25	215	21	194	0
IS	26	161	13	148	0
IS	27	226	23	202	1
IS	28	208	11	196	1
IS	29	233	16	217	0
IS	30	252	13	239	0
IS	31	205	14	190	1
IS	32	258	22	236	0
IS	33	239	18	220	1
IS	34	245	20	223	2
IS	35	323	34	289	0
IS	36	271	24	247	0
IS	37	326	28	297	1
IS	38	337	21	316	0
IS	39	354	29	325	0
IS	40	396	28	367	1
IS	41	357	29	328	0
IS	42	386	27	359	0
IS	43	394	40	352	2
IS	44	456	44	410	2
IS	45	459	33	426	0
IS	46	458	51	407	0
IS	47	478	44	433	1
IS	48	543	40	503	0
IS	49	579	57	522	0
IS	50	632	53	578	1
IS	51	693	68	624	1
IS	52	784	57	727	0
IS	53	812	74	738	0
IS	54	885	69	815	1
IS	55	966	65	900	1
IS	56	1071	93	977	1
IS	57	1293	85	1208	0
IS	58	1407	102	1305	0
IS	59	1639	110	1529	0
IS	60	1904	136	1768	0
IS	61	1974	99	1875	0
IS	62	2386	130	2254	2
IS	63	2758	142	2613	3
IS	64	3133	171	2960	2
IS	65	3635	176	3457	2
IS	66	4231	208	4020	3
IS	67	4799	211	4587	1
IS	68	5650	261	5389	0
IS	69	6501	325	6175	1
IS	70	7504	314	7188	2
IS	71	8465	366	8097	2
IS	72	9935	432	9500	3
IS	73	11075	441	10633	1
IS	74	13020	517	12503	0
IS	75	14741	581	14160	0
IS	76	16878	625	16253	0
IS	77	19337	721	18615	1
IS	78	21811	849	20961	1
IS	79	25064	1075	23988	1
IS	80	28039	2798	25241	0
IS	81	31721	14822	16898	1
IS	82	35221	35164	56	1
IS	83	39472	39444	27	1
IS	84	43933	43916	14	3
IS	85	49433	49415	14	4
IS	86	54546	54542	4	0
IS	87	59745	59743	2	0
IS	88	65412	65405	5	2
IS	89	72208	72203	5	0
IS	90	78366	78358	5	3
IS	91	84515	84505	9	1
IS	92	92757	92754	2	1
IS	93	99863	99860	2	1
IS	94	108025	108022	2	1
IS	95	115448	115444	2	2
IS	96	123764	123763	1	0
IS	97	131654	131648	5	1
IS	98	140572	140570	1	1
IS	99	148932	148926	5	1
IS	100	156254	156250	4	0
IS	101	165993	165990	1	2
IS	102	173087	173085	0	2
IS	103	182749	182746	1	2
IS	104	190442	190439	2	1
IS	105	199547	199547	0	0
IS	106	207339	207337	1	1
IS	107	214827	214826	0	1
IS	108	223112	223110	1	1
IS	109	228802	228800	2	0
IS	110	236065	236064	0	1
IS	111	243700	243696	1	3
IS	112	248869	248866	3	0
IS	113	256087	256084	2	1
IS	114	261007	261005	1	1
IS	115	268602	268597	1	4
IS	116	272463	272459	3	1
IS	117	276575	276574	1	0
IS	118	281763	281760	2	1
IS	119	284971	284968	1	2
IS	120	288123	288121	1	1
IS	121	293665	293661	2	2
IS	122	295866	295863	0	3
IS	123	298870	298865	1	4
IS	124	301706	301705	1	0
IS	125	303234	303232	0	2
IS	126	305257	305256	1	0
IS	127	307150	307147	1	2
IS	128	308581	308580	1	0
IS	129	310863	310857	3	3
IS	130	311051	311048	2	1
IS	131	312173	312172	1	0
IS	132	311776	311774	1	1
IS	133	312276	312274	1	1
IS	134	312765	312764	0	1
IS	135	312142	312139	1	2
IS	136	312119	312117	0	2
IS	137	311256	311256	0	0
IS	138	311523	311521	2	0
IS	139	309867	309863	2	2
IS	140	309456	309454	2	0
IS	141	307332	307331	1	0
IS	142	306910	306909	0	1
IS	143	305866	305862	2	2
IS	144	304707	304706	0	1
IS	145	301719	301717	0	2
IS	146	300747	300746	0	1
IS	147	300095	300092	1	2
IS	148	297220	297217	2	1
IS	149	295338	295334	2	2
IS	150	293412	293410	1	1
IS	151	291715	291714	0	1
IS	152	288042	288037	4	1
IS	153	286501	286496	2	3
IS	154	284601	284598	3	0
IS	155	282996	282994	2	0
IS	156	279797	279792	3	2
IS	157	278099	278094	0	5
IS	158	275458	275456	1	1
IS	159	273091	273089	2	0
IS	160	269777	269776	0	1
IS	161	267140	267137	1	2
IS	162	264134	264133	1	0
IS	163	261347	261344	1	2
IS	164	259964	259964	0	0
IS	165	257242	257239	1	2
IS	166	254442	254439	1	2
IS	167	251730	251725	3	2
IS	168	248901	248897	2	2
IS	169	246103	246101	1	1
IS	170	244085	244084	1	0
IS	171	240592	240588	3	1
IS	172	237561	237559	2	0
IS	173	235662	235658	0	4
IS	174	232619	232614	2	3
IS	175	229963	229959	3	1
IS	176	226916	226914	0	2
IS	177	223818	223810	6	2
IS	178	221766	221765	0	1
IS	179	217645	217642	2	1
IS	180	215650	215648	2	0
IS	181	212908	212905	3	0
IS	182	210504	210502	2	0
IS	183	207036	207034	2	0
IS	184	204040	204040	0	0
IS	185	201195	201194	1	0
IS	186	198670	198669	0	1
IS	187	196261	196258	2	1
IS	188	193455	193452	3	0
IS	189	191353	191351	1	1
IS	190	188786	188784	2	0
IS	191	186304	186301	2	1
IS	192	183785	183784	0	1
IS	193	180157	180155	2	0
IS	194	179337	179333	3	1
IS	195	175776	175775	1	0
IS	196	173803	173801	1	1
IS	197	170440	170438	0	2
IS	198	169135	169133	1	1
IS	199	166365	166363	2	0
IS	200	164041	164039	2	0
IS	201	161390	161389	1	0
IS	202	159087	159084	1	2
IS	203	157120	157117	1	2
IS	204	154296	154294	1	1
IS	205	152306	152305	0	1
IS	206	149803	149800	3	0
IS	207	147036	147035	0	1
IS	208	145578	145574	1	3
IS	209	143130	143128	2	0
IS	210	142190	142189	0	1
IS	211	138683	138683	0	0
IS	212	136845	136844	1	0
IS	213	134212	134208	2	2
IS	214	133356	133354	2	0
IS	215	131606	131603	2	1
IS	216	129137	129134	3	0
IS	217	126605	126602	1	2
IS	218	124641	124637	1	3
IS	219	122539	122535	2	2
IS	220	121080	121078	2	0
IS	221	119503	119503	0	0
IS	222	117082	117081	1	0
IS	223	115107	115107	0	0
IS	224	113606	113605	0	1
IS	225	111572	111569	2	1
IS	226	110760	110758	1	1
IS	227	108374	108372	2	0
IS	228	107041	107040	1	0
IS	229	105374	105372	2	0
IS	230	103568	103566	0	2
IS	231	101844	101840	4	0
IS	232	100156	100155	1	0
IS	233	99034	99033	1	0
IS	234	97075	97070	3	2
IS	235	95215	95213	0	2
IS	236	94034	94033	1	0
IS	237	92438	92435	2	1
IS	238	90734	90733	1	0
IS	239	89213	89213	0	0
IS	240	88142	88140	2	0
IS	241	86158	86156	1	1
IS	242	85179	85177	1	1
IS	243	83303	83301	1	1
IS	244	82650	82650	0	0
IS	245	81271	81271	0	0
IS	246	80031	80030	1	0
IS	247	78854	78852	2	0
IS	248	77603	77601	1	1
IS	249	76064	76064	0	0
IS	250	75420	75417	2	1
IS	251	73377	73376	1	0
IS	252	72132	72129	3	0
IS	253	71133	71133	0	0
IS	254	69894	69894	0	0
IS	255	68591	68590	1	0
IS	256	67924	67923	1	0
IS	257	66575	66572	3	0
IS	258	65951	65951	0	0
IS	259	64539	64538	1	0
IS	260	63692	63690	1	1
IS	261	62184	62182	2	0
IS	262	61266	61263	2	1
IS	263	60167	60167	0	0
IS	264	58976	58975	1	0
IS	265	58286	58286	0	0
IS	266	57630	57629	0	1
IS	267	56153	56152	0	1
IS	268	55353	55353	0	0
IS	269	54534	54534	0	0
IS	270	53810	53809	1	0
IS	271	52494	52493	0	1
IS	272	51737	51736	1	0
IS	273	50928	50927	0	1
IS	274	50276	50276	0	0
IS	275	49602	49601	0	1
IS	276	48288	48287	1	0
IS	277	47744	47742	1	1
IS	278	46485	46484	0	1
IS	279	45913	45911	1	1
IS	280	45109	45108	1	0
IS	281	44350	44348	0	2
IS	282	43374	43372	0	2
IS	283	43211	43210	1	0
IS	284	42380	42380	0	0
IS	285	41766	41764	2	0
IS	286	41099	41099	0	0
IS	287	40265	40265	0	0
IS	288	39616	39615	1	0
IS	289	38845	38845	0	0
IS	290	38240	38239	1	0
IS	291	37661	37661	0	0
IS	292	36964	36964	0	0
IS	293	36413	36413	0	0
IS	294	35800	35800	0	0
IS	295	35366	35366	0	0
IS	296	34607	34605	1	1
IS	297	34169	34169	0	0
IS	298	33151	33149	0	2
IS	299	33112	33112	0	0
IS	300	32285	32285	0	0
IS	301	31912	31912	0	0
IS	302	31499	31499	0	0
IS	303	30699	30699	0	0
IS	304	30011	30010	0	1
IS	305	29622	29622	0	0
IS	306	29020	29020	0	0
IS	307	28796	28796	0	0
IS	308	28329	28327	1	1
IS	309	28070	28070	0	0
IS	310	27102	27102	0	0
IS	311	26536	26536	0	0
IS	312	26293	26292	1	0
IS	313	26203	26203	0	0
IS	314	25416	25416	0	0
IS	315	25182	25182	0	0
IS	316	24479	24479	0	0
IS	317	24244	24244	0	0
IS	318	23652	23652	0	0
IS	319	23089	23086	3	0
IS	320	23079	23077	0	2
IS	321	22638	22637	1	0
IS	322	22423	22422	0	1
IS	323	21965	21964	1	0
IS	324	21471	21471	0	0
IS	325	21254	21254	0	0
IS	326	20740	20738	2	0
IS	327	20368	20368	0	0
IS	328	20243	20243	0	0
IS	329	19834	19834	0	0
IS	330	19289	19287	2	0
IS	331	18912	18912	0	0
IS	332	18836	18835	0	1
IS	333	18215	18215	0	0
IS	334	18013	18010	2	1
IS	335	18030	18030	0	0
IS	336	17485	17485	0	0
IS	337	17102	17102	0	0
IS	338	16884	16884	0	0
IS	339	16687	16687	0	0
IS	340	16193	16191	2	0
IS	341	16163	16163	0	0
IS	342	15933	15933	0	0
IS	343	15413	15413	0	0
IS	344	15469	15469	0	0
IS	345	14854	14852	1	1
IS	346	14822	14820	2	0
IS	347	14534	14533	1	0
IS	348	14253	14252	1	0
IS	349	13928	13927	1	0
IS	350	13684	13683	1	0
IS	351	13434	13434	0	0
IS	352	13303	13303	0	0
IS	353	13078	13078	0	0
IS	354	12769	12768	1	0
IS	355	12664	12663	1	0
IS	356	12207	12206	1	0
IS	357	12185	12184	1	0
IS	358	12154	12153	1	0
IS	359	11635	11635	0	0
IS	360	11597	11596	0	1
IS	361	11166	11166	0	0
IS	362	11194	11193	1	0
IS	363	11079	11079	0	0
IS	364	10804	10802	1	1
IS	365	10832	10831	0	1
IS	366	10497	10497	0	0
IS	367	10121	10121	0	0
IS	368	10179	10179	0	0
IS	369	9757	9756	1	0
IS	370	9619	9619	0	0
IS	371	9536	9535	1	0
IS	372	9452	9451	1	0
IS	373	9499	9498	1	0
IS	374	9131	9129	0	2
IS	375	8922	8921	1	0
IS	376	8838	8838	0	0
IS	377	8646	8645	1	0
IS	378	8422	8422	0	0
IS	379	8434	8434	0	0
IS	380	8362	8361	0	1
IS	381	8079	8077	1	1
IS	382	7881	7880	1	0
IS	383	7797	7797	0	0
IS	384	7688	7688	0	0
IS	385	7705	7704	1	0
IS	386	7382	7382	0	0
IS	387	7297	7297	0	0
IS	388	7223	7223	0	0
IS	389	7083	7082	0	1
IS	390	6946	6946	0	0
IS	391	6905	6902	1	2
IS	392	6656	6655	1	0
IS	393	6639	6638	1	0
IS	394	6507	6507	0	0
IS	395	6326	6326	0	0
IS	396	6339	6339	0	0
IS	397	6153	6153	0	0
# Read lengths. Use `grep ^RL | cut -f 2-` to extract this part. The columns are: read length, count
RL	1	67759
RL	2	14543
RL	3	20155
RL	4	25666
RL	5	32581
RL	6	33826
RL	7	32626
RL	8	33497
RL	9	32459
RL	10	32353
RL	11	33151
RL	12	32598
RL	13	31822
RL	14	32111
RL	15	31070
RL	16	31029
RL	17	31094
RL	18	30811
RL	19	31793
RL	20	31773
RL	21	31631
RL	22	31777
RL	23	31737
RL	24	32103
RL	25	32453
RL	26	32737
RL	27	32873
RL	28	32768
RL	29	33095
RL	30	33072
RL	31	33417
RL	32	33527
RL	33	33349
RL	34	33809
RL	35	33797
RL	36	33823
RL	37	33474
RL	38	34553
RL	39	34190
RL	40	34046
RL	41	34560
RL	42	34657
RL	43	35496
RL	44	35152
RL	45	35327
RL	46	35395
RL	47	35266
RL	48	36280
RL	49	36349
RL	50	36644
RL	51	37007
RL	52	37198
RL	53	38326
RL	54	38570
RL	55	39136
RL	56	39249
RL	57	39795
RL	58	39882
RL	59	39958
RL	60	40891
RL	61	41069
RL	62	41823
RL	63	42091
RL	64	43222
RL	65	44169
RL	66	44394
RL	67	44742
RL	68	45693
RL	69	46516
RL	70	47810
RL	71	48389
RL	72	49289
RL	73	50292
RL	74	51443
RL	75	52452
RL	76	54689
RL	77	65412
RL	78	149164
RL	79	585721
RL	80	6643086
RL	81	65929034
# Read lengths - first fragments. Use `grep ^FRL | cut -f 2-` to extract this part. The columns are: read length, count
FRL	1	11706
FRL	2	2826
FRL	3	4243
FRL	4	5822
FRL	5	8290
FRL	6	8276
FRL	7	8704
FRL	8	9123
FRL	9	9434
FRL	10	9325
FRL	11	9461
FRL	12	9680
FRL	13	9802
FRL	14	9774
FRL	15	9646
FRL	16	9946
FRL	17	9977
FRL	18	9954
FRL	19	10188
FRL	20	10168
FRL	21	10175
FRL	22	10104
FRL	23	10001
FRL	24	10242
FRL	25	10263
FRL	26	10532
FRL	27	10573
FRL	28	10476
FRL	29	10411
FRL	30	10586
FRL	31	10824
FRL	32	11088
FRL	33	11049
FRL	34	11138
FRL	35	11164
FRL	36	11141
FRL	37	11100
FRL	38	11676
FRL	39	11299
FRL	40	11344
FRL	41	11352
FRL	42	11377
FRL	43	11660
FRL	44	11864
FRL	45	11847
FRL	46	12147
FRL	47	11889
FRL	48	12526
FRL	49	12283
FRL	50	12431
FRL	51	12646
FRL	52	12716
FRL	53	13079
FRL	54	13273
FRL	55	13527
FRL	56	13580
FRL	57	13773
FRL	58	13840
FRL	59	13729
FRL	60	13944
FRL	61	13937
FRL	62	14135
FRL	63	14141
FRL	64	14479
FRL	65	14612
FRL	66	14762
FRL	67	14987
FRL	68	15322
FRL	69	15416
FRL	70	16150
FRL	71	16130
FRL	72	16432
FRL	73	16784
FRL	74	16842
FRL	75	17134
FRL	76	17899
FRL	77	21661
FRL	78	50578
FRL	79	207081
FRL	80	2335679
FRL	81	34576118
# Read lengths - last fragments. Use `grep ^LRL | cut -f 2-` to extract this part. The columns are: read length, count
LRL	1	56053
LRL	2	11717
LRL	3	15912
LRL	4	19844
LRL	5	24291
LRL	6	25550
LRL	7	23922
LRL	8	24374
LRL	9	23025
LRL	10	23028
LRL	11	23690
LRL	12	22918
LRL	13	22020
LRL	14	22337
LRL	15	21424
LRL	16	21083
LRL	17	21117
LRL	18	20857
LRL	19	21605
LRL	20	21605
LRL	21	21456
LRL	22	21673
LRL	23	21736
LRL	24	21861
LRL	25	22190
LRL	26	22205
LRL	27	22300
LRL	28	22292
LRL	29	22684
LRL	30	22486
LRL	31	22593
LRL	32	22439
LRL	33	22300
LRL	34	22671
LRL	35	22633
LRL	36	22682
LRL	37	22374
LRL	38	22877
LRL	39	22891
LRL	40	22702
LRL	41	23208
LRL	42	23280
LRL	43	23836
LRL	44	23288
LRL	45	23480
LRL	46	23248
LRL	47	23377
LRL	48	23754
LRL	49	24066
LRL	50	24213
LRL	51	24361
LRL	52	24482
LRL	53	25247
LRL	54	25297
LRL	55	25609
LRL	56	25669
LRL	57	26022
LRL	58	26042
LRL	59	26229
LRL	60	26947
LRL	61	27132
LRL	62	27688
LRL	63	27950
LRL	64	28743
LRL	65	29557
LRL	66	29632
LRL	67	29755
LRL	68	30371
LRL	69	31100
LRL	70	31660
LRL	71	32259
LRL	72	32857
LRL	73	33508
LRL	74	34601
LRL	75	35318
LRL	76	36790
LRL	77	43751
LRL	78	98586
LRL	79	378640
LRL	80	4307407
LRL	81	31352916
# Mapping qualities for reads !(UNMAP|SECOND|SUPPL|QCFAIL|DUP). Use `grep ^MAPQ | cut -f 2-` to extract this part. The columns are: mapq, count
MAPQ	0	8294368
MAPQ	1	15403
MAPQ	2	6173
MAPQ	3	27345
MAPQ	4	8356
MAPQ	5	8289
MAPQ	6	11937
MAPQ	7	16850
MAPQ	8	10666
MAPQ	9	32234
MAPQ	10	10916
MAPQ	11	22840
MAPQ	12	10330
MAPQ	13	15922
MAPQ	14	7933
MAPQ	15	28292
MAPQ	16	11023
MAPQ	17	15638
MAPQ	18	13609
MAPQ	19	22081
MAPQ	20	33030
MAPQ	21	41480
MAPQ	22	53613
MAPQ	23	45698
MAPQ	24	73899
MAPQ	25	144547
MAPQ	26	3271
MAPQ	27	401826
MAPQ	28	20221
MAPQ	29	4946
MAPQ	30	20021
MAPQ	31	13700
MAPQ	32	3716
MAPQ	33	26792
MAPQ	34	7502
MAPQ	35	5247
MAPQ	36	9616
MAPQ	37	14709
MAPQ	38	3233
MAPQ	39	34973
MAPQ	40	555188
MAPQ	41	14436
MAPQ	42	24206
MAPQ	43	36071
MAPQ	44	19520
MAPQ	45	57021
MAPQ	46	54904
MAPQ	47	33383
MAPQ	48	85785
MAPQ	49	113053
MAPQ	50	53451
MAPQ	51	400056
MAPQ	52	34669
MAPQ	53	18718
MAPQ	54	51318
MAPQ	55	28748
MAPQ	56	18971
MAPQ	57	99928
MAPQ	58	19962
MAPQ	59	7513
MAPQ	60	64232991
# Indel distribution. Use `grep ^ID | cut -f 2-` to extract this part. The columns are: length, number of insertions, number of deletions
ID	1	88138	135057
ID	2	23898	34985
ID	3	12392	17327
ID	4	10789	14580
ID	5	4910	4493
ID	6	2999	4747
ID	7	1356	1324
ID	8	1389	2048
ID	9	910	1297
ID	10	842	1156
ID	11	269	848
ID	12	582	1193
ID	13	225	452
ID	14	228	524
ID	15	149	451
ID	16	110	355
ID	17	37	166
ID	18	61	253
ID	19	22	79
ID	20	22	187
ID	21	14	118
ID	22	13	115
ID	23	6	44
ID	24	3	53
ID	25	0	30
ID	26	0	27
ID	27	0	50
ID	28	0	7
ID	29	0	19
ID	30	0	4
ID	31	0	4
ID	32	0	1
ID	33	0	1
# Indels per cycle. Use `grep ^IC | cut -f 2-` to extract this part. The columns are: cycle, number of insertions (fwd), .. (rev) , number of deletions (fwd), .. (rev)
IC	2	0	0	1	2
IC	3	0	0	548	619
IC	4	361	514	622	744
IC	5	520	640	693	772
IC	6	640	733	767	863
IC	7	665	841	896	1013
IC	8	748	824	990	1200
IC	9	754	851	1078	1232
IC	10	789	962	1123	1270
IC	11	933	1008	1231	1340
IC	12	947	975	1333	1426
IC	13	950	975	1370	1370
IC	14	1026	1075	1450	1419
IC	15	1002	1100	1467	1501
IC	16	1066	1085	1470	1541
IC	17	1084	1080	1576	1564
IC	18	1131	1163	1523	1565
IC	19	1126	1180	1684	1635
IC	20	1143	1206	1680	1657
IC	21	1234	1117	1680	1657
IC	22	1188	1270	1713	1696
IC	23	1198	1205	1726	1565
IC	24	1258	1134	1723	1701
IC	25	1243	1210	1708	1723
IC	26	1240	1171	1792	1663
IC	27	1227	1134	1867	1737
IC	28	1205	1253	1748	1715
IC	29	1187	1154	1790	1647
IC	30	1230	1220	1714	1686
IC	31	1240	1123	1805	1696
IC	32	1251	1246	1865	1634
IC	33	1245	1217	1759	1707
IC	34	1277	1158	1783	1705
IC	35	1170	1109	1726	1649
IC	36	1247	1126	1797	1650
IC	37	1150	1146	1832	1658
IC	38	1243	1193	1841	1677
IC	39	1159	1159	1785	1728
IC	40	1105	1139	1856	1603
IC	41	1182	1165	1821	1651
IC	42	1162	1086	1801	1632
IC	43	1223	1202	1810	1668
IC	44	1205	1108	1774	1700
IC	45	1254	1160	1815	1627
IC	46	1217	1117	1804	1607
IC	47	1159	1072	1793	1566
IC	48	1101	1048	1680	1657
IC	49	1120	1081	1795	1686
IC	50	1124	1048	1705	1586
IC	51	1180	1075	1761	1573
IC	52	1205	1056	1727	1572
IC	53	1129	1033	1666	1514
IC	54	1128	1037	1671	1538
IC	55	1087	992	1618	1566
IC	56	1063	1005	1670	1587
IC	57	1112	1013	1689	1540
IC	58	1102	996	1670	1477
IC	59	1065	1001	1621	1527
IC	60	1082	957	1634	1531
IC	61	1021	1004	1609	1491
IC	62	1005	903	1541	1411
IC	63	989	923	1543	1448
IC	64	964	926	1516	1398
IC	65	956	861	1485	1390
IC	66	912	847	1525	1313
IC	67	932	809	1465	1298
IC	68	883	778	1394	1250
IC	69	885	730	1374	1220
IC	70	845	702	1314	1113
IC	71	801	656	1245	1070
IC	72	714	646	1206	1063
IC	73	674	539	1146	990
IC	74	663	509	1039	888
IC	75	535	477	1009	814
IC	76	521	370	915	708
IC	77	387	361	773	584
IC	78	350	256	544	331
# Coverage distribution. Use `grep ^COV | cut -f 2-` to extract this part.
COV	[1-1]	1	463242916
COV	[2-2]	2	173110273
COV	[3-3]	3	50874646
COV	[4-4]	4	22726538
COV	[5-5]	5	11043760
COV	[6-6]	6	7115483
COV	[7-7]	7	5311593
COV	[8-8]	8	4389589
COV	[9-9]	9	3807136
COV	[10-10]	10	3399871
COV	[11-11]	11	3085222
COV	[12-12]	12	2835227
COV	[13-13]	13	2630662
COV	[14-14]	14	2462656
COV	[15-15]	15	2315503
COV	[16-16]	16	2190766
COV	[17-17]	17	2082985
COV	[18-18]	18	1986922
COV	[19-19]	19	1899196
COV	[20-20]	20	1825394
COV	[21-21]	21	1764280
COV	[22-22]	22	1703735
COV	[23-23]	23	1648491
COV	[24-24]	24	1601901
COV	[25-25]	25	1552535
COV	[26-26]	26	1517507
COV	[27-27]	27	1474990
COV	[28-28]	28	1443295
COV	[29-29]	29	1410342
COV	[30-30]	30	1383327
COV	[31-31]	31	1353795
COV	[32-32]	32	1324820
COV	[33-33]	33	1300124
COV	[34-34]	34	1271861
COV	[35-35]	35	1248389
COV	[36-36]	36	1226916
COV	[37-37]	37	1205105
COV	[38-38]	38	1182153
COV	[39-39]	39	1159661
COV	[40-40]	40	1140337
COV	[41-41]	41	1118460
COV	[42-42]	42	1097671
COV	[43-43]	43	1074689
COV	[44-44]	44	1055107
COV	[45-45]	45	1031974
COV	[46-46]	46	1011895
COV	[47-47]	47	992574
COV	[48-48]	48	972967
COV	[49-49]	49	951081
COV	[50-50]	50	931386
COV	[51-51]	51	913454
COV	[52-52]	52	892708
COV	[53-53]	53	873422
COV	[54-54]	54	854988
COV	[55-55]	55	834604
COV	[56-56]	56	815239
COV	[57-57]	57	797266
COV	[58-58]	58	779750
COV	[59-59]	59	760813
COV	[60-60]	60	743629
COV	[61-61]	61	723986
COV	[62-62]	62	703880
COV	[63-63]	63	687981
COV	[64-64]	64	670223
COV	[65-65]	65	653103
COV	[66-66]	66	637428
COV	[67-67]	67	620358
COV	[68-68]	68	603280
COV	[69-69]	69	590700
COV	[70-70]	70	576628
COV	[71-71]	71	561394
COV	[72-72]	72	545641
COV	[73-73]	73	532340
COV	[74-74]	74	516541
COV	[75-75]	75	501916
COV	[76-76]	76	489505
COV	[77-77]	77	475407
COV	[78-78]	78	460894
COV	[79-79]	79	448401
COV	[80-80]	80	437916
COV	[81-81]	81	423874
COV	[82-82]	82	412633
COV	[83-83]	83	400827
COV	[84-84]	84	389642
COV	[85-85]	85	379760
COV	[86-86]	86	370192
COV	[87-87]	87	360079
COV	[88-88]	88	349264
COV	[89-89]	89	341435
COV	[90-90]	90	329881
COV	[91-91]	91	320582
COV	[92-92]	92	311225
COV	[93-93]	93	301807
COV	[94-94]	94	294241
COV	[95-95]	95	285884
COV	[96-96]	96	279289
COV	[97-97]	97	271296
COV	[98-98]	98	263416
COV	[99-99]	99	255821
COV	[100-100]	100	248851
COV	[101-101]	101	241513
COV	[102-102]	102	235200
COV	[103-103]	103	228661
COV	[104-104]	104	222763
COV	[105-105]	105	215265
COV	[106-106]	106	209697
COV	[107-107]	107	203568
COV	[108-108]	108	197583
COV	[109-109]	109	191575
COV	[110-110]	110	184646
COV	[111-111]	111	179793
COV	[112-112]	112	174097
COV	[113-113]	113	170309
COV	[114-114]	114	165706
COV	[115-115]	115	162230
COV	[116-116]	116	157562
COV	[117-117]	117	152219
COV	[118-118]	118	148414
COV	[119-119]	119	144757
COV	[120-120]	120	139892
COV	[121-121]	121	137169
COV	[122-122]	122	133900
COV	[123-123]	123	129871
COV	[124-124]	124	126121
COV	[125-125]	125	122219
COV	[126-126]	126	119677
COV	[127-127]	127	116064
COV	[128-128]	128	112862
COV	[129-129]	129	110136
COV	[130-130]	130	107609
COV	[131-131]	131	103899
COV	[132-132]	132	100452
COV	[133-133]	133	97665
COV	[134-134]	134	94282
COV	[135-135]	135	91934
COV	[136-136]	136	89840
COV	[137-137]	137	87153
COV	[138-138]	138	84900
COV	[139-139]	139	82045
COV	[140-140]	140	80351
COV	[141-141]	141	77484
COV	[142-142]	142	76105
COV	[143-143]	143	73789
COV	[144-144]	144	71852
COV	[145-145]	145	70207
COV	[146-146]	146	67921
COV	[147-147]	147	66207
COV	[148-148]	148	64159
COV	[149-149]	149	62652
COV	[150-150]	150	61079
COV	[151-151]	151	59013
COV	[152-152]	152	57909
COV	[153-153]	153	56227
COV	[154-154]	154	54192
COV	[155-155]	155	53111
COV	[156-156]	156	51316
COV	[157-157]	157	50702
COV	[158-158]	158	48495
COV	[159-159]	159	47784
COV	[160-160]	160	46348
COV	[161-161]	161	44800
COV	[162-162]	162	43738
COV	[163-163]	163	42321
COV	[164-164]	164	41220
COV	[165-165]	165	40195
COV	[166-166]	166	39070
COV	[167-167]	167	38721
COV	[168-168]	168	37373
COV	[169-169]	169	36678
COV	[170-170]	170	35161
COV	[171-171]	171	34405
COV	[172-172]	172	33529
COV	[173-173]	173	32595
COV	[174-174]	174	31736
COV	[175-175]	175	31121
COV	[176-176]	176	30175
COV	[177-177]	177	29430
COV	[178-178]	178	28608
COV	[179-179]	179	27866
COV	[180-180]	180	27099
COV	[181-181]	181	26304
COV	[182-182]	182	25936
COV	[183-183]	183	24942
COV	[184-184]	184	24709
COV	[185-185]	185	24212
COV	[186-186]	186	23506
COV	[187-187]	187	23082
COV	[188-188]	188	22249
COV	[189-189]	189	21868
COV	[190-190]	190	21253
COV	[191-191]	191	20472
COV	[192-192]	192	19811
COV	[193-193]	193	19352
COV	[194-194]	194	19305
COV	[195-195]	195	18849
COV	[196-196]	196	18186
COV	[197-197]	197	17884
COV	[198-198]	198	17300
COV	[199-199]	199	17185
COV	[200-200]	200	16540
COV	[201-201]	201	15999
COV	[202-202]	202	15820
COV	[203-203]	203	15122
COV	[204-204]	204	14874
COV	[205-205]	205	14603
COV	[206-206]	206	14225
COV	[207-207]	207	13801
COV	[208-208]	208	13602
COV	[209-209]	209	13163
COV	[210-210]	210	12921
COV	[211-211]	211	12422
COV	[212-212]	212	12109
COV	[213-213]	213	11738
COV	[214-214]	214	11475
COV	[215-215]	215	11072
COV	[216-216]	216	10901
COV	[217-217]	217	10639
COV	[218-218]	218	10638
COV	[219-219]	219	10420
COV	[220-220]	220	9902
COV	[221-221]	221	9719
COV	[222-222]	222	9578
COV	[223-223]	223	9174
COV	[224-224]	224	8983
COV	[225-225]	225	8913
COV	[226-226]	226	8509
COV	[227-227]	227	8537
COV	[228-228]	228	8162
COV	[229-229]	229	8029
COV	[230-230]	230	7988
COV	[231-231]	231	7894
COV	[232-232]	232	7635
COV	[233-233]	233	7389
COV	[234-234]	234	7208
COV	[235-235]	235	7076
COV	[236-236]	236	6922
COV	[237-237]	237	6783
COV	[238-238]	238	6559
COV	[239-239]	239	6339
COV	[240-240]	240	6201
COV	[241-241]	241	6220
COV	[242-242]	242	5982
COV	[243-243]	243	5908
COV	[244-244]	244	5938
COV	[245-245]	245	5576
COV	[246-246]	246	5440
COV	[247-247]	247	5488
COV	[248-248]	248	5460
COV	[249-249]	249	5205
COV	[250-250]	250	5244
COV	[251-251]	251	4858
COV	[252-252]	252	4892
COV	[253-253]	253	4846
COV	[254-254]	254	4690
COV	[255-255]	255	4459
COV	[256-256]	256	4380
COV	[257-257]	257	4292
COV	[258-258]	258	4300
COV	[259-259]	259	4126
COV	[260-260]	260	4069
COV	[261-261]	261	3956
COV	[262-262]	262	3801
COV	[263-263]	263	3811
COV	[264-264]	264	3679
COV	[265-265]	265	3542
COV	[266-266]	266	3559
COV	[267-267]	267	3365
COV	[268-268]	268	3362
COV	[269-269]	269	3316
COV	[270-270]	270	3258
COV	[271-271]	271	3152
COV	[272-272]	272	3083
COV	[273-273]	273	3125
COV	[274-274]	274	3065
COV	[275-275]	275	2979
COV	[276-276]	276	2872
COV	[277-277]	277	2833
COV	[278-278]	278	2714
COV	[279-279]	279	2669
COV	[280-280]	280	2595
COV	[281-281]	281	2651
COV	[282-282]	282	2634
COV	[283-283]	283	2420
COV	[284-284]	284	2456
COV	[285-285]	285	2347
COV	[286-286]	286	2361
COV	[287-287]	287	2337
COV	[288-288]	288	2242
COV	[289-289]	289	2235
COV	[290-290]	290	2195
COV	[291-291]	291	2111
COV	[292-292]	292	2062
COV	[293-293]	293	2045
COV	[294-294]	294	2028
COV	[295-295]	295	1988
COV	[296-296]	296	1862
COV	[297-297]	297	1790
COV	[298-298]	298	1749
COV	[299-299]	299	1699
COV	[300-300]	300	1767
COV	[301-301]	301	1655
COV	[302-302]	302	1610
COV	[303-303]	303	1520
COV	[304-304]	304	1602
COV	[305-305]	305	1553
COV	[306-306]	306	1507
COV	[307-307]	307	1501
COV	[308-308]	308	1535
COV	[309-309]	309	1551
COV	[310-310]	310	1407
COV	[311-311]	311	1447
COV	[312-312]	312	1421
COV	[313-313]	313	1300
COV	[314-314]	314	1310
COV	[315-315]	315	1342
COV	[316-316]	316	1360
COV	[317-317]	317	1320
COV	[318-318]	318	1348
COV	[319-319]	319	1211
COV	[320-320]	320	1241
COV	[321-321]	321	1286
COV	[322-322]	322	1256
COV	[323-323]	323	1179
COV	[324-324]	324	1209
COV	[325-325]	325	1177
COV	[326-326]	326	1120
COV	[327-327]	327	1099
COV	[328-328]	328	1186
COV	[329-329]	329	1110
COV	[330-330]	330	1139
COV	[331-331]	331	1104
COV	[332-332]	332	1081
COV	[333-333]	333	991
COV	[334-334]	334	1051
COV	[335-335]	335	1005
COV	[336-336]	336	1013
COV	[337-337]	337	1033
COV	[338-338]	338	994
COV	[339-339]	339	976
COV	[340-340]	340	956
COV	[341-341]	341	855
COV	[342-342]	342	935
COV	[343-343]	343	824
COV	[344-344]	344	842
COV	[345-345]	345	842
COV	[346-346]	346	833
COV	[347-347]	347	805
COV	[348-348]	348	829
COV	[349-349]	349	762
COV	[350-350]	350	766
COV	[351-351]	351	764
COV	[352-352]	352	732
COV	[353-353]	353	711
COV	[354-354]	354	687
COV	[355-355]	355	696
COV	[356-356]	356	691
COV	[357-357]	357	631
COV	[358-358]	358	716
COV	[359-359]	359	647
COV	[360-360]	360	660
COV	[361-361]	361	647
COV	[362-362]	362	643
COV	[363-363]	363	640
COV	[364-364]	364	627
COV	[365-365]	365	614
COV	[366-366]	366	585
COV	[367-367]	367	557
COV	[368-368]	368	570
COV	[369-369]	369	557
COV	[370-370]	370	615
COV	[371-371]	371	593
COV	[372-372]	372	550
COV	[373-373]	373	548
COV	[374-374]	374	538
COV	[375-375]	375	574
COV	[376-376]	376	550
COV	[377-377]	377	544
COV	[378-378]	378	563
COV	[379-379]	379	546
COV	[380-380]	380	538
COV	[381-381]	381	515
COV	[382-382]	382	525
COV	[383-383]	383	486
COV	[384-384]	384	542
COV	[385-385]	385	496
COV	[386-386]	386	489
COV	[387-387]	387	529
COV	[388-388]	388	498
COV	[389-389]	389	510
COV	[390-390]	390	495
COV	[391-391]	391	490
COV	[392-392]	392	508
COV	[393-393]	393	480
COV	[394-394]	394	482
COV	[395-395]	395	434
COV	[396-396]	396	427
COV	[397-397]	397	479
COV	[398-398]	398	433
COV	[399-399]	399	431
COV	[400-400]	400	402
COV	[401-401]	401	412
COV	[402-402]	402	396
COV	[403-403]	403	364
COV	[404-404]	404	377
COV	[405-405]	405	373
COV	[406-406]	406	387
COV	[407-407]	407	375
COV	[408-408]	408	343
COV	[409-409]	409	384
COV	[410-410]	410	350
COV	[411-411]	411	333
COV	[412-412]	412	341
COV	[413-413]	413	315
COV	[414-414]	414	337
COV	[415-415]	415	309
COV	[416-416]	416	339
COV	[417-417]	417	291
COV	[418-418]	418	299
COV	[419-419]	419	296
COV	[420-420]	420	292
COV	[421-421]	421	286
COV	[422-422]	422	260
COV	[423-423]	423	295
COV	[424-424]	424	284
COV	[425-425]	425	293
COV	[426-426]	426	297
COV	[427-427]	427	298
COV	[428-428]	428	288
COV	[429-429]	429	232
COV	[430-430]	430	288
COV	[431-431]	431	240
COV	[432-432]	432	222
COV	[433-433]	433	238
COV	[434-434]	434	243
COV	[435-435]	435	241
COV	[436-436]	436	254
COV	[437-437]	437	269
COV	[438-438]	438	232
COV	[439-439]	439	238
COV	[440-440]	440	229
COV	[441-441]	441	222
COV	[442-442]	442	224
COV	[443-443]	443	239
COV	[444-444]	444	212
COV	[445-445]	445	229
COV	[446-446]	446	223
COV	[447-447]	447	209
COV	[448-448]	448	225
COV	[449-449]	449	209
COV	[450-450]	450	229
COV	[451-451]	451	210
COV	[452-452]	452	189
COV	[453-453]	453	203
COV	[454-454]	454	176
COV	[455-455]	455	168
COV	[456-456]	456	167
COV	[457-457]	457	158
COV	[458-458]	458	178
COV	[459-459]	459	170
COV	[460-460]	460	169
COV	[461-461]	461	191
COV	[462-462]	462	162
COV	[463-463]	463	182
COV	[464-464]	464	170
COV	[465-465]	465	171
COV	[466-466]	466	163
COV	[467-467]	467	133
COV	[468-468]	468	168
COV	[469-469]	469	171
COV	[470-470]	470	143
COV	[471-471]	471	158
COV	[472-472]	472	174
COV	[473-473]	473	179
COV	[474-474]	474	176
COV	[475-475]	475	166
COV	[476-476]	476	189
COV	[477-477]	477	149
COV	[478-478]	478	180
COV	[479-479]	479	150
COV	[480-480]	480	133
COV	[481-481]	481	168
COV	[482-482]	482	126
COV	[483-483]	483	146
COV	[484-484]	484	138
COV	[485-485]	485	144
COV	[486-486]	486	130
COV	[487-487]	487	188
COV	[488-488]	488	133
COV	[489-489]	489	165
COV	[490-490]	490	147
COV	[491-491]	491	165
COV	[492-492]	492	156
COV	[493-493]	493	147
COV	[494-494]	494	147
COV	[495-495]	495	141
COV	[496-496]	496	141
COV	[497-497]	497	152
COV	[498-498]	498	169
COV	[499-499]	499	144
COV	[500-500]	500	146
COV	[501-501]	501	127
COV	[502-502]	502	131
COV	[503-503]	503	132
COV	[504-504]	504	154
COV	[505-505]	505	118
COV	[506-506]	506	117
COV	[507-507]	507	110
COV	[508-508]	508	114
COV	[509-509]	509	104
COV	[510-510]	510	92
COV	[511-511]	511	120
COV	[512-512]	512	97
COV	[513-513]	513	115
COV	[514-514]	514	105
COV	[515-515]	515	108
COV	[516-516]	516	101
COV	[517-517]	517	104
COV	[518-518]	518	83
COV	[519-519]	519	88
COV	[520-520]	520	100
COV	[521-521]	521	89
COV	[522-522]	522	75
COV	[523-523]	523	97
COV	[524-524]	524	87
COV	[525-525]	525	82
COV	[526-526]	526	90
COV	[527-527]	527	82
COV	[528-528]	528	85
COV	[529-529]	529	84
COV	[530-530]	530	82
COV	[531-531]	531	72
COV	[532-532]	532	70
COV	[533-533]	533	82
COV	[534-534]	534	80
COV	[535-535]	535	93
COV	[536-536]	536	69
COV	[537-537]	537	82
COV	[538-538]	538	78
COV	[539-539]	539	84
COV	[540-540]	540	83
COV	[541-541]	541	78
COV	[542-542]	542	74
COV	[543-543]	543	87
COV	[544-544]	544	58
COV	[545-545]	545	76
COV	[546-546]	546	77
COV	[547-547]	547	88
COV	[548-548]	548	78
COV	[549-549]	549	85
COV	[550-550]	550	78
COV	[551-551]	551	82
COV	[552-552]	552	80
COV	[553-553]	553	76
COV	[554-554]	554	74
COV	[555-555]	555	72
COV	[556-556]	556	71
COV	[557-557]	557	78
COV	[558-558]	558	58
COV	[559-559]	559	63
COV	[560-560]	560	64
COV	[561-561]	561	72
COV	[562-562]	562	77
COV	[563-563]	563	62
COV	[564-564]	564	77
COV	[565-565]	565	65
COV	[566-566]	566	65
COV	[567-567]	567	47
COV	[568-568]	568	57
COV	[569-569]	569	60
COV	[570-570]	570	62
COV	[571-571]	571	50
COV	[572-572]	572	47
COV	[573-573]	573	53
COV	[574-574]	574	68
COV	[575-575]	575	60
COV	[576-576]	576	52
COV	[577-577]	577	54
COV	[578-578]	578	42
COV	[579-579]	579	53
COV	[580-580]	580	51
COV	[581-581]	581	52
COV	[582-582]	582	39
COV	[583-583]	583	55
COV	[584-584]	584	55
COV	[585-585]	585	38
COV	[586-586]	586	34
COV	[587-587]	587	39
COV	[588-588]	588	29
COV	[589-589]	589	40
COV	[590-590]	590	31
COV	[591-591]	591	32
COV	[592-592]	592	28
COV	[593-593]	593	29
COV	[594-594]	594	43
COV	[595-595]	595	34
COV	[596-596]	596	43
COV	[597-597]	597	36
COV	[598-598]	598	35
COV	[599-599]	599	41
COV	[600-600]	600	46
COV	[601-601]	601	36
COV	[602-602]	602	37
COV	[603-603]	603	29
COV	[604-604]	604	37
COV	[605-605]	605	32
COV	[606-606]	606	28
COV	[607-607]	607	43
COV	[608-608]	608	31
COV	[609-609]	609	30
COV	[610-610]	610	28
COV	[611-611]	611	24
COV	[612-612]	612	37
COV	[613-613]	613	27
COV	[614-614]	614	25
COV	[615-615]	615	32
COV	[616-616]	616	32
COV	[617-617]	617	25
COV	[618-618]	618	27
COV	[619-619]	619	26
COV	[620-620]	620	27
COV	[621-621]	621	31
COV	[622-622]	622	27
COV	[623-623]	623	23
COV	[624-624]	624	26
COV	[625-625]	625	42
COV	[626-626]	626	25
COV	[627-627]	627	38
COV	[628-628]	628	35
COV	[629-629]	629	34
COV	[630-630]	630	27
COV	[631-631]	631	40
COV	[632-632]	632	31
COV	[633-633]	633	44
COV	[634-634]	634	23
COV	[635-635]	635	27
COV	[636-636]	636	21
COV	[637-637]	637	32
COV	[638-638]	638	32
COV	[639-639]	639	40
COV	[640-640]	640	38
COV	[641-641]	641	28
COV	[642-642]	642	28
COV	[643-643]	643	39
COV	[644-644]	644	37
COV	[645-645]	645	37
COV	[646-646]	646	27
COV	[647-647]	647	37
COV	[648-648]	648	31
COV	[649-649]	649	40
COV	[650-650]	650	38
COV	[651-651]	651	34
COV	[652-652]	652	34
COV	[653-653]	653	34
COV	[654-654]	654	40
COV	[655-655]	655	31
COV	[656-656]	656	31
COV	[657-657]	657	29
COV	[658-658]	658	37
COV	[659-659]	659	37
COV	[660-660]	660	41
COV	[661-661]	661	24
COV	[662-662]	662	25
COV	[663-663]	663	36
COV	[664-664]	664	26
COV	[665-665]	665	34
COV	[666-666]	666	32
COV	[667-667]	667	37
COV	[668-668]	668	30
COV	[669-669]	669	26
COV	[670-670]	670	40
COV	[671-671]	671	32
COV	[672-672]	672	27
COV	[673-673]	673	41
COV	[674-674]	674	25
COV	[675-675]	675	31
COV	[676-676]	676	18
COV	[677-677]	677	19
COV	[678-678]	678	19
COV	[679-679]	679	16
COV	[680-680]	680	26
COV	[681-681]	681	26
COV	[682-682]	682	17
COV	[683-683]	683	23
COV	[684-684]	684	21
COV	[685-685]	685	25
COV	[686-686]	686	19
COV	[687-687]	687	19
COV	[688-688]	688	26
COV	[689-689]	689	15
COV	[690-690]	690	19
COV	[691-691]	691	20
COV	[692-692]	692	29
COV	[693-693]	693	17
COV	[694-694]	694	16
COV	[695-695]	695	14
COV	[696-696]	696	9
COV	[697-697]	697	17
COV	[698-698]	698	18
COV	[699-699]	699	12
COV	[700-700]	700	14
COV	[701-701]	701	21
COV	[702-702]	702	20
COV	[703-703]	703	15
COV	[704-704]	704	7
COV	[705-705]	705	23
COV	[706-706]	706	17
COV	[707-707]	707	11
COV	[708-708]	708	15
COV	[709-709]	709	26
COV	[710-710]	710	16
COV	[711-711]	711	16
COV	[712-712]	712	15
COV	[713-713]	713	15
COV	[714-714]	714	14
COV	[715-715]	715	15
COV	[716-716]	716	6
COV	[717-717]	717	16
COV	[718-718]	718	15
COV	[719-719]	719	11
COV	[720-720]	720	24
COV	[721-721]	721	22
COV	[722-722]	722	17
COV	[723-723]	723	7
COV	[724-724]	724	13
COV	[725-725]	725	11
COV	[726-726]	726	9
COV	[727-727]	727	15
COV	[728-728]	728	14
COV	[729-729]	729	15
COV	[730-730]	730	17
COV	[731-731]	731	16
COV	[732-732]	732	11
COV	[733-733]	733	10
COV	[734-734]	734	15
COV	[735-735]	735	16
COV	[736-736]	736	15
COV	[737-737]	737	21
COV	[738-738]	738	16
COV	[739-739]	739	14
COV	[740-740]	740	22
COV	[741-741]	741	8
COV	[742-742]	742	13
COV	[743-743]	743	16
COV	[744-744]	744	16
COV	[745-745]	745	12
COV	[746-746]	746	12
COV	[747-747]	747	9
COV	[748-748]	748	9
COV	[749-749]	749	16
COV	[750-750]	750	14
COV	[751-751]	751	20
COV	[752-752]	752	8
COV	[753-753]	753	11
COV	[754-754]	754	12
COV	[755-755]	755	12
COV	[756-756]	756	13
COV	[757-757]	757	12
COV	[758-758]	758	12
COV	[759-759]	759	19
COV	[760-760]	760	12
COV	[761-761]	761	24
COV	[762-762]	762	14
COV	[763-763]	763	26
COV	[764-764]	764	25
COV	[765-765]	765	13
COV	[766-766]	766	18
COV	[767-767]	767	21
COV	[768-768]	768	22
COV	[769-769]	769	16
COV	[770-770]	770	20
COV	[771-771]	771	17
COV	[772-772]	772	11
COV	[773-773]	773	19
COV	[774-774]	774	20
COV	[775-775]	775	17
COV	[776-776]	776	13
COV	[777-777]	777	19
COV	[778-778]	778	17
COV	[779-779]	779	14
COV	[780-780]	780	14
COV	[781-781]	781	9
COV	[782-782]	782	10
COV	[783-783]	783	14
COV	[784-784]	784	23
COV	[785-785]	785	15
COV	[786-786]	786	17
COV	[787-787]	787	18
COV	[788-788]	788	21
COV	[789-789]	789	17
COV	[790-790]	790	17
COV	[791-791]	791	23
COV	[792-792]	792	14
COV	[793-793]	793	14
COV	[794-794]	794	22
COV	[795-795]	795	10
COV	[796-796]	796	21
COV	[797-797]	797	13
COV	[798-798]	798	18
COV	[799-799]	799	15
COV	[800-800]	800	13
COV	[801-801]	801	20
COV	[802-802]	802	9
COV	[803-803]	803	11
COV	[804-804]	804	21
COV	[805-805]	805	12
COV	[806-806]	806	13
COV	[807-807]	807	14
COV	[808-808]	808	12
COV	[809-809]	809	14
COV	[810-810]	810	12
COV	[811-811]	811	15
COV	[812-812]	812	11
COV	[813-813]	813	16
COV	[814-814]	814	12
COV	[815-815]	815	21
COV	[816-816]	816	12
COV	[817-817]	817	14
COV	[818-818]	818	16
COV	[819-819]	819	20
COV	[820-820]	820	18
COV	[821-821]	821	17
COV	[822-822]	822	13
COV	[823-823]	823	13
COV	[824-824]	824	20
COV	[825-825]	825	18
COV	[826-826]	826	26
COV	[827-827]	827	13
COV	[828-828]	828	15
COV	[829-829]	829	14
COV	[830-830]	830	13
COV	[831-831]	831	17
COV	[832-832]	832	9
COV	[833-833]	833	13
COV	[834-834]	834	14
COV	[835-835]	835	15
COV	[836-836]	836	10
COV	[837-837]	837	10
COV	[838-838]	838	12
COV	[839-839]	839	7
COV	[840-840]	840	14
COV	[841-841]	841	13
COV	[842-842]	842	14
COV	[843-843]	843	10
COV	[844-844]	844	16
COV	[845-845]	845	13
COV	[846-846]	846	17
COV	[847-847]	847	9
COV	[848-848]	848	11
COV	[849-849]	849	10
COV	[850-850]	850	16
COV	[851-851]	851	13
COV	[852-852]	852	7
COV	[853-853]	853	11
COV	[854-854]	854	13
COV	[855-855]	855	13
COV	[856-856]	856	8
COV	[857-857]	857	10
COV	[858-858]	858	12
COV	[859-859]	859	12
COV	[860-860]	860	13
COV	[861-861]	861	7
COV	[862-862]	862	15
COV	[863-863]	863	10
COV	[864-864]	864	18
COV	[865-865]	865	12
COV	[866-866]	866	10
COV	[867-867]	867	7
COV	[868-868]	868	12
COV	[869-869]	869	13
COV	[870-870]	870	10
COV	[871-871]	871	14
COV	[872-872]	872	8
COV	[873-873]	873	16
COV	[874-874]	874	14
COV	[875-875]	875	7
COV	[876-876]	876	15
COV	[877-877]	877	11
COV	[878-878]	878	13
COV	[879-879]	879	11
COV	[880-880]	880	10
COV	[881-881]	881	10
COV	[882-882]	882	10
COV	[883-883]	883	11
COV	[884-884]	884	15
COV	[885-885]	885	13
COV	[886-886]	886	11
COV	[887-887]	887	7
COV	[888-888]	888	7
COV	[889-889]	889	8
COV	[890-890]	890	15
COV	[891-891]	891	12
COV	[892-892]	892	9
COV	[893-893]	893	7
COV	[894-894]	894	9
COV	[895-895]	895	8
COV	[896-896]	896	8
COV	[897-897]	897	6
COV	[898-898]	898	8
COV	[899-899]	899	8
COV	[900-900]	900	6
COV	[901-901]	901	4
COV	[902-902]	902	13
COV	[903-903]	903	8
COV	[904-904]	904	9
COV	[905-905]	905	12
COV	[906-906]	906	9
COV	[907-907]	907	9
COV	[908-908]	908	8
COV	[909-909]	909	6
COV	[910-910]	910	7
COV	[911-911]	911	3
COV	[912-912]	912	16
COV	[913-913]	913	3
COV	[914-914]	914	8
COV	[915-915]	915	2
COV	[916-916]	916	3
COV	[917-917]	917	5
COV	[918-918]	918	5
COV	[919-919]	919	14
COV	[920-920]	920	3
COV	[921-921]	921	7
COV	[922-922]	922	10
COV	[923-923]	923	10
COV	[924-924]	924	5
COV	[925-925]	925	7
COV	[926-926]	926	9
COV	[927-927]	927	9
COV	[928-928]	928	5
COV	[929-929]	929	15
COV	[930-930]	930	4
COV	[931-931]	931	7
COV	[932-932]	932	6
COV	[933-933]	933	9
COV	[934-934]	934	8
COV	[935-935]	935	8
COV	[936-936]	936	10
COV	[937-937]	937	9
COV	[938-938]	938	8
COV	[939-939]	939	8
COV	[940-940]	940	10
COV	[941-941]	941	8
COV	[942-942]	942	7
COV	[943-943]	943	7
COV	[944-944]	944	10
COV	[945-945]	945	9
COV	[946-946]	946	10
COV	[947-947]	947	5
COV	[948-948]	948	13
COV	[949-949]	949	7
COV	[950-950]	950	10
COV	[951-951]	951	14
COV	[952-952]	952	8
COV	[953-953]	953	10
COV	[954-954]	954	8
COV	[955-955]	955	12
COV	[956-956]	956	3
COV	[957-957]	957	6
COV	[958-958]	958	3
COV	[959-959]	959	6
COV	[960-960]	960	9
COV	[961-961]	961	4
COV	[962-962]	962	4
COV	[963-963]	963	13
COV	[964-964]	964	5
COV	[965-965]	965	8
COV	[966-966]	966	6
COV	[967-967]	967	9
COV	[968-968]	968	9
COV	[969-969]	969	5
COV	[970-970]	970	7
COV	[971-971]	971	5
COV	[972-972]	972	13
COV	[973-973]	973	5
COV	[974-974]	974	6
COV	[975-975]	975	5
COV	[976-976]	976	9
COV	[977-977]	977	7
COV	[978-978]	978	12
COV	[979-979]	979	4
COV	[980-980]	980	7
COV	[981-981]	981	3
COV	[982-982]	982	8
COV	[983-983]	983	8
COV	[984-984]	984	5
COV	[985-985]	985	6
COV	[986-986]	986	11
COV	[987-987]	987	4
COV	[988-988]	988	5
COV	[989-989]	989	4
COV	[990-990]	990	6
COV	[991-991]	991	3
COV	[992-992]	992	4
COV	[993-993]	993	6
COV	[994-994]	994	7
COV	[995-995]	995	9
COV	[996-996]	996	6
COV	[997-997]	997	3
COV	[998-998]	998	1
COV	[999-999]	999	7
COV	[1000-1000]	1000	8
COV	[1000<]	1000	1055
# GC-depth. Use `grep ^GCD | cut -f 2-` to extract this part. The columns are: GC%, unique sequence percentiles, 10th, 25th, 50th, 75th and 90th depth percentile
GCD	0.0	0.003	0.000	0.001	0.004	0.004	0.004
GCD	0.7	0.004	0.008	0.008	0.008	0.008	0.008
GCD	1.0	0.005	0.004	0.004	0.004	0.004	0.004
GCD	6.0	0.005	0.004	0.004	0.004	0.004	0.004
GCD	7.0	0.007	0.004	0.004	0.004	0.004	0.004
GCD	10.0	0.007	0.008	0.008	0.008	0.008	0.008
GCD	11.0	0.008	0.004	0.004	0.004	0.004	0.004
GCD	12.0	0.009	0.004	0.004	0.004	0.004	0.004
GCD	20.0	0.009	0.004	0.004	0.004	0.004	0.004
GCD	22.0	0.010	0.131	0.131	0.131	0.131	0.131
GCD	23.0	0.011	0.516	0.516	0.969	1.422	1.422
GCD	24.0	0.014	0.008	0.070	0.336	5.571	7.289
GCD	25.0	0.016	0.012	0.013	0.046	0.889	1.160
GCD	26.0	0.017	0.707	0.707	0.707	0.707	0.707
GCD	27.0	0.019	0.016	0.016	0.016	0.032	0.032
GCD	28.0	0.024	0.004	0.008	0.016	0.147	0.671
GCD	29.0	0.033	0.004	0.015	0.111	0.669	1.370
GCD	30.0	0.053	0.020	0.102	0.576	1.024	2.623
GCD	31.0	0.097	0.058	0.354	0.834	1.402	2.399
GCD	32.0	0.246	0.106	0.171	0.771	1.676	2.741
GCD	33.0	0.604	0.123	0.175	0.671	1.740	3.073
GCD	34.0	1.393	0.139	0.183	0.516	1.855	3.416
GCD	35.0	2.865	0.135	0.179	0.246	1.435	3.139
GCD	36.0	5.464	0.139	0.187	0.246	1.382	3.316
GCD	37.0	9.331	0.143	0.191	0.246	0.988	3.094
GCD	38.0	14.664	0.135	0.191	0.246	0.651	2.796
GCD	39.0	21.111	0.143	0.203	0.262	0.457	2.741
GCD	40.0	28.129	0.159	0.218	0.278	0.441	2.618
GCD	41.0	35.333	0.183	0.238	0.302	0.536	2.799
GCD	42.0	42.385	0.199	0.254	0.322	0.568	2.914
GCD	43.0	48.930	0.214	0.274	0.350	0.786	3.090
GCD	44.0	55.021	0.226	0.294	0.377	0.802	3.072
GCD	45.0	60.534	0.240	0.318	0.409	1.017	3.583
GCD	46.0	65.348	0.258	0.346	0.449	1.204	4.024
GCD	47.0	69.498	0.282	0.373	0.489	1.493	4.504
GCD	48.0	73.110	0.298	0.401	0.532	1.751	5.040
GCD	49.0	76.321	0.310	0.441	0.596	2.232	5.332
GCD	50.0	79.244	0.330	0.473	0.659	2.606	6.472
GCD	51.0	81.768	0.369	0.532	0.779	3.187	6.956
GCD	52.0	84.029	0.393	0.576	1.061	3.823	8.220
GCD	53.0	86.051	0.413	0.636	1.251	4.043	8.897
GCD	54.0	87.920	0.465	0.695	1.664	4.721	9.262
GCD	55.0	89.592	0.510	0.798	2.290	6.068	11.375
GCD	56.0	91.161	0.604	0.941	2.663	6.929	13.153
GCD	57.0	92.608	0.692	1.078	3.170	7.511	13.961
GCD	58.0	94.012	0.719	1.291	3.642	8.607	14.821
GCD	59.0	95.261	0.794	1.426	4.135	8.806	15.320
GCD	60.0	96.366	0.875	1.574	4.596	10.329	17.946
GCD	61.0	97.322	0.908	1.782	5.271	11.550	19.064
GCD	62.0	98.099	0.969	1.875	5.517	11.688	19.738
GCD	63.0	98.690	1.176	2.048	5.563	11.260	19.390
GCD	64.0	99.169	1.187	1.894	4.725	10.007	18.411
GCD	65.0	99.515	1.133	1.744	4.496	10.474	19.294
GCD	66.0	99.758	1.152	1.730	4.051	9.326	17.576
GCD	67.0	99.891	1.106	1.717	3.162	6.875	13.372
GCD	68.0	99.955	1.250	1.795	3.217	5.044	9.618
GCD	69.0	99.982	0.935	2.145	3.849	7.140	12.820
GCD	70.0	99.993	0.972	2.232	3.392	5.511	6.746
GCD	71.0	99.994	0.008	0.008	7.036	14.065	14.065
GCD	72.0	99.997	0.397	0.505	1.468	17.033	22.009
GCD	73.0	99.997	0.083	0.083	0.083	0.083	0.083
GCD	75.0	99.999	0.214	0.214	8.276	16.337	16.337
GCD	76.0	99.999	9.668	9.668	9.668	9.668	9.668
GCD	77.0	100.000	17.648	17.648	17.648	17.648	17.648
