chr1	248956422	7683630	38039
chr10	133797422	3176216	15551
chr11	135086622	4464450	22378
chr11_KI270721v1_random	100316	2202	11
chr12	133275309	3975353	19565
chr13	114364328	1439514	6572
chr14	107043718	2386497	11721
chr14_GL000009v2_random	201709	2717	11
chr14_GL000225v1_random	211173	13061	176
chr14_KI270722v1_random	194050	1350	6
chr14_GL000194v1_random	191469	8731	46
chr14_KI270723v1_random	38115	1419	15
chr14_KI270724v1_random	39555	807	10
chr14_KI270725v1_random	172810	1568	8
chr14_KI270726v1_random	43739	2836	10
chr15	101991189	2674803	13135
chr15_KI270727v1_random	448248	4200	18
chr16	90338345	3441013	18167
chr16_KI270728v1_random	1872759	27615	162
chr17	83257441	4206683	21880
chr17_GL000205v2_random	185591	698	1
chr17_KI270729v1_random	280839	2625	5
chr17_KI270730v1_random	112551	862	8
chr18	80373285	1258911	6124
chr19	58617616	4456019	24564
chr1_KI270706v1_random	175055	1904	10
chr1_KI270707v1_random	32032	209	2
chr1_KI270708v1_random	127682	340	3
chr1_KI270709v1_random	66860	2267	7
chr1_KI270710v1_random	40176	71	0
chr1_KI270711v1_random	42210	2795	12
chr1_KI270712v1_random	176043	2738	21
chr1_KI270713v1_random	40745	5313	21
chr1_KI270714v1_random	41717	2271	9
chr2	242193529	5582313	26349
chr20	64444167	2022304	10178
chr21	46709983	880555	4413
chr22	50818468	1872421	9828
chr22_KI270731v1_random	150754	5030	31
chr22_KI270732v1_random	41543	589	1
chr22_KI270733v1_random	179772	21426	150
chr22_KI270734v1_random	165050	8780	43
chr22_KI270735v1_random	42811	502	1
chr22_KI270736v1_random	181920	1230	11
chr22_KI270737v1_random	103838	202	1
chr22_KI270738v1_random	99375	175	1
chr22_KI270739v1_random	73985	44	0
chr2_KI270715v1_random	161471	218	1
chr2_KI270716v1_random	153799	226	0
chr3	198295559	4466985	21150
chr3_GL000221v1_random	155397	2478	7
chr4	190214555	3122634	14445
chr4_GL000008v2_random	209709	1971	6
chr5	181538259	3430743	16534
chr5_GL000208v1_random	92689	196	0
chr6	170805979	3415755	16125
chr7	159345973	3855184	19121
chr8	145138636	2644605	12606
chr9	138394717	3330418	16659
chr9_KI270717v1_random	40062	510	3
chr9_KI270718v1_random	38054	616	1
chr9_KI270719v1_random	176845	4190	29
chr9_KI270720v1_random	39050	1686	5
chr1_KI270762v1_alt	354444	17131	94
chr1_KI270766v1_alt	256271	5561	33
chr1_KI270760v1_alt	109528	498	2
chr1_KI270765v1_alt	185285	1274	6
chr1_GL383518v1_alt	182439	7803	31
chr1_GL383519v1_alt	110268	18629	91
chr1_GL383520v2_alt	366580	2287	8
chr1_KI270764v1_alt	50258	128	1
chr1_KI270763v1_alt	911658	10193	44
chr1_KI270759v1_alt	425601	6202	40
chr1_KI270761v1_alt	165834	4585	22
chr2_KI270770v1_alt	136240	349	5
chr2_KI270773v1_alt	70887	1271	11
chr2_KI270774v1_alt	223625	3879	19
chr2_KI270769v1_alt	120616	3139	20
chr2_GL383521v1_alt	143390	468	5
chr2_KI270772v1_alt	133041	1492	14
chr2_KI270775v1_alt	138019	262	1
chr2_KI270771v1_alt	110395	150	1
chr2_KI270768v1_alt	110099	992	6
chr2_GL582966v2_alt	96131	2990	17
chr2_GL383522v1_alt	123821	3416	16
chr2_KI270776v1_alt	174166	5677	20
chr2_KI270767v1_alt	161578	715	5
chr3_JH636055v2_alt	173151	2417	16
chr3_KI270783v1_alt	109187	182	0
chr3_KI270780v1_alt	224108	1841	11
chr3_GL383526v1_alt	180671	1019	2
chr3_KI270777v1_alt	173649	2704	15
chr3_KI270778v1_alt	248252	305	1
chr3_KI270781v1_alt	113034	915	5
chr3_KI270779v1_alt	205312	30759	120
chr3_KI270782v1_alt	162429	2106	11
chr3_KI270784v1_alt	184404	2721	11
chr4_KI270790v1_alt	220246	433	5
chr4_GL383528v1_alt	376187	449	1
chr4_KI270787v1_alt	111943	228	0
chr4_GL000257v2_alt	586476	7795	44
chr4_KI270788v1_alt	158965	227	3
chr4_GL383527v1_alt	164536	3169	21
chr4_KI270785v1_alt	119912	229	2
chr4_KI270789v1_alt	205944	633	4
chr4_KI270786v1_alt	244096	343	2
chr5_KI270793v1_alt	126136	1518	9
chr5_KI270792v1_alt	179043	7427	46
chr5_KI270791v1_alt	195710	8517	54
chr5_GL383532v1_alt	82728	169	2
chr5_GL949742v1_alt	226852	396	0
chr5_KI270794v1_alt	164558	2423	10
chr5_GL339449v2_alt	1612928	20380	131
chr5_GL383530v1_alt	101241	148	0
chr5_KI270796v1_alt	172708	231	2
chr5_GL383531v1_alt	173459	236	1
chr5_KI270795v1_alt	131892	1680	12
chr6_GL000250v2_alt	4672374	35238	187
chr6_KI270800v1_alt	175808	667	4
chr6_KI270799v1_alt	152148	193	0
chr6_GL383533v1_alt	124736	695	4
chr6_KI270801v1_alt	870480	7461	31
chr6_KI270802v1_alt	75005	363	1
chr6_KB021644v2_alt	185823	555	3
chr6_KI270797v1_alt	197536	3748	14
chr6_KI270798v1_alt	271782	6347	27
chr7_KI270804v1_alt	157952	672	0
chr7_KI270809v1_alt	209586	5733	35
chr7_KI270806v1_alt	158166	2457	11
chr7_GL383534v2_alt	119183	4481	18
chr7_KI270803v1_alt	1111570	54095	248
chr7_KI270808v1_alt	271455	1938	15
chr7_KI270807v1_alt	126434	604	6
chr7_KI270805v1_alt	209988	1210	4
chr8_KI270818v1_alt	145606	1393	9
chr8_KI270812v1_alt	282736	1637	4
chr8_KI270811v1_alt	292436	1785	10
chr8_KI270821v1_alt	985506	13217	73
chr8_KI270813v1_alt	300230	9309	48
chr8_KI270822v1_alt	624492	7286	33
chr8_KI270814v1_alt	141812	847	4
chr8_KI270810v1_alt	374415	564	1
chr8_KI270819v1_alt	133535	3094	22
chr8_KI270820v1_alt	36640	389	1
chr8_KI270817v1_alt	158983	3912	19
chr8_KI270816v1_alt	305841	27543	163
chr8_KI270815v1_alt	132244	2049	9
chr9_GL383539v1_alt	162988	307	0
chr9_GL383540v1_alt	71551	1966	13
chr9_GL383541v1_alt	171286	2253	10
chr9_GL383542v1_alt	60032	321	1
chr9_KI270823v1_alt	439082	2348	7
chr10_GL383545v1_alt	179254	2099	4
chr10_KI270824v1_alt	181496	1104	2
chr10_GL383546v1_alt	309802	5676	29
chr10_KI270825v1_alt	188315	6653	27
chr11_KI270832v1_alt	210133	20490	118
chr11_KI270830v1_alt	177092	2105	19
chr11_KI270831v1_alt	296895	10447	47
chr11_KI270829v1_alt	204059	2491	5
chr11_GL383547v1_alt	154407	236	0
chr11_JH159136v1_alt	200998	3917	10
chr11_JH159137v1_alt	191409	2416	12
chr11_KI270827v1_alt	67707	320	3
chr11_KI270826v1_alt	186169	593	2
chr12_GL877875v1_alt	167313	5761	32
chr12_GL877876v1_alt	408271	6004	30
chr12_KI270837v1_alt	40090	1727	25
chr12_GL383549v1_alt	120804	150	1
chr12_KI270835v1_alt	238139	4269	17
chr12_GL383550v2_alt	169178	996	5
chr12_GL383552v1_alt	138655	303	0
chr12_GL383553v2_alt	152874	2391	10
chr12_KI270834v1_alt	119498	9562	46
chr12_GL383551v1_alt	184319	371	2
chr12_KI270833v1_alt	76061	2530	9
chr12_KI270836v1_alt	56134	335	0
chr13_KI270840v1_alt	191684	1274	10
chr13_KI270839v1_alt	180306	1146	8
chr13_KI270843v1_alt	103832	142	1
chr13_KI270841v1_alt	169134	245	4
chr13_KI270838v1_alt	306913	3045	10
chr13_KI270842v1_alt	37287	597	7
chr14_KI270844v1_alt	322166	4289	18
chr14_KI270847v1_alt	1511111	36077	185
chr14_KI270845v1_alt	180703	2795	13
chr14_KI270846v1_alt	1351393	52216	309
chr15_KI270852v1_alt	478999	4397	30
chr15_KI270851v1_alt	263054	7640	34
chr15_KI270848v1_alt	327382	7049	40
chr15_GL383554v1_alt	296527	5563	34
chr15_KI270849v1_alt	244917	2867	19
chr15_GL383555v2_alt	388773	5369	27
chr15_KI270850v1_alt	430880	11884	79
chr16_KI270854v1_alt	134193	4333	32
chr16_KI270856v1_alt	63982	895	4
chr16_KI270855v1_alt	232857	12109	82
chr16_KI270853v1_alt	2659700	76037	433
chr16_GL383556v1_alt	192462	5966	25
chr16_GL383557v1_alt	89672	1844	7
chr17_GL383563v3_alt	375691	3817	28
chr17_KI270862v1_alt	391357	6087	34
chr17_KI270861v1_alt	196688	18129	90
chr17_KI270857v1_alt	2877074	88782	456
chr17_JH159146v1_alt	278131	11490	55
chr17_JH159147v1_alt	70345	1495	11
chr17_GL383564v2_alt	133151	7591	48
chr17_GL000258v2_alt	1821992	24650	128
chr17_GL383565v1_alt	223995	376	1
chr17_KI270858v1_alt	235827	377	1
chr17_KI270859v1_alt	108763	472	3
chr17_GL383566v1_alt	90219	414	0
chr17_KI270860v1_alt	178921	5702	43
chr18_KI270864v1_alt	111737	136	0
chr18_GL383567v1_alt	289831	1142	8
chr18_GL383570v1_alt	164789	356	1
chr18_GL383571v1_alt	198278	1706	6
chr18_GL383568v1_alt	104552	136	0
chr18_GL383569v1_alt	167950	412	1
chr18_GL383572v1_alt	159547	2210	13
chr18_KI270863v1_alt	167999	3370	16
chr19_KI270868v1_alt	61734	4038	44
chr19_KI270865v1_alt	52969	4344	27
chr19_GL383573v1_alt	385657	3489	19
chr19_GL383575v2_alt	170222	2052	10
chr19_GL383576v1_alt	188024	2150	15
chr19_GL383574v1_alt	155864	1779	16
chr19_KI270866v1_alt	43156	1831	9
chr19_KI270867v1_alt	233762	3731	17
chr19_GL949746v1_alt	987716	20801	112
chr20_GL383577v2_alt	128386	401	4
chr20_KI270869v1_alt	118774	3846	12
chr20_KI270871v1_alt	58661	1717	14
chr20_KI270870v1_alt	183433	7715	40
chr21_GL383578v2_alt	63917	114	0
chr21_KI270874v1_alt	166743	285	3
chr21_KI270873v1_alt	143900	490	3
chr21_GL383579v2_alt	201197	319	2
chr21_GL383580v2_alt	74653	1523	5
chr21_GL383581v2_alt	116689	2902	13
chr21_KI270872v1_alt	82692	5987	31
chr22_KI270875v1_alt	259914	9032	37
chr22_KI270878v1_alt	186262	2847	11
chr22_KI270879v1_alt	304135	16474	84
chr22_KI270876v1_alt	263666	3372	19
chr22_KI270877v1_alt	101331	2080	13
chr22_GL383583v2_alt	96924	1478	8
chr22_GL383582v2_alt	162811	2870	17
chrX_KI270880v1_alt	284869	1265	7
chrX_KI270881v1_alt	144206	833	5
chr19_KI270882v1_alt	248807	1078	5
chr19_KI270883v1_alt	170399	992	7
chr19_KI270884v1_alt	157053	537	3
chr19_KI270885v1_alt	171027	1567	8
chr19_KI270886v1_alt	204239	784	4
chr19_KI270887v1_alt	209512	1760	6
chr19_KI270888v1_alt	155532	849	3
chr19_KI270889v1_alt	170698	1328	7
chr19_KI270890v1_alt	184499	1074	4
chr19_KI270891v1_alt	170680	1170	3
chr1_KI270892v1_alt	162212	4556	29
chr2_KI270894v1_alt	214158	2710	22
chr2_KI270893v1_alt	161218	627	5
chr3_KI270895v1_alt	162896	8303	35
chr4_KI270896v1_alt	378547	2518	12
chr5_KI270897v1_alt	1144418	15293	80
chr5_KI270898v1_alt	130957	1879	4
chr6_GL000251v2_alt	4795265	88644	485
chr7_KI270899v1_alt	190869	1034	8
chr8_KI270901v1_alt	136959	479	0
chr8_KI270900v1_alt	318687	2756	16
chr11_KI270902v1_alt	106711	11822	55
chr11_KI270903v1_alt	214625	3029	22
chr12_KI270904v1_alt	572349	10466	47
chr15_KI270906v1_alt	196384	3025	17
chr15_KI270905v1_alt	5161414	59324	325
chr17_KI270907v1_alt	137721	1092	6
chr17_KI270910v1_alt	157099	3762	26
chr17_KI270909v1_alt	325800	9035	49
chr17_JH159148v1_alt	88070	2143	14
chr17_KI270908v1_alt	1423190	37927	166
chr18_KI270912v1_alt	174061	406	2
chr18_KI270911v1_alt	157710	1961	10
chr19_GL949747v2_alt	729520	8801	46
chr22_KB663609v1_alt	74013	1539	8
chrX_KI270913v1_alt	274009	2507	16
chr19_KI270914v1_alt	205194	859	3
chr19_KI270915v1_alt	170665	1390	8
chr19_KI270916v1_alt	184516	959	3
chr19_KI270917v1_alt	190932	1514	9
chr19_KI270918v1_alt	123111	867	4
chr19_KI270919v1_alt	170701	1064	6
chr19_KI270920v1_alt	198005	1070	1
chr19_KI270921v1_alt	282224	1388	13
chr19_KI270922v1_alt	187935	1333	4
chr19_KI270923v1_alt	189352	836	8
chr3_KI270924v1_alt	166540	11859	56
chr4_KI270925v1_alt	555799	1894	14
chr6_GL000252v2_alt	4604811	83639	456
chr8_KI270926v1_alt	229282	2951	16
chr11_KI270927v1_alt	218612	13460	92
chr19_GL949748v2_alt	1064304	5520	30
chr22_KI270928v1_alt	176103	3950	14
chr19_KI270929v1_alt	186203	1319	8
chr19_KI270930v1_alt	200773	1053	2
chr19_KI270931v1_alt	170148	1137	4
chr19_KI270932v1_alt	215732	858	8
chr19_KI270933v1_alt	170537	863	4
chr19_GL000209v2_alt	177381	1136	6
chr3_KI270934v1_alt	163458	8105	66
chr6_GL000253v2_alt	4677643	58062	268
chr19_GL949749v2_alt	1091841	5446	30
chr3_KI270935v1_alt	197351	6692	45
chr6_GL000254v2_alt	4827813	82343	418
chr19_GL949750v2_alt	1066390	5242	35
chr3_KI270936v1_alt	164170	8199	46
chr6_GL000255v2_alt	4606388	78647	407
chr19_GL949751v2_alt	1002683	5681	28
chr3_KI270937v1_alt	165607	7862	59
chr6_GL000256v2_alt	4929269	79798	414
chr19_GL949752v1_alt	987100	23806	117
chr6_KI270758v1_alt	76752	399	2
chr19_GL949753v2_alt	796479	13396	79
chr19_KI270938v1_alt	1066800	24916	142
chrM	16569	7892	45
chrUn_KI270302v1	2274	2	0
chrUn_KI270304v1	2165	2	0
chrUn_KI270303v1	1942	10	0
chrUn_KI270305v1	1472	2	0
chrUn_KI270322v1	21476	4	0
chrUn_KI270320v1	4416	4	0
chrUn_KI270310v1	1201	8	0
chrUn_KI270316v1	1444	0	0
chrUn_KI270315v1	2276	4	0
chrUn_KI270312v1	998	0	0
chrUn_KI270311v1	12399	10	0
chrUn_KI270317v1	37690	0	0
chrUn_KI270412v1	1179	8	0
chrUn_KI270411v1	2646	8	0
chrUn_KI270414v1	2489	4	0
chrUn_KI270419v1	1029	0	0
chrUn_KI270418v1	2145	0	0
chrUn_KI270420v1	2321	6	0
chrUn_KI270424v1	2140	0	0
chrUn_KI270417v1	2043	5	1
chrUn_KI270422v1	1445	0	0
chrUn_KI270423v1	981	2	0
chrUn_KI270425v1	1884	2	0
chrUn_KI270429v1	1361	14	0
chrUn_KI270442v1	392061	5372	33
chrUn_KI270466v1	1233	173	1
chrUn_KI270465v1	1774	10	0
chrUn_KI270467v1	3920	570	3
chrUn_KI270435v1	92983	271	2
chrUn_KI270438v1	112505	7082	23
chrUn_KI270468v1	4055	8	0
chrUn_KI270510v1	2415	22	0
chrUn_KI270509v1	2318	18	0
chrUn_KI270518v1	2186	8	0
chrUn_KI270508v1	1951	10	0
chrUn_KI270516v1	1300	2	0
chrUn_KI270512v1	22689	57	0
chrUn_KI270519v1	138126	389	1
chrUn_KI270522v1	5674	14	0
chrUn_KI270511v1	8127	24	0
chrUn_KI270515v1	6361	38	0
chrUn_KI270507v1	5353	32	0
chrUn_KI270517v1	3253	24	0
chrUn_KI270529v1	1899	0	0
chrUn_KI270528v1	2983	4	0
chrUn_KI270530v1	2168	4	0
chrUn_KI270539v1	993	4	0
chrUn_KI270538v1	91309	338	0
chrUn_KI270544v1	1202	4	0
chrUn_KI270548v1	1599	0	0
chrUn_KI270583v1	1400	14	0
chrUn_KI270587v1	2969	28	0
chrUn_KI270580v1	1553	12	0
chrUn_KI270581v1	7046	23	0
chrUn_KI270579v1	31033	55	0
chrUn_KI270589v1	44474	155	4
chrUn_KI270590v1	4685	39	0
chrUn_KI270584v1	4513	30	0
chrUn_KI270582v1	6504	22	1
chrUn_KI270588v1	6158	27	0
chrUn_KI270593v1	3041	10	0
chrUn_KI270591v1	5796	72	1
chrUn_KI270330v1	1652	225	3
chrUn_KI270329v1	1040	4	0
chrUn_KI270334v1	1368	0	0
chrUn_KI270333v1	2699	144	1
chrUn_KI270335v1	1048	0	0
chrUn_KI270338v1	1428	2	0
chrUn_KI270340v1	1428	0	0
chrUn_KI270336v1	1026	49	2
chrUn_KI270337v1	1121	186	1
chrUn_KI270363v1	1803	2	0
chrUn_KI270364v1	2855	10	0
chrUn_KI270362v1	3530	4	0
chrUn_KI270366v1	8320	8	0
chrUn_KI270378v1	1048	0	0
chrUn_KI270379v1	1045	0	0
chrUn_KI270389v1	1298	2	0
chrUn_KI270390v1	2387	2	0
chrUn_KI270387v1	1537	0	0
chrUn_KI270395v1	1143	10	0
chrUn_KI270396v1	1880	4	0
chrUn_KI270388v1	1216	0	0
chrUn_KI270394v1	970	1	1
chrUn_KI270386v1	1788	2	0
chrUn_KI270391v1	1484	4	0
chrUn_KI270383v1	1750	2	0
chrUn_KI270393v1	1308	4	0
chrUn_KI270384v1	1658	2	0
chrUn_KI270392v1	971	0	0
chrUn_KI270381v1	1930	0	0
chrUn_KI270385v1	990	0	0
chrUn_KI270382v1	4215	2	0
chrUn_KI270376v1	1136	2	0
chrUn_KI270374v1	2656	6	0
chrUn_KI270372v1	1650	2	0
chrUn_KI270373v1	1451	0	0
chrUn_KI270375v1	2378	2	0
chrUn_KI270371v1	2805	0	0
chrUn_KI270448v1	7992	43	0
chrUn_KI270521v1	7642	11	1
chrUn_GL000195v1	182896	692	4
chrUn_GL000219v1	179198	2355	14
chrUn_GL000220v1	161802	17781	141
chrUn_GL000224v1	179693	6463	21
chrUn_KI270741v1	157432	631	6
chrUn_GL000226v1	15008	121	0
chrUn_GL000213v1	164239	2398	9
chrUn_KI270743v1	210658	1466	5
chrUn_KI270744v1	168472	7243	39
chrUn_KI270745v1	41891	1198	15
chrUn_KI270746v1	66486	5794	19
chrUn_KI270747v1	198735	825	4
chrUn_KI270748v1	93321	359	0
chrUn_KI270749v1	158759	912	4
chrUn_KI270750v1	148850	2696	9
chrUn_KI270751v1	150742	1905	10
chrUn_KI270752v1	27745	1	1
chrUn_KI270753v1	62944	545	4
chrUn_KI270754v1	40191	1756	10
chrUn_KI270755v1	36723	66	2
chrUn_KI270756v1	79590	287	4
chrUn_KI270757v1	71251	340	5
chrUn_GL000214v1	137718	2214	5
chrUn_KI270742v1	186739	2469	11
chrUn_GL000216v2	176608	4524	34
chrUn_GL000218v1	161147	6916	37
chrX	156040895	1745795	8503
chrY	57227415	229832	1124
chrY_KI270740v1_random	37240	18	0
chr1_KQ031383v1_fix	467143	15145	58
chr1_KQ983255v1_alt	278659	6568	26
chr1_KN538361v1_fix	305542	12796	57
chr1_KQ458383v1_alt	349938	9920	42
chr1_KN196473v1_fix	166200	5059	28
chr1_KZ208904v1_alt	166136	3607	20
chr1_KN196472v1_fix	186494	1608	10
chr1_KZ208905v1_alt	140355	119	0
chr1_KQ458382v1_alt	141019	288	0
chr1_KV880763v1_alt	551020	5787	32
chr1_KN196474v1_fix	122022	1292	11
chr1_KN538360v1_fix	460100	4328	28
chr1_KZ208906v1_fix	330031	6503	39
chr1_KQ458384v1_alt	212205	3795	22
chr2_KQ031384v1_fix	481245	14166	78
chr2_KZ208907v1_alt	181658	351	3
chr2_KQ983256v1_alt	535088	9754	43
chr2_KZ208908v1_alt	140361	1593	13
chr2_KN538363v1_fix	365499	11192	52
chr2_KN538362v1_fix	208149	1636	5
chr3_KV766192v1_fix	411654	3161	11
chr3_KN196475v1_fix	451168	15525	62
chr3_KQ031385v1_fix	373699	4889	19
chr3_KN538364v1_fix	415308	2036	11
chr3_KZ208909v1_alt	175849	430	2
chr3_KQ031386v1_fix	165718	250	0
chr3_KN196476v1_fix	305979	870	3
chr4_KQ090013v1_alt	90922	1272	11
chr4_KQ090014v1_alt	163749	165	1
chr4_KQ090015v1_alt	236512	2572	18
chr4_KV766193v1_alt	420675	7413	32
chr4_KQ983257v1_fix	230434	5712	52
chr4_KQ983258v1_alt	205407	4860	36
chr5_KZ208910v1_alt	135987	384	1
chr5_KN196477v1_alt	139087	322	0
chr5_KV575243v1_alt	362221	6447	51
chr5_KV575244v1_fix	673059	25116	149
chr6_KZ208911v1_fix	242796	5123	25
chr6_KQ090017v1_alt	82315	373	0
chr6_KQ031387v1_fix	320750	366	0
chr6_KN196478v1_fix	268330	361	2
chr6_KQ090016v1_fix	245716	4066	16
chr6_KV766194v1_fix	139427	4182	25
chr7_KV880764v1_fix	142129	1926	16
chr7_KV880765v1_fix	468267	6143	19
chr7_KZ208912v1_fix	589656	19902	88
chr7_KZ208913v1_alt	680662	38187	178
chr7_KQ031388v1_fix	179932	1268	6
chr8_KZ208915v1_fix	6367528	96673	505
chr8_KV880767v1_fix	265876	781	3
chr8_KV880766v1_fix	156998	336	2
chr8_KZ208914v1_fix	165120	17846	104
chr9_KQ090018v1_alt	163882	367	0
chr9_KQ090019v1_alt	134099	170	1
chr9_KN196479v1_fix	330164	20778	108
chr10_KN538367v1_fix	420164	672	2
chr10_KQ090020v1_alt	185507	265	1
chr10_KN196480v1_fix	277797	4834	22
chr10_KQ090021v1_fix	264545	2313	9
chr10_KN538366v1_fix	85284	319	1
chr10_KN538365v1_fix	14347	23	1
chr11_KQ759759v1_fix	196940	17692	119
chr11_KN538368v1_alt	203552	2221	10
chr11_KV766195v1_fix	140877	1634	8
chr11_KQ090022v1_fix	181958	2002	14
chr11_KN196481v1_fix	108875	11850	71
chr12_KQ090023v1_alt	109323	786	1
chr12_KZ208916v1_fix	1046838	22740	129
chr12_KN538369v1_fix	541038	8383	42
chr12_KN196482v1_fix	211377	306	1
chr12_KZ208918v1_alt	174808	235	1
chr12_KQ759760v1_fix	315610	327	1
chr12_KZ208917v1_fix	64689	1340	12
chr12_KN538370v1_fix	86533	4128	19
chr13_KN538372v1_fix	356766	13765	84
chr13_KQ090024v1_alt	168146	236	0
chr13_KN196483v1_fix	35455	97	1
chr13_KN538373v1_fix	148762	346	2
chr13_KQ090025v1_alt	123480	862	0
chr13_KN538371v1_fix	206320	3782	27
chr14_KZ208920v1_fix	690932	63711	312
chr14_KZ208919v1_alt	171798	1246	6
chr15_KN538374v1_fix	4998962	65716	352
chr15_KQ031389v1_alt	2365364	13371	83
chr16_KQ090026v1_alt	59016	2645	19
chr16_KV880768v1_fix	1927115	70225	408
chr16_KQ090027v1_alt	267463	3884	16
chr16_KZ208921v1_alt	78609	5592	18
chr16_KQ031390v1_alt	169136	280	1
chr17_KV766196v1_fix	281919	4550	15
chr17_KV575245v1_fix	154723	20848	109
chr17_KV766198v1_alt	276292	24091	134
chr17_KV766197v1_alt	246895	375	1
chr18_KQ458385v1_alt	205101	1782	10
chr18_KQ090028v1_fix	407387	4475	25
chr18_KZ208922v1_fix	93070	384	2
chr19_KQ458386v1_fix	405389	27163	154
chr19_KN196484v1_fix	370917	35094	163
chr19_KV575246v1_alt	163926	926	4
chr19_KV575247v1_alt	170206	866	4
chr19_KV575248v1_alt	168131	693	5
chr19_KV575249v1_alt	293522	2096	13
chr19_KV575250v1_alt	241058	1854	5
chr19_KV575251v1_alt	159285	1035	9
chr19_KV575252v1_alt	178197	751	7
chr19_KV575253v1_alt	166713	996	3
chr19_KV575254v1_alt	99845	599	2
chr19_KV575255v1_alt	161095	1029	4
chr19_KV575256v1_alt	223118	982	8
chr19_KV575257v1_alt	100553	412	2
chr19_KV575259v1_alt	171263	997	6
chr19_KV575260v1_alt	145691	539	6
chr19_KV575258v1_alt	156965	966	3
chr22_KN196485v1_alt	156562	2243	16
chr22_KQ458387v1_alt	155930	2231	13
chr22_KQ458388v1_alt	174749	2985	12
chr22_KN196486v1_alt	153027	2406	10
chr22_KQ759761v1_alt	145162	2234	12
chr22_KQ759762v1_fix	101037	3820	24
chrX_KV766199v1_alt	188004	134	0
chrY_KZ208923v1_fix	48370	55	1
chrY_KZ208924v1_fix	209722	385	2
chrY_KN196487v1_fix	101150	12216	48
chr1_KZ559100v1_fix	44955	262	3
chr3_KZ559104v1_fix	105527	251	1
chr3_KZ559105v1_alt	195063	3656	16
chr3_KZ559103v1_alt	302885	3133	18
chr3_KZ559102v1_alt	197752	829	2
chr3_KZ559101v1_alt	164041	244	2
chr7_KZ559106v1_alt	172555	267	0
chr8_KZ559107v1_alt	103072	1881	10
chr11_KZ559109v1_fix	279644	12718	61
chr11_KZ559108v1_fix	305244	3085	9
chr11_KZ559111v1_alt	181167	2307	16
chr11_KZ559110v1_alt	301637	3969	10
chr12_KZ559112v1_alt	154139	396	2
chr16_KZ559113v1_fix	480415	4435	18
chr17_KZ559114v1_alt	116753	402	4
chr18_KZ559116v1_alt	163186	229	0
chr18_KZ559115v1_fix	230843	667	2
chr2_ML143342v1_fix	84043	223	1
chr2_ML143341v1_fix	145975	828	6
chr3_ML143343v1_alt	215443	1568	6
chr4_ML143344v1_fix	235734	2294	12
chr4_ML143347v1_fix	176674	1326	8
chr4_ML143346v1_fix	53476	66	0
chr4_ML143348v1_fix	125549	170	1
chr4_ML143345v1_fix	341066	5696	18
chr4_ML143349v1_fix	276109	261	0
chr5_ML143350v1_fix	89956	3530	20
chr6_ML143351v1_fix	73265	98	0
chr7_ML143352v1_fix	254759	2990	11
chr9_ML143353v1_fix	25408	166	2
chr10_ML143354v1_fix	454963	3515	19
chr10_ML143355v1_fix	292944	10403	58
chr11_ML143358v1_fix	270122	10456	63
chr11_ML143360v1_fix	170928	5461	31
chr11_ML143359v1_fix	217075	8313	33
chr11_ML143357v1_fix	165419	503	6
chr11_ML143356v1_fix	45257	48	0
chr12_ML143362v1_fix	192531	12496	70
chr12_ML143361v1_fix	297568	9441	55
chr13_ML143366v1_fix	409912	1465	6
chr13_ML143363v1_fix	7309	0	0
chr13_ML143364v1_fix	158944	1168	8
chr13_ML143365v1_fix	65394	3084	24
chr14_ML143367v1_fix	399183	1469	7
chr14_ML143368v1_alt	264228	373	2
chr15_ML143372v1_fix	396515	1977	10
chr15_ML143371v1_fix	5500449	90927	461
chr15_ML143370v1_fix	369264	14800	69
chr15_ML143369v1_fix	97763	5644	27
chr16_ML143373v1_fix	270967	9897	54
chr17_ML143374v1_fix	137908	16998	90
chr17_ML143375v1_fix	56695	2856	18
chr19_ML143376v1_fix	493165	31213	168
chr21_ML143377v1_fix	519485	21432	150
chr22_ML143380v1_fix	412368	4499	18
chr22_ML143378v1_fix	461303	1808	9
chr22_ML143379v1_fix	12295	40	0
chrX_ML143385v1_fix	17435	5	0
chrX_ML143382v1_fix	28824	158	0
chrX_ML143383v1_fix	68192	64	0
chrX_ML143381v1_fix	403128	2548	12
chrX_ML143384v1_fix	14678	8	0
chr1_MU273333v1_fix	1572686	110584	558
chr1_MU273330v1_alt	516764	17319	84
chr1_MU273335v1_fix	211934	15033	62
chr1_MU273336v1_fix	250447	3767	14
chr1_MU273331v1_alt	847441	9970	32
chr1_MU273334v1_fix	210426	4905	16
chr1_MU273332v1_alt	335159	14984	86
chr2_MU273344v1_fix	244725	11341	54
chr2_MU273345v1_fix	174385	346	3
chr2_MU273343v1_fix	489404	13121	56
chr2_MU273340v1_alt	284971	7558	38
chr2_MU273337v1_alt	431782	14741	55
chr2_MU273342v1_fix	955087	25800	126
chr2_MU273339v1_alt	500581	22102	124
chr2_MU273338v1_alt	535251	7854	48
chr2_MU273341v1_fix	120381	4358	13
chr3_MU273347v1_fix	301310	5489	24
chr3_MU273348v1_fix	475876	5893	30
chr3_MU273346v1_fix	469342	5951	28
chr4_MU273351v1_fix	205691	1534	8
chr4_MU273349v1_alt	308682	4310	19
chr4_MU273350v1_fix	113364	266	2
chr5_MU273354v1_fix	2101585	25240	118
chr5_MU273353v1_fix	208405	2340	11
chr5_MU273356v1_alt	302485	3287	18
chr5_MU273355v1_fix	508332	61710	282
chr5_MU273352v1_fix	34400	351	2
chr6_MU273357v1_alt	383128	7668	26
chr7_MU273358v1_alt	464417	928	3
chr8_MU273362v1_fix	429744	2421	9
chr8_MU273359v1_fix	150302	460	2
chr8_MU273361v1_fix	106905	4788	24
chr8_MU273363v1_fix	207371	6471	38
chr8_MU273360v1_fix	39290	644	3
chr9_MU273366v1_fix	569668	3482	18
chr9_MU273364v1_fix	340717	1523	9
chr9_MU273365v1_fix	482250	15056	50
chr10_MU273367v1_fix	196262	7073	38
chr11_KQ759759v2_fix	204999	26034	156
chr11_MU273369v1_fix	434831	9524	71
chr11_MU273371v1_fix	122722	1913	10
chr11_MU273370v1_fix	344606	6394	22
chr11_MU273368v1_alt	261194	2717	6
chr12_MU273372v1_fix	104537	10462	67
chr14_MU273373v1_fix	722645	28035	119
chr15_MU273375v1_alt	204007	8836	48
chr15_MU273374v1_fix	1154574	26153	111
chr16_MU273376v1_fix	87715	12949	58
chr16_MU273377v1_fix	334997	12979	46
chr17_MU273380v1_fix	538541	12928	71
chr17_MU273378v1_alt	372839	18443	76
chr17_MU273383v1_fix	172609	6099	30
chr17_MU273379v1_fix	234878	12989	78
chr17_MU273382v1_fix	187626	10920	62
chr17_MU273381v1_fix	144689	2126	16
chr19_MU273386v1_fix	226166	8185	42
chr19_MU273387v1_alt	89211	7130	41
chr19_MU273384v1_fix	333754	44627	193
chr19_MU273385v1_fix	137818	6717	38
chr20_MU273388v1_fix	273725	3003	9
chr20_MU273389v1_fix	355731	9373	37
chr21_MU273390v1_fix	336752	8103	28
chr21_MU273391v1_fix	1020778	8143	33
chr21_MU273392v1_fix	189707	9133	60
chr22_KQ759762v2_fix	101040	3681	21
chrX_MU273397v1_alt	330493	11387	63
chrX_MU273393v1_fix	68810	922	2
chrX_MU273394v1_fix	140567	2464	14
chrX_MU273396v1_alt	294119	540	3
chrX_MU273395v1_alt	619716	11360	52
chrY_MU273398v1_fix	865743	24923	126
*	0	0	92404
