chr1	248956422	7122675	49300
chr10	133797422	2951009	20210
chr11	135086622	4158361	29142
chr11_KI270721v1_random	100316	2518	18
chr12	133275309	3668554	25833
chr13	114364328	1333814	8908
chr14	107043718	2213941	15332
chr14_GL000009v2_random	201709	2404	18
chr14_GL000225v1_random	211173	12304	190
chr14_KI270722v1_random	194050	1823	11
chr14_GL000194v1_random	191469	7172	50
chr14_KI270723v1_random	38115	1678	20
chr14_KI270724v1_random	39555	985	15
chr14_KI270725v1_random	172810	1645	12
chr14_KI270726v1_random	43739	545	6
chr15	101991189	2486766	17255
chr15_KI270727v1_random	448248	4547	20
chr16	90338345	3180580	24091
chr16_KI270728v1_random	1872759	38280	275
chr17	83257441	3916558	29129
chr17_GL000205v2_random	185591	1093	4
chr17_KI270729v1_random	280839	1910	7
chr17_KI270730v1_random	112551	710	5
chr18	80373285	1169127	7906
chr19	58617616	4170751	32663
chr1_KI270706v1_random	175055	2009	11
chr1_KI270707v1_random	32032	165	1
chr1_KI270708v1_random	127682	242	3
chr1_KI270709v1_random	66860	1738	9
chr1_KI270710v1_random	40176	54	0
chr1_KI270711v1_random	42210	3258	15
chr1_KI270712v1_random	176043	2878	31
chr1_KI270713v1_random	40745	5833	50
chr1_KI270714v1_random	41717	1906	20
chr2	242193529	5157912	35175
chr20	64444167	1895944	14141
chr21	46709983	818138	5928
chr22	50818468	1775065	13337
chr22_KI270731v1_random	150754	6100	52
chr22_KI270732v1_random	41543	461	5
chr22_KI270733v1_random	179772	19562	189
chr22_KI270734v1_random	165050	8040	69
chr22_KI270735v1_random	42811	405	3
chr22_KI270736v1_random	181920	1267	12
chr22_KI270737v1_random	103838	159	0
chr22_KI270738v1_random	99375	151	3
chr22_KI270739v1_random	73985	57	1
chr2_KI270715v1_random	161471	160	0
chr2_KI270716v1_random	153799	135	1
chr3	198295559	4124464	27880
chr3_GL000221v1_random	155397	2346	11
chr4	190214555	2802325	18718
chr4_GL000008v2_random	209709	1690	10
chr5	181538259	3182931	21783
chr5_GL000208v1_random	92689	163	1
chr6	170805979	3168377	21305
chr7	159345973	3591110	25588
chr8	145138636	2482871	17058
chr9	138394717	3098897	22243
chr9_KI270717v1_random	40062	554	3
chr9_KI270718v1_random	38054	571	4
chr9_KI270719v1_random	176845	3931	24
chr9_KI270720v1_random	39050	1543	12
chr1_KI270762v1_alt	354444	16630	127
chr1_KI270766v1_alt	256271	5931	39
chr1_KI270760v1_alt	109528	634	6
chr1_KI270765v1_alt	185285	1157	8
chr1_GL383518v1_alt	182439	7143	45
chr1_GL383519v1_alt	110268	17392	128
chr1_GL383520v2_alt	366580	2302	20
chr1_KI270764v1_alt	50258	191	2
chr1_KI270763v1_alt	911658	9173	51
chr1_KI270759v1_alt	425601	5983	36
chr1_KI270761v1_alt	165834	4026	32
chr2_KI270770v1_alt	136240	376	5
chr2_KI270773v1_alt	70887	1298	7
chr2_KI270774v1_alt	223625	3664	32
chr2_KI270769v1_alt	120616	2923	16
chr2_GL383521v1_alt	143390	492	2
chr2_KI270772v1_alt	133041	1309	12
chr2_KI270775v1_alt	138019	214	1
chr2_KI270771v1_alt	110395	147	1
chr2_KI270768v1_alt	110099	750	5
chr2_GL582966v2_alt	96131	2710	16
chr2_GL383522v1_alt	123821	3512	20
chr2_KI270776v1_alt	174166	5580	46
chr2_KI270767v1_alt	161578	785	4
chr3_JH636055v2_alt	173151	2272	16
chr3_KI270783v1_alt	109187	182	5
chr3_KI270780v1_alt	224108	1696	14
chr3_GL383526v1_alt	180671	970	9
chr3_KI270777v1_alt	173649	2479	21
chr3_KI270778v1_alt	248252	291	1
chr3_KI270781v1_alt	113034	899	9
chr3_KI270779v1_alt	205312	21563	121
chr3_KI270782v1_alt	162429	1961	24
chr3_KI270784v1_alt	184404	2882	21
chr4_KI270790v1_alt	220246	353	2
chr4_GL383528v1_alt	376187	436	1
chr4_KI270787v1_alt	111943	212	3
chr4_GL000257v2_alt	586476	7271	45
chr4_KI270788v1_alt	158965	321	7
chr4_GL383527v1_alt	164536	2736	12
chr4_KI270785v1_alt	119912	207	1
chr4_KI270789v1_alt	205944	620	2
chr4_KI270786v1_alt	244096	377	5
chr5_KI270793v1_alt	126136	1443	8
chr5_KI270792v1_alt	179043	6916	60
chr5_KI270791v1_alt	195710	8303	57
chr5_GL383532v1_alt	82728	179	1
chr5_GL949742v1_alt	226852	371	1
chr5_KI270794v1_alt	164558	2206	16
chr5_GL339449v2_alt	1612928	17254	130
chr5_GL383530v1_alt	101241	173	1
chr5_KI270796v1_alt	172708	259	0
chr5_GL383531v1_alt	173459	302	3
chr5_KI270795v1_alt	131892	1590	11
chr6_GL000250v2_alt	4672374	34233	253
chr6_KI270800v1_alt	175808	713	4
chr6_KI270799v1_alt	152148	207	6
chr6_GL383533v1_alt	124736	509	0
chr6_KI270801v1_alt	870480	6925	38
chr6_KI270802v1_alt	75005	245	1
chr6_KB021644v2_alt	185823	555	7
chr6_KI270797v1_alt	197536	3494	14
chr6_KI270798v1_alt	271782	6165	38
chr7_KI270804v1_alt	157952	735	4
chr7_KI270809v1_alt	209586	5302	43
chr7_KI270806v1_alt	158166	2203	15
chr7_GL383534v2_alt	119183	4197	27
chr7_KI270803v1_alt	1111570	50439	340
chr7_KI270808v1_alt	271455	1856	11
chr7_KI270807v1_alt	126434	704	5
chr7_KI270805v1_alt	209988	1176	14
chr8_KI270818v1_alt	145606	1310	19
chr8_KI270812v1_alt	282736	1547	12
chr8_KI270811v1_alt	292436	1697	17
chr8_KI270821v1_alt	985506	12922	90
chr8_KI270813v1_alt	300230	9821	47
chr8_KI270822v1_alt	624492	6127	32
chr8_KI270814v1_alt	141812	807	7
chr8_KI270810v1_alt	374415	566	8
chr8_KI270819v1_alt	133535	3139	16
chr8_KI270820v1_alt	36640	370	0
chr8_KI270817v1_alt	158983	3794	26
chr8_KI270816v1_alt	305841	26256	198
chr8_KI270815v1_alt	132244	1905	12
chr9_GL383539v1_alt	162988	322	4
chr9_GL383540v1_alt	71551	1672	18
chr9_GL383541v1_alt	171286	2373	12
chr9_GL383542v1_alt	60032	324	1
chr9_KI270823v1_alt	439082	2249	13
chr10_GL383545v1_alt	179254	1838	16
chr10_KI270824v1_alt	181496	1125	5
chr10_GL383546v1_alt	309802	5178	38
chr10_KI270825v1_alt	188315	6022	51
chr11_KI270832v1_alt	210133	19408	160
chr11_KI270830v1_alt	177092	2075	30
chr11_KI270831v1_alt	296895	10300	79
chr11_KI270829v1_alt	204059	2094	15
chr11_GL383547v1_alt	154407	233	4
chr11_JH159136v1_alt	200998	3854	21
chr11_JH159137v1_alt	191409	2205	16
chr11_KI270827v1_alt	67707	366	3
chr11_KI270826v1_alt	186169	703	5
chr12_GL877875v1_alt	167313	6297	33
chr12_GL877876v1_alt	408271	6314	34
chr12_KI270837v1_alt	40090	2378	40
chr12_GL383549v1_alt	120804	215	2
chr12_KI270835v1_alt	238139	3945	23
chr12_GL383550v2_alt	169178	918	12
chr12_GL383552v1_alt	138655	354	1
chr12_GL383553v2_alt	152874	2039	9
chr12_KI270834v1_alt	119498	8799	57
chr12_GL383551v1_alt	184319	455	1
chr12_KI270833v1_alt	76061	2380	11
chr12_KI270836v1_alt	56134	231	2
chr13_KI270840v1_alt	191684	1036	9
chr13_KI270839v1_alt	180306	939	8
chr13_KI270843v1_alt	103832	144	1
chr13_KI270841v1_alt	169134	228	0
chr13_KI270838v1_alt	306913	2936	17
chr13_KI270842v1_alt	37287	564	9
chr14_KI270844v1_alt	322166	3823	24
chr14_KI270847v1_alt	1511111	33335	230
chr14_KI270845v1_alt	180703	2697	20
chr14_KI270846v1_alt	1351393	50463	377
chr15_KI270852v1_alt	478999	4575	36
chr15_KI270851v1_alt	263054	7920	52
chr15_KI270848v1_alt	327382	6447	47
chr15_GL383554v1_alt	296527	5477	50
chr15_KI270849v1_alt	244917	2583	19
chr15_GL383555v2_alt	388773	5170	44
chr15_KI270850v1_alt	430880	15204	142
chr16_KI270854v1_alt	134193	4007	40
chr16_KI270856v1_alt	63982	867	11
chr16_KI270855v1_alt	232857	11251	101
chr16_KI270853v1_alt	2659700	67383	530
chr16_GL383556v1_alt	192462	7063	61
chr16_GL383557v1_alt	89672	1398	8
chr17_GL383563v3_alt	375691	3936	45
chr17_KI270862v1_alt	391357	5730	54
chr17_KI270861v1_alt	196688	16794	121
chr17_KI270857v1_alt	2877074	80345	640
chr17_JH159146v1_alt	278131	11639	85
chr17_JH159147v1_alt	70345	1505	5
chr17_GL383564v2_alt	133151	7416	52
chr17_GL000258v2_alt	1821992	22331	164
chr17_GL383565v1_alt	223995	397	2
chr17_KI270858v1_alt	235827	430	3
chr17_KI270859v1_alt	108763	381	5
chr17_GL383566v1_alt	90219	427	3
chr17_KI270860v1_alt	178921	5814	42
chr18_KI270864v1_alt	111737	123	2
chr18_GL383567v1_alt	289831	1337	3
chr18_GL383570v1_alt	164789	411	6
chr18_GL383571v1_alt	198278	1563	5
chr18_GL383568v1_alt	104552	193	1
chr18_GL383569v1_alt	167950	407	2
chr18_GL383572v1_alt	159547	2391	15
chr18_KI270863v1_alt	167999	3436	24
chr19_KI270868v1_alt	61734	3738	36
chr19_KI270865v1_alt	52969	4061	33
chr19_GL383573v1_alt	385657	3485	37
chr19_GL383575v2_alt	170222	2074	20
chr19_GL383576v1_alt	188024	1797	15
chr19_GL383574v1_alt	155864	1573	12
chr19_KI270866v1_alt	43156	1652	13
chr19_KI270867v1_alt	233762	3690	26
chr19_GL949746v1_alt	987716	21669	164
chr20_GL383577v2_alt	128386	528	4
chr20_KI270869v1_alt	118774	3454	28
chr20_KI270871v1_alt	58661	2038	16
chr20_KI270870v1_alt	183433	7465	45
chr21_GL383578v2_alt	63917	132	1
chr21_KI270874v1_alt	166743	286	4
chr21_KI270873v1_alt	143900	509	4
chr21_GL383579v2_alt	201197	305	0
chr21_GL383580v2_alt	74653	1413	10
chr21_GL383581v2_alt	116689	2746	19
chr21_KI270872v1_alt	82692	5758	43
chr22_KI270875v1_alt	259914	8094	75
chr22_KI270878v1_alt	186262	2908	29
chr22_KI270879v1_alt	304135	18787	153
chr22_KI270876v1_alt	263666	3146	33
chr22_KI270877v1_alt	101331	2083	13
chr22_GL383583v2_alt	96924	1269	14
chr22_GL383582v2_alt	162811	2037	11
chrX_KI270880v1_alt	284869	1216	4
chrX_KI270881v1_alt	144206	1420	13
chr19_KI270882v1_alt	248807	688	7
chr19_KI270883v1_alt	170399	987	10
chr19_KI270884v1_alt	157053	2039	14
chr19_KI270885v1_alt	171027	1329	11
chr19_KI270886v1_alt	204239	1769	8
chr19_KI270887v1_alt	209512	1124	3
chr19_KI270888v1_alt	155532	600	3
chr19_KI270889v1_alt	170698	1036	5
chr19_KI270890v1_alt	184499	483	2
chr19_KI270891v1_alt	170680	1244	6
chr1_KI270892v1_alt	162212	3973	34
chr2_KI270894v1_alt	214158	2597	21
chr2_KI270893v1_alt	161218	685	7
chr3_KI270895v1_alt	162896	7841	61
chr4_KI270896v1_alt	378547	2431	20
chr5_KI270897v1_alt	1144418	13101	94
chr5_KI270898v1_alt	130957	1737	10
chr6_GL000251v2_alt	4795265	83604	616
chr7_KI270899v1_alt	190869	973	9
chr8_KI270901v1_alt	136959	573	4
chr8_KI270900v1_alt	318687	3547	28
chr11_KI270902v1_alt	106711	10668	99
chr11_KI270903v1_alt	214625	3214	53
chr12_KI270904v1_alt	572349	8950	61
chr15_KI270906v1_alt	196384	2876	28
chr15_KI270905v1_alt	5161414	58324	402
chr17_KI270907v1_alt	137721	1017	9
chr17_KI270910v1_alt	157099	3397	27
chr17_KI270909v1_alt	325800	7771	54
chr17_JH159148v1_alt	88070	1435	14
chr17_KI270908v1_alt	1423190	33145	250
chr18_KI270912v1_alt	174061	483	1
chr18_KI270911v1_alt	157710	1958	13
chr19_GL949747v2_alt	729520	7639	47
chr22_KB663609v1_alt	74013	1530	10
chrX_KI270913v1_alt	274009	2597	17
chr19_KI270914v1_alt	205194	679	7
chr19_KI270915v1_alt	170665	1304	12
chr19_KI270916v1_alt	184516	517	1
chr19_KI270917v1_alt	190932	1240	2
chr19_KI270918v1_alt	123111	867	7
chr19_KI270919v1_alt	170701	1004	6
chr19_KI270920v1_alt	198005	1518	8
chr19_KI270921v1_alt	282224	873	4
chr19_KI270922v1_alt	187935	1342	12
chr19_KI270923v1_alt	189352	726	5
chr3_KI270924v1_alt	166540	10030	85
chr4_KI270925v1_alt	555799	1789	13
chr6_GL000252v2_alt	4604811	82177	559
chr8_KI270926v1_alt	229282	2694	21
chr11_KI270927v1_alt	218612	11106	96
chr19_GL949748v2_alt	1064304	5085	51
chr22_KI270928v1_alt	176103	3608	31
chr19_KI270929v1_alt	186203	1117	8
chr19_KI270930v1_alt	200773	664	2
chr19_KI270931v1_alt	170148	1165	6
chr19_KI270932v1_alt	215732	611	3
chr19_KI270933v1_alt	170537	771	2
chr19_GL000209v2_alt	177381	489	3
chr3_KI270934v1_alt	163458	7678	58
chr6_GL000253v2_alt	4677643	52621	420
chr19_GL949749v2_alt	1091841	4982	46
chr3_KI270935v1_alt	197351	5804	49
chr6_GL000254v2_alt	4827813	73751	556
chr19_GL949750v2_alt	1066390	4974	42
chr3_KI270936v1_alt	164170	7876	55
chr6_GL000255v2_alt	4606388	75924	545
chr19_GL949751v2_alt	1002683	5172	51
chr3_KI270937v1_alt	165607	7338	55
chr6_GL000256v2_alt	4929269	72345	548
chr19_GL949752v1_alt	987100	21397	198
chr6_KI270758v1_alt	76752	698	5
chr19_GL949753v2_alt	796479	11908	104
chr19_KI270938v1_alt	1066800	23622	172
chrM	16569	9069	60
chrUn_KI270302v1	2274	2	0
chrUn_KI270304v1	2165	2	0
chrUn_KI270303v1	1942	4	0
chrUn_KI270305v1	1472	2	0
chrUn_KI270322v1	21476	8	0
chrUn_KI270320v1	4416	4	0
chrUn_KI270310v1	1201	10	1
chrUn_KI270316v1	1444	0	0
chrUn_KI270315v1	2276	4	0
chrUn_KI270312v1	998	0	0
chrUn_KI270311v1	12399	2	0
chrUn_KI270317v1	37690	2	0
chrUn_KI270412v1	1179	0	0
chrUn_KI270411v1	2646	2	0
chrUn_KI270414v1	2489	2	0
chrUn_KI270419v1	1029	0	0
chrUn_KI270418v1	2145	1	0
chrUn_KI270420v1	2321	8	0
chrUn_KI270424v1	2140	0	0
chrUn_KI270417v1	2043	2	0
chrUn_KI270422v1	1445	4	0
chrUn_KI270423v1	981	2	0
chrUn_KI270425v1	1884	0	0
chrUn_KI270429v1	1361	7	0
chrUn_KI270442v1	392061	4784	56
chrUn_KI270466v1	1233	130	1
chrUn_KI270465v1	1774	12	0
chrUn_KI270467v1	3920	358	0
chrUn_KI270435v1	92983	236	0
chrUn_KI270438v1	112505	5416	34
chrUn_KI270468v1	4055	2	0
chrUn_KI270510v1	2415	11	0
chrUn_KI270509v1	2318	17	0
chrUn_KI270518v1	2186	10	0
chrUn_KI270508v1	1951	3	0
chrUn_KI270516v1	1300	4	0
chrUn_KI270512v1	22689	51	0
chrUn_KI270519v1	138126	338	3
chrUn_KI270522v1	5674	10	0
chrUn_KI270511v1	8127	18	0
chrUn_KI270515v1	6361	42	0
chrUn_KI270507v1	5353	20	0
chrUn_KI270517v1	3253	6	0
chrUn_KI270529v1	1899	2	0
chrUn_KI270528v1	2983	6	0
chrUn_KI270530v1	2168	6	0
chrUn_KI270539v1	993	2	0
chrUn_KI270538v1	91309	212	1
chrUn_KI270544v1	1202	6	0
chrUn_KI270548v1	1599	0	0
chrUn_KI270583v1	1400	4	0
chrUn_KI270587v1	2969	2	0
chrUn_KI270580v1	1553	2	0
chrUn_KI270581v1	7046	12	0
chrUn_KI270579v1	31033	18	0
chrUn_KI270589v1	44474	146	1
chrUn_KI270590v1	4685	31	0
chrUn_KI270584v1	4513	18	0
chrUn_KI270582v1	6504	22	0
chrUn_KI270588v1	6158	18	0
chrUn_KI270593v1	3041	10	0
chrUn_KI270591v1	5796	53	1
chrUn_KI270330v1	1652	179	0
chrUn_KI270329v1	1040	0	0
chrUn_KI270334v1	1368	0	0
chrUn_KI270333v1	2699	64	0
chrUn_KI270335v1	1048	0	0
chrUn_KI270338v1	1428	0	0
chrUn_KI270340v1	1428	2	0
chrUn_KI270336v1	1026	19	0
chrUn_KI270337v1	1121	105	0
chrUn_KI270363v1	1803	2	0
chrUn_KI270364v1	2855	4	0
chrUn_KI270362v1	3530	2	0
chrUn_KI270366v1	8320	6	0
chrUn_KI270378v1	1048	0	0
chrUn_KI270379v1	1045	0	0
chrUn_KI270389v1	1298	0	0
chrUn_KI270390v1	2387	4	0
chrUn_KI270387v1	1537	2	0
chrUn_KI270395v1	1143	4	0
chrUn_KI270396v1	1880	2	0
chrUn_KI270388v1	1216	0	0
chrUn_KI270394v1	970	0	0
chrUn_KI270386v1	1788	4	0
chrUn_KI270391v1	1484	0	0
chrUn_KI270383v1	1750	0	0
chrUn_KI270393v1	1308	0	0
chrUn_KI270384v1	1658	0	0
chrUn_KI270392v1	971	1	0
chrUn_KI270381v1	1930	0	0
chrUn_KI270385v1	990	0	0
chrUn_KI270382v1	4215	0	0
chrUn_KI270376v1	1136	0	0
chrUn_KI270374v1	2656	4	0
chrUn_KI270372v1	1650	2	0
chrUn_KI270373v1	1451	0	0
chrUn_KI270375v1	2378	0	0
chrUn_KI270371v1	2805	0	0
chrUn_KI270448v1	7992	29	0
chrUn_KI270521v1	7642	10	0
chrUn_GL000195v1	182896	587	2
chrUn_GL000219v1	179198	1929	9
chrUn_GL000220v1	161802	15320	143
chrUn_GL000224v1	179693	4760	26
chrUn_KI270741v1	157432	683	4
chrUn_GL000226v1	15008	111	0
chrUn_GL000213v1	164239	1752	12
chrUn_KI270743v1	210658	1301	5
chrUn_KI270744v1	168472	7648	44
chrUn_KI270745v1	41891	1140	9
chrUn_KI270746v1	66486	4395	21
chrUn_KI270747v1	198735	671	3
chrUn_KI270748v1	93321	339	3
chrUn_KI270749v1	158759	961	9
chrUn_KI270750v1	148850	2796	19
chrUn_KI270751v1	150742	1849	12
chrUn_KI270752v1	27745	1	1
chrUn_KI270753v1	62944	568	4
chrUn_KI270754v1	40191	1594	10
chrUn_KI270755v1	36723	59	1
chrUn_KI270756v1	79590	208	3
chrUn_KI270757v1	71251	262	0
chrUn_GL000214v1	137718	2238	13
chrUn_KI270742v1	186739	2311	16
chrUn_GL000216v2	176608	3809	48
chrUn_GL000218v1	161147	7825	46
chrX	156040895	3099724	21599
chrY	57227415	43375	471
chrY_KI270740v1_random	37240	0	0
chr1_KQ031383v1_fix	467143	12817	66
chr1_KQ983255v1_alt	278659	5743	38
chr1_KN538361v1_fix	305542	11979	86
chr1_KQ458383v1_alt	349938	8912	63
chr1_KN196473v1_fix	166200	4632	25
chr1_KZ208904v1_alt	166136	3292	32
chr1_KN196472v1_fix	186494	1630	14
chr1_KZ208905v1_alt	140355	82	1
chr1_KQ458382v1_alt	141019	240	1
chr1_KV880763v1_alt	551020	5331	33
chr1_KN196474v1_fix	122022	1251	13
chr1_KN538360v1_fix	460100	3967	32
chr1_KZ208906v1_fix	330031	7151	52
chr1_KQ458384v1_alt	212205	3218	19
chr2_KQ031384v1_fix	481245	13063	82
chr2_KZ208907v1_alt	181658	331	3
chr2_KQ983256v1_alt	535088	8901	52
chr2_KZ208908v1_alt	140361	1381	9
chr2_KN538363v1_fix	365499	10176	72
chr2_KN538362v1_fix	208149	1607	14
chr3_KV766192v1_fix	411654	2843	13
chr3_KN196475v1_fix	451168	13619	107
chr3_KQ031385v1_fix	373699	4482	32
chr3_KN538364v1_fix	415308	1992	21
chr3_KZ208909v1_alt	175849	436	2
chr3_KQ031386v1_fix	165718	155	1
chr3_KN196476v1_fix	305979	741	5
chr4_KQ090013v1_alt	90922	1263	13
chr4_KQ090014v1_alt	163749	179	0
chr4_KQ090015v1_alt	236512	2275	10
chr4_KV766193v1_alt	420675	6953	45
chr4_KQ983257v1_fix	230434	6564	52
chr4_KQ983258v1_alt	205407	5582	63
chr5_KZ208910v1_alt	135987	360	0
chr5_KN196477v1_alt	139087	289	3
chr5_KV575243v1_alt	362221	5752	58
chr5_KV575244v1_fix	673059	24204	181
chr6_KZ208911v1_fix	242796	4361	34
chr6_KQ090017v1_alt	82315	331	2
chr6_KQ031387v1_fix	320750	360	2
chr6_KN196478v1_fix	268330	351	3
chr6_KQ090016v1_fix	245716	3458	20
chr6_KV766194v1_fix	139427	3631	24
chr7_KV880764v1_fix	142129	1649	6
chr7_KV880765v1_fix	468267	5488	31
chr7_KZ208912v1_fix	589656	19312	125
chr7_KZ208913v1_alt	680662	37665	230
chr7_KQ031388v1_fix	179932	1111	8
chr8_KZ208915v1_fix	6367528	100711	704
chr8_KV880767v1_fix	265876	934	6
chr8_KV880766v1_fix	156998	299	4
chr8_KZ208914v1_fix	165120	17517	137
chr9_KQ090018v1_alt	163882	350	3
chr9_KQ090019v1_alt	134099	181	2
chr9_KN196479v1_fix	330164	19518	164
chr10_KN538367v1_fix	420164	629	7
chr10_KQ090020v1_alt	185507	185	4
chr10_KN196480v1_fix	277797	4750	23
chr10_KQ090021v1_fix	264545	1970	15
chr10_KN538366v1_fix	85284	352	6
chr10_KN538365v1_fix	14347	18	0
chr11_KQ759759v1_fix	196940	16434	134
chr11_KN538368v1_alt	203552	2174	4
chr11_KV766195v1_fix	140877	1623	7
chr11_KQ090022v1_fix	181958	1915	10
chr11_KN196481v1_fix	108875	10592	95
chr12_KQ090023v1_alt	109323	715	4
chr12_KZ208916v1_fix	1046838	22389	155
chr12_KN538369v1_fix	541038	7330	49
chr12_KN196482v1_fix	211377	263	2
chr12_KZ208918v1_alt	174808	233	3
chr12_KQ759760v1_fix	315610	366	4
chr12_KZ208917v1_fix	64689	1273	14
chr12_KN538370v1_fix	86533	3892	18
chr13_KN538372v1_fix	356766	9691	60
chr13_KQ090024v1_alt	168146	230	2
chr13_KN196483v1_fix	35455	113	1
chr13_KN538373v1_fix	148762	332	1
chr13_KQ090025v1_alt	123480	803	4
chr13_KN538371v1_fix	206320	3946	30
chr14_KZ208920v1_fix	690932	59674	466
chr14_KZ208919v1_alt	171798	1244	9
chr15_KN538374v1_fix	4998962	64264	467
chr15_KQ031389v1_alt	2365364	15410	92
chr16_KQ090026v1_alt	59016	2640	19
chr16_KV880768v1_fix	1927115	63271	507
chr16_KQ090027v1_alt	267463	3663	31
chr16_KZ208921v1_alt	78609	5720	42
chr16_KQ031390v1_alt	169136	269	1
chr17_KV766196v1_fix	281919	4119	26
chr17_KV575245v1_fix	154723	19334	149
chr17_KV766198v1_alt	276292	23434	170
chr17_KV766197v1_alt	246895	419	2
chr18_KQ458385v1_alt	205101	1687	8
chr18_KQ090028v1_fix	407387	4388	34
chr18_KZ208922v1_fix	93070	381	4
chr19_KQ458386v1_fix	405389	25419	201
chr19_KN196484v1_fix	370917	30781	221
chr19_KV575246v1_alt	163926	986	10
chr19_KV575247v1_alt	170206	840	4
chr19_KV575248v1_alt	168131	747	7
chr19_KV575249v1_alt	293522	1050	4
chr19_KV575250v1_alt	241058	1107	7
chr19_KV575251v1_alt	159285	929	6
chr19_KV575252v1_alt	178197	1128	4
chr19_KV575253v1_alt	166713	979	4
chr19_KV575254v1_alt	99845	548	3
chr19_KV575255v1_alt	161095	993	4
chr19_KV575256v1_alt	223118	464	7
chr19_KV575257v1_alt	100553	412	4
chr19_KV575259v1_alt	171263	938	11
chr19_KV575260v1_alt	145691	526	4
chr19_KV575258v1_alt	156965	464	0
chr22_KN196485v1_alt	156562	2079	11
chr22_KQ458387v1_alt	155930	1739	10
chr22_KQ458388v1_alt	174749	2893	26
chr22_KN196486v1_alt	153027	2836	26
chr22_KQ759761v1_alt	145162	2647	23
chr22_KQ759762v1_fix	101037	3657	27
chrX_KV766199v1_alt	188004	295	2
chrY_KZ208923v1_fix	48370	0	0
chrY_KZ208924v1_fix	209722	0	0
chrY_KN196487v1_fix	101150	4664	25
chr1_KZ559100v1_fix	44955	303	3
chr3_KZ559104v1_fix	105527	300	4
chr3_KZ559105v1_alt	195063	3293	13
chr3_KZ559103v1_alt	302885	3260	23
chr3_KZ559102v1_alt	197752	769	5
chr3_KZ559101v1_alt	164041	251	3
chr7_KZ559106v1_alt	172555	260	4
chr8_KZ559107v1_alt	103072	1759	9
chr11_KZ559109v1_fix	279644	10708	79
chr11_KZ559108v1_fix	305244	2742	20
chr11_KZ559111v1_alt	181167	2296	14
chr11_KZ559110v1_alt	301637	3604	19
chr12_KZ559112v1_alt	154139	346	0
chr16_KZ559113v1_fix	480415	4327	35
chr17_KZ559114v1_alt	116753	394	9
chr18_KZ559116v1_alt	163186	263	1
chr18_KZ559115v1_fix	230843	648	1
chr2_ML143342v1_fix	84043	211	4
chr2_ML143341v1_fix	145975	929	8
chr3_ML143343v1_alt	215443	1466	13
chr4_ML143344v1_fix	235734	2523	23
chr4_ML143347v1_fix	176674	1405	8
chr4_ML143346v1_fix	53476	56	2
chr4_ML143348v1_fix	125549	158	0
chr4_ML143345v1_fix	341066	4435	23
chr4_ML143349v1_fix	276109	387	4
chr5_ML143350v1_fix	89956	3225	30
chr6_ML143351v1_fix	73265	88	1
chr7_ML143352v1_fix	254759	3005	17
chr9_ML143353v1_fix	25408	159	1
chr10_ML143354v1_fix	454963	3167	31
chr10_ML143355v1_fix	292944	8920	73
chr11_ML143358v1_fix	270122	10188	85
chr11_ML143360v1_fix	170928	4899	40
chr11_ML143359v1_fix	217075	7645	65
chr11_ML143357v1_fix	165419	477	4
chr11_ML143356v1_fix	45257	57	0
chr12_ML143362v1_fix	192531	11600	93
chr12_ML143361v1_fix	297568	9137	76
chr13_ML143366v1_fix	409912	2099	15
chr13_ML143363v1_fix	7309	0	0
chr13_ML143364v1_fix	158944	1298	12
chr13_ML143365v1_fix	65394	2996	31
chr14_ML143367v1_fix	399183	1335	7
chr14_ML143368v1_alt	264228	354	1
chr15_ML143372v1_fix	396515	1514	7
chr15_ML143371v1_fix	5500449	91357	680
chr15_ML143370v1_fix	369264	14197	109
chr15_ML143369v1_fix	97763	5190	34
chr16_ML143373v1_fix	270967	8717	51
chr17_ML143374v1_fix	137908	16033	127
chr17_ML143375v1_fix	56695	2715	22
chr19_ML143376v1_fix	493165	29116	261
chr21_ML143377v1_fix	519485	18864	199
chr22_ML143380v1_fix	412368	3506	21
chr22_ML143378v1_fix	461303	1648	16
chr22_ML143379v1_fix	12295	43	0
chrX_ML143385v1_fix	17435	14	0
chrX_ML143382v1_fix	28824	297	1
chrX_ML143383v1_fix	68192	81	0
chrX_ML143381v1_fix	403128	4351	30
chrX_ML143384v1_fix	14678	8	0
chr1_MU273333v1_fix	1572686	96150	696
chr1_MU273330v1_alt	516764	16383	119
chr1_MU273335v1_fix	211934	14193	105
chr1_MU273336v1_fix	250447	3332	20
chr1_MU273331v1_alt	847441	8932	52
chr1_MU273334v1_fix	210426	4775	33
chr1_MU273332v1_alt	335159	13525	72
chr2_MU273344v1_fix	244725	10040	61
chr2_MU273345v1_fix	174385	310	1
chr2_MU273343v1_fix	489404	11904	76
chr2_MU273340v1_alt	284971	6801	44
chr2_MU273337v1_alt	431782	13530	95
chr2_MU273342v1_fix	955087	23436	151
chr2_MU273339v1_alt	500581	21109	174
chr2_MU273338v1_alt	535251	7303	55
chr2_MU273341v1_fix	120381	3762	21
chr3_MU273347v1_fix	301310	4903	32
chr3_MU273348v1_fix	475876	5350	34
chr3_MU273346v1_fix	469342	5528	30
chr4_MU273351v1_fix	205691	1406	6
chr4_MU273349v1_alt	308682	3769	26
chr4_MU273350v1_fix	113364	253	1
chr5_MU273354v1_fix	2101585	20926	158
chr5_MU273353v1_fix	208405	2183	21
chr5_MU273356v1_alt	302485	3230	24
chr5_MU273355v1_fix	508332	54078	368
chr5_MU273352v1_fix	34400	392	2
chr6_MU273357v1_alt	383128	7027	44
chr7_MU273358v1_alt	464417	960	6
chr8_MU273362v1_fix	429744	2118	15
chr8_MU273359v1_fix	150302	461	2
chr8_MU273361v1_fix	106905	4414	21
chr8_MU273363v1_fix	207371	6321	48
chr8_MU273360v1_fix	39290	704	9
chr9_MU273366v1_fix	569668	3077	21
chr9_MU273364v1_fix	340717	1493	7
chr9_MU273365v1_fix	482250	13323	81
chr10_MU273367v1_fix	196262	6491	47
chr11_KQ759759v2_fix	204999	23161	176
chr11_MU273369v1_fix	434831	9406	102
chr11_MU273371v1_fix	122722	1694	14
chr11_MU273370v1_fix	344606	5527	37
chr11_MU273368v1_alt	261194	2326	17
chr12_MU273372v1_fix	104537	9496	81
chr14_MU273373v1_fix	722645	26077	176
chr15_MU273375v1_alt	204007	9696	79
chr15_MU273374v1_fix	1154574	22734	185
chr16_MU273376v1_fix	87715	12137	88
chr16_MU273377v1_fix	334997	11685	88
chr17_MU273380v1_fix	538541	11508	74
chr17_MU273378v1_alt	372839	16473	116
chr17_MU273383v1_fix	172609	5673	51
chr17_MU273379v1_fix	234878	12188	98
chr17_MU273382v1_fix	187626	11097	79
chr17_MU273381v1_fix	144689	2119	17
chr19_MU273386v1_fix	226166	7280	59
chr19_MU273387v1_alt	89211	7037	59
chr19_MU273384v1_fix	333754	38448	256
chr19_MU273385v1_fix	137818	6730	49
chr20_MU273388v1_fix	273725	2826	26
chr20_MU273389v1_fix	355731	8228	63
chr21_MU273390v1_fix	336752	6988	36
chr21_MU273391v1_fix	1020778	7636	46
chr21_MU273392v1_fix	189707	9288	76
chr22_KQ759762v2_fix	101040	3526	30
chrX_MU273397v1_alt	330493	21052	151
chrX_MU273393v1_fix	68810	1782	16
chrX_MU273394v1_fix	140567	4503	35
chrX_MU273396v1_alt	294119	895	7
chrX_MU273395v1_alt	619716	21236	126
chrY_MU273398v1_fix	865743	6	0
*	0	0	124552
