# This file was produced by samtools stats (1.21+htslib-1.21) and can be plotted using plot-bamstats
# This file contains statistics for all reads.
# The command line was:  stats post_aligned/ERR2828367_fixed_sorted.bam
# CHK, Checksum	[2]Read Names	[3]Sequences	[4]Qualities
# CHK, CRC32 of reads which passed filtering followed by addition (32bit overflow)
CHK	69fb5816	0e206a24	701f21ca
# Summary Numbers. Use `grep ^SN | cut -f 2-` to extract this part.
SN	raw total sequences:	88012454	# excluding supplementary and secondary reads
SN	filtered sequences:	0
SN	sequences:	88012454
SN	is sorted:	1
SN	1st fragments:	44006227
SN	last fragments:	44006227
SN	reads mapped:	86951002
SN	reads mapped and paired:	86081806	# paired-end technology bit set + both mates mapped
SN	reads unmapped:	1061452
SN	reads properly paired:	85102906	# proper-pair bit set
SN	reads paired:	88012454	# paired-end technology bit set
SN	reads duplicated:	0	# PCR or optical duplicate bit set
SN	reads MQ0:	9544459	# mapped and MQ=0
SN	reads QC failed:	0
SN	non-primary alignments:	0
SN	supplementary alignments:	9557
SN	total length:	6948551288	# ignores clipping
SN	total first fragment length:	3507397002	# ignores clipping
SN	total last fragment length:	3441154286	# ignores clipping
SN	bases mapped:	6936606646	# ignores clipping
SN	bases mapped (cigar):	6932942481	# more accurate
SN	bases trimmed:	0
SN	bases duplicated:	0
SN	mismatches:	12785230	# from NM fields
SN	error rate:	1.844128e-03	# mismatches / bases mapped (cigar)
SN	average length:	79
SN	average first fragment length:	80
SN	average last fragment length:	78
SN	maximum length:	81
SN	maximum first fragment length:	81
SN	maximum last fragment length:	81
SN	average quality:	38.1
SN	insert size average:	184.6
SN	insert size standard deviation:	75.8
SN	inward oriented pairs:	42088586
SN	outward oriented pairs:	692086
SN	pairs with other orientation:	10124
SN	pairs on different chromosomes:	250107
SN	percentage of properly paired reads (%):	96.7
# First Fragment Qualities. Use `grep ^FFQ | cut -f 2-` to extract this part.
# Columns correspond to qualities and rows to cycles. First column is the cycle number.
FFQ	1	0	0	0	0	0	0	0	0	0	0	0	0	0	0	0	0	0	0	0	0	0	0	0	0	0	0	0	685268	32783	0	362331	466985	0	0	1300797	532719	1522387	1056295	1918539	9621904	26506219	0
FFQ	2	0	0	0	0	0	0	0	0	0	0	0	0	0	0	52186	44710	451561	0	0	0	0	0	0	0	0	0	0	382029	33706	0	370656	462810	0	0	1159290	364631	1533287	980979	1930796	9734823	26484395	0
FFQ	3	0	0	0	0	0	0	0	0	0	0	0	0	0	0	55208	47297	468546	0	0	0	0	0	0	0	0	0	0	435362	33826	0	368091	450460	0	0	1166374	398076	1522543	977574	1885857	9736536	26435441	0
FFQ	4	0	0	0	0	0	0	0	0	0	0	0	0	0	0	56588	48231	479351	0	0	0	0	0	0	0	0	0	0	459147	32976	0	367367	452524	0	0	1179102	409698	1515542	985992	1894724	9716560	26376462	0
FFQ	5	0	0	0	0	0	0	0	0	0	0	0	0	0	0	56549	47955	480471	0	0	0	0	0	0	0	0	0	0	469143	33379	0	367007	451642	0	0	1185281	414131	1520890	991830	1908687	9724875	26312657	0
FFQ	6	0	0	0	0	0	0	0	0	0	0	0	0	0	0	59915	51393	512311	0	0	0	0	0	0	0	0	0	0	469633	33607	0	368370	450444	0	0	1186120	415667	1521397	994156	1912533	9724321	26251342	0
FFQ	7	0	0	0	0	0	0	0	0	0	0	0	0	0	0	61388	53018	526881	0	0	0	0	0	0	0	0	0	0	494620	33661	0	366726	450778	0	0	1187435	420971	1524756	992105	1916072	9744804	26164761	0
FFQ	8	0	0	0	0	0	0	0	0	0	0	0	0	0	0	59806	51622	517063	0	0	0	0	0	0	0	0	0	0	511098	33873	0	369583	453246	0	0	1201472	434348	1536154	1003759	1931897	9801954	26018024	0
FFQ	9	0	0	0	0	0	0	0	0	0	0	0	0	0	0	61023	52421	519472	0	0	0	0	0	0	0	0	0	0	503413	33723	0	368201	452679	0	0	1199705	432650	1534901	1004908	1939630	9816533	25989655	0
FFQ	10	0	0	0	0	0	0	0	0	0	0	0	0	0	0	59520	51663	513972	0	0	0	0	0	0	0	0	0	0	504279	33662	0	368443	452587	0	0	1200940	432550	1540262	1009143	1942101	9857962	25926314	0
FFQ	11	0	0	0	0	0	0	0	0	0	0	0	0	0	0	59828	51877	516836	0	0	0	0	0	0	0	0	0	0	500412	33828	0	371165	453581	0	0	1205682	430428	1544762	1009994	1953872	9877350	25868558	0
FFQ	12	0	0	0	0	0	0	0	0	0	0	0	0	0	0	61090	52766	527214	0	0	0	0	0	0	0	0	0	0	499216	34090	0	375187	452170	0	0	1200938	429023	1541624	1006395	1956746	9846689	25879909	0
FFQ	13	0	0	0	0	0	0	0	0	0	0	0	0	0	0	62128	53682	533573	0	0	0	0	0	0	0	0	0	0	514674	34578	0	376967	454997	0	0	1210749	437523	1552817	1017847	1973824	9906504	25718237	0
FFQ	14	0	0	0	0	0	0	0	0	0	0	0	0	0	0	61429	52674	528513	0	0	0	0	0	0	0	0	0	0	517790	34579	0	376795	454592	0	0	1215722	443089	1556321	1021765	1983101	9945769	25640845	0
FFQ	15	0	0	0	0	0	0	0	0	0	0	0	0	0	0	60136	52506	518486	0	0	0	0	0	0	0	0	0	0	509852	34318	0	375666	453759	0	0	1213867	444470	1556846	1023930	1982086	9977672	25614225	0
FFQ	16	0	0	0	0	0	0	0	0	0	0	0	0	0	0	60219	52807	521958	0	0	0	0	0	0	0	0	0	0	498360	34263	0	374900	453039	0	0	1210949	438511	1554293	1020573	1979251	9991036	25612378	0
FFQ	17	0	0	0	0	0	0	0	0	0	0	0	0	0	0	66095	56612	559392	0	0	0	0	0	0	0	0	0	0	516299	35312	0	381519	457553	0	0	1221014	439905	1562225	1019215	1973344	9949063	25549350	0
FFQ	18	0	0	0	0	0	0	0	0	0	0	0	0	0	0	66393	56744	563116	0	0	0	0	0	0	0	0	0	0	545907	35250	0	381668	458832	0	0	1228631	454386	1565842	1029936	1984252	9978106	25422483	0
FFQ	19	0	0	0	0	0	0	0	0	0	0	0	0	0	0	59820	52055	521465	0	0	0	0	0	0	0	0	0	0	539210	34186	0	377692	455302	0	0	1225292	460898	1565608	1036631	2000386	10003183	25424210	0
FFQ	20	0	0	0	0	0	0	0	0	0	0	0	0	0	0	62372	54265	535846	0	0	0	0	0	0	0	0	0	0	513275	35456	0	385004	461186	0	0	1230725	451177	1577217	1037519	2005011	10037599	25354041	0
FFQ	21	0	0	0	0	0	0	0	0	0	0	0	0	0	0	61917	53774	531886	0	0	0	0	0	0	0	0	0	0	516008	35619	0	386909	461741	0	0	1236653	447312	1584008	1039892	2018281	10084417	25266907	0
FFQ	22	0	0	0	0	0	0	0	0	0	0	0	0	0	0	65607	56422	557469	0	0	0	0	0	0	0	0	0	0	517632	36412	0	390550	463035	0	0	1241332	449529	1588981	1042242	2018181	10107571	25175070	0
FFQ	23	0	0	0	0	0	0	0	0	0	0	0	0	0	0	63069	55037	544455	0	0	0	0	0	0	0	0	0	0	536786	36168	0	391366	464420	0	0	1247908	457349	1598547	1048302	2024942	10124860	25101410	0
FFQ	24	0	0	0	0	0	0	0	0	0	0	0	0	0	0	63974	55501	549512	0	0	0	0	0	0	0	0	0	0	527145	36649	0	393251	464701	0	0	1250194	460040	1601915	1052690	2038942	10158316	25026422	0
FFQ	25	0	0	0	0	0	0	0	0	0	0	0	0	0	0	63405	54371	543559	0	0	0	0	0	0	0	0	0	0	525490	36126	0	394695	466515	0	0	1253366	458199	1608158	1056015	2050271	10220570	24932879	0
FFQ	26	0	0	0	0	0	0	0	0	0	0	0	0	0	0	64194	55446	552529	0	0	0	0	0	0	0	0	0	0	520407	36648	0	397709	465625	0	0	1255175	454647	1612620	1057666	2054040	10221485	24899652	0
FFQ	27	0	0	0	0	0	0	0	0	0	0	0	0	0	0	64205	55920	552491	0	0	0	0	0	0	0	0	0	0	525494	37077	0	400431	468023	0	0	1261695	461482	1620208	1062084	2064448	10256314	24801960	0
FFQ	28	0	0	0	0	0	0	0	0	0	0	0	0	0	0	65384	56502	563220	0	0	0	0	0	0	0	0	0	0	537242	37531	0	407337	476153	0	0	1283371	469590	1640044	1077297	2079986	10332937	24588825	0
FFQ	29	0	0	0	0	0	0	0	0	0	0	0	0	0	0	68366	59030	582379	0	0	0	0	0	0	0	0	0	0	552310	38564	0	417519	484722	0	0	1311639	480859	1673042	1097257	2111349	10466434	24255026	0
FFQ	30	0	0	0	0	0	0	0	0	0	0	0	0	0	0	68637	59345	586366	0	0	0	0	0	0	0	0	0	0	555046	39024	0	421840	488153	0	0	1317418	482920	1680965	1105764	2127494	10520491	24128191	0
FFQ	31	0	0	0	0	0	0	0	0	0	0	0	0	0	0	82453	71063	688359	0	0	0	0	0	0	0	0	0	0	600698	40288	0	433492	494909	0	0	1340313	501788	1699981	1122867	2146693	10543022	23798250	0
FFQ	32	0	0	0	0	0	0	0	0	0	0	0	0	0	0	70494	61055	607224	0	0	0	0	0	0	0	0	0	0	649102	39749	0	425787	488690	0	0	1338449	526567	1696357	1130805	2165586	10579463	23766952	0
FFQ	33	0	0	0	0	0	0	0	0	0	0	0	0	0	0	83602	70661	688199	0	0	0	0	0	0	0	0	0	0	637318	40228	0	432700	496685	0	0	1359305	524098	1709469	1137871	2180498	10619911	23547153	0
FFQ	34	0	0	4	0	0	0	0	0	0	0	0	0	0	0	69485	59919	599257	0	0	0	0	0	0	0	0	0	0	664761	39677	0	428549	494559	0	0	1358003	535859	1717345	1148639	2188980	10675546	23528698	0
FFQ	35	0	0	146	0	0	0	0	0	0	0	0	0	0	0	71052	61960	612303	0	0	0	0	0	0	0	0	0	0	589302	40833	0	435529	497736	0	0	1359564	523001	1726810	1151031	2200479	10710803	23510041	0
FFQ	36	0	0	330	0	0	0	0	0	0	0	0	0	0	0	72100	62512	619697	0	0	0	0	0	0	0	0	0	0	580908	40713	0	439198	496944	0	0	1353634	503358	1729392	1140004	2205417	10744339	23483513	0
FFQ	37	0	0	0	0	0	0	0	0	0	0	0	0	0	0	73484	63950	630164	0	0	0	0	0	0	0	0	0	0	589772	41208	0	444436	501157	0	0	1363434	506257	1738578	1143281	2204514	10736762	23416436	0
FFQ	38	0	0	0	0	0	0	0	0	0	0	0	0	0	0	74597	65084	637899	0	0	0	0	0	0	0	0	0	0	593495	41838	0	447454	505044	0	0	1373761	512582	1747079	1151544	2219438	10779036	23285758	0
FFQ	39	0	0	0	0	0	0	0	0	0	0	0	0	0	0	74483	64437	636671	0	0	0	0	0	0	0	0	0	0	608403	41967	0	451765	508586	0	0	1384791	517466	1760365	1158287	2231107	10824240	23152688	0
FFQ	40	0	0	1	0	0	0	0	0	0	0	0	0	0	0	72950	63130	626084	0	0	0	0	0	0	0	0	0	0	588697	41768	0	450215	502007	0	0	1377558	518714	1753736	1159619	2242645	10827526	23171266	0
FFQ	41	0	0	258	0	0	0	0	0	0	0	0	0	0	0	75668	65200	644229	0	0	0	0	0	0	0	0	0	0	588897	42683	0	455420	503628	0	0	1381026	514582	1765037	1162275	2242748	10831754	23102715	0
FFQ	42	0	0	10	0	0	0	0	0	0	0	0	0	0	0	73208	63956	631982	0	0	0	0	0	0	0	0	0	0	600745	42983	0	458551	510697	0	0	1396128	522997	1779209	1171157	2257165	10894187	22954055	0
FFQ	43	0	0	0	0	0	0	0	0	0	0	0	0	0	0	77405	67151	661208	0	0	0	0	0	0	0	0	0	0	596588	43401	0	459347	508463	0	0	1397697	522265	1778714	1173355	2259713	10906485	22885553	0
FFQ	44	0	0	497	0	0	0	0	0	0	0	0	0	0	0	75576	65743	647373	0	0	0	0	0	0	0	0	0	0	622936	43354	0	462042	513067	0	0	1405299	531085	1790398	1179879	2270465	10945390	22763960	0
FFQ	45	0	0	0	0	0	0	0	0	0	0	0	0	0	0	76091	66020	653278	0	0	0	0	0	0	0	0	0	0	606869	43851	0	466627	512570	0	0	1407622	533763	1794641	1181656	2282926	10941204	22730030	0
FFQ	46	0	0	60	0	0	0	0	0	0	0	0	0	0	0	76886	67093	666392	0	0	0	0	0	0	0	0	0	0	607245	44330	0	472494	517617	0	0	1415994	530319	1805463	1188989	2286533	10949608	22647874	0
FFQ	47	0	0	1	0	0	0	0	0	0	0	0	0	0	0	74810	65514	648721	0	0	0	0	0	0	0	0	0	0	612360	44508	0	470895	517391	0	0	1426668	537160	1814952	1199784	2303542	11023494	22517005	0
FFQ	48	0	0	115	0	0	0	0	0	0	0	0	0	0	0	88569	76264	747616	0	0	0	0	0	0	0	0	0	0	639730	45437	0	482432	524010	0	0	1445986	556265	1830948	1219161	2323017	11083615	22173317	0
FFQ	49	0	0	1	0	0	0	0	0	0	0	0	0	0	0	74485	65558	648394	0	0	0	0	0	0	0	0	0	0	670191	43916	0	465405	512395	0	0	1423268	566843	1809425	1210799	2319381	11117935	22288658	0
FFQ	50	0	0	272	0	0	0	0	0	0	0	0	0	0	0	76830	66928	658619	0	0	0	0	0	0	0	0	0	0	619165	44210	0	471377	516464	0	0	1428074	556452	1817263	1209980	2308012	11066282	22356115	0
FFQ	51	0	0	309	0	0	0	0	0	0	0	0	0	0	0	75097	65734	650308	0	0	0	0	0	0	0	0	0	0	610566	44983	0	473758	519559	0	0	1426457	539334	1827879	1204320	2314025	11092115	22331651	0
FFQ	52	0	0	2	0	0	0	0	0	0	0	0	0	0	0	76968	67100	662216	0	0	0	0	0	0	0	0	0	0	600308	45253	0	479299	519830	0	0	1431863	539908	1829309	1205117	2318974	11118192	22261493	0
FFQ	53	0	0	2	0	0	0	0	0	0	0	0	0	0	0	77794	68259	667428	0	0	0	0	0	0	0	0	0	0	608639	45700	0	483475	524193	0	0	1437365	540375	1841588	1211017	2331054	11150786	22147797	0
FFQ	54	0	0	5	0	0	0	0	0	0	0	0	0	0	0	78382	68564	677629	0	0	0	0	0	0	0	0	0	0	621191	46643	0	492041	531962	0	0	1464462	553139	1868922	1227787	2343063	11205680	21935233	0
FFQ	55	0	0	317	0	0	0	0	0	0	0	0	0	0	0	83719	72908	727889	0	0	0	0	0	0	0	0	0	0	642620	47967	0	506504	543306	0	0	1498376	564749	1901132	1251781	2372088	11287617	21592511	0
FFQ	56	0	0	259	0	0	0	0	0	0	0	0	0	0	0	81890	72041	709057	0	0	0	0	0	0	0	0	0	0	656812	48485	0	509255	542936	0	0	1504447	576549	1908121	1260840	2389624	11357655	21453377	0
FFQ	57	0	0	521	0	0	0	0	0	0	0	0	0	0	0	81583	70995	703290	0	0	0	0	0	0	0	0	0	0	642673	48544	0	510816	541362	0	0	1505898	576878	1917160	1268026	2410279	11401561	21370595	0
FFQ	58	0	0	16	0	0	0	0	0	0	0	0	0	0	0	81168	71281	702893	0	0	0	0	0	0	0	0	0	0	638091	49479	0	517146	545677	0	0	1515980	575729	1932006	1271783	2419365	11430776	21276747	0
FFQ	59	0	0	9	0	0	0	0	0	0	0	0	0	0	0	83866	73133	723527	0	0	0	0	0	0	0	0	0	0	638664	50001	0	521410	547999	0	0	1518778	575989	1936616	1276432	2430135	11471503	21158428	0
FFQ	60	0	0	0	0	0	0	0	0	0	0	0	0	0	0	84316	72784	724716	0	0	0	0	0	0	0	0	0	0	648366	50331	0	523524	546889	0	0	1521579	579153	1940633	1277996	2440329	11468002	21106528	0
FFQ	61	0	0	63	0	0	0	0	0	0	0	0	0	0	0	85471	74540	737995	0	0	0	0	0	0	0	0	0	0	657077	50576	0	524168	547733	0	0	1527157	589645	1948409	1290247	2450330	11526831	20953195	0
FFQ	62	0	0	253	0	0	0	0	0	0	0	0	0	0	0	82793	72361	715402	0	0	0	0	0	0	0	0	0	0	660765	50521	0	519615	543155	0	0	1514189	593638	1939496	1285624	2446201	11545734	20972253	0
FFQ	63	0	0	414	0	0	0	0	0	0	0	0	0	0	0	84391	73811	724882	0	0	0	0	0	0	0	0	0	0	650731	50168	0	522028	545720	0	0	1519308	590285	1945754	1286197	2442405	11517817	20966375	0
FFQ	64	0	0	211	0	0	0	0	0	0	0	0	0	0	0	84596	73912	735541	0	0	0	0	0	0	0	0	0	0	658530	51147	0	528469	551813	0	0	1530542	589696	1957911	1291214	2443419	11524482	20876916	0
FFQ	65	0	0	427	0	0	0	0	0	0	0	0	0	0	0	84605	73846	732837	0	0	0	0	0	0	0	0	0	0	665825	52037	0	532942	553701	0	0	1541990	596571	1970879	1299986	2462972	11573635	20733941	0
FFQ	66	0	0	105	0	0	0	0	0	0	0	0	0	0	0	84170	74424	732600	0	0	0	0	0	0	0	0	0	0	663245	52739	0	531449	553769	0	0	1542983	602017	1972905	1305063	2468011	11613222	20657077	0
FFQ	67	0	0	183	0	0	0	0	0	0	0	0	0	0	0	87391	76709	754199	0	0	0	0	0	0	0	0	0	0	665470	53245	0	541245	560011	0	0	1553841	603638	1991796	1310178	2476024	11618883	20538602	0
FFQ	68	0	0	0	0	0	0	0	0	0	0	0	0	0	0	84463	74460	735095	0	0	0	0	0	0	0	0	0	0	671191	53045	0	539843	558722	0	0	1556888	606384	1992948	1312678	2479541	11634314	20509003	0
FFQ	69	0	0	0	0	0	0	0	0	0	0	0	0	0	0	87176	76922	756241	0	0	0	0	0	0	0	0	0	0	663860	53966	0	549942	563647	0	0	1569660	610523	2007773	1321827	2497029	11672646	20354484	0
FFQ	70	0	0	1	0	0	0	0	0	0	0	0	0	0	0	89139	78288	775635	0	0	0	0	0	0	0	0	0	0	678476	55371	0	557137	570772	0	0	1586558	617012	2026556	1331510	2506579	11703835	20184984	0
FFQ	71	0	0	2	0	0	0	0	0	0	0	0	0	0	0	86913	76855	760244	0	0	0	0	0	0	0	0	0	0	685667	55428	0	558857	571498	0	0	1591628	623525	2037361	1342965	2525491	11750475	20071049	0
FFQ	72	0	0	146	0	0	0	0	0	0	0	0	0	0	0	87024	77956	768932	0	0	0	0	0	0	0	0	0	0	679971	56597	0	565760	576512	0	0	1605470	628005	2053131	1352547	2534233	11812850	19915083	0
FFQ	73	0	0	1	0	0	0	0	0	0	0	0	0	0	0	88539	78460	779127	0	0	0	0	0	0	0	0	0	0	676560	56614	0	568667	578398	0	0	1608349	631273	2059743	1358735	2543902	11852160	19809431	0
FFQ	74	0	0	0	0	0	0	0	0	0	0	0	0	0	0	88745	79023	784515	0	0	0	0	0	0	0	0	0	0	689146	57541	0	571534	580954	0	0	1619010	635643	2073802	1366223	2557628	11883262	19677703	0
FFQ	75	0	0	0	0	0	0	0	0	0	0	0	0	0	0	88133	79417	783929	0	0	0	0	0	0	0	0	0	0	691613	58691	0	577792	583443	0	0	1627519	643226	2077881	1370651	2561802	11893253	19600943	0
FFQ	76	0	0	0	0	0	0	0	0	0	0	0	0	0	0	85966	79003	789192	0	0	0	0	0	0	0	0	0	0	690176	59568	0	585504	589485	0	0	1644441	648733	2102981	1387911	2582957	11940238	19423479	0
FFQ	77	0	0	1	0	0	0	0	0	0	0	0	0	0	0	87096	81838	819120	0	0	0	0	0	0	0	0	0	0	696390	60608	0	596553	598819	0	0	1670682	660439	2131250	1404965	2596309	12023728	19149409	0
FFQ	78	0	0	404	0	0	0	0	0	0	0	0	0	0	0	83999	82308	829778	0	0	0	0	0	0	0	0	0	0	708567	61266	0	603230	602130	0	0	1684369	669576	2144932	1417999	2619194	12080794	18947606	0
FFQ	79	0	0	0	0	0	0	0	0	0	0	0	0	0	0	72569	79914	815676	0	0	0	0	0	0	0	0	0	0	737090	62853	0	616659	614922	0	0	1720346	689569	2180578	1438489	2627164	12142305	18653446	0
FFQ	80	0	0	0	0	0	0	0	0	0	0	0	0	0	0	43228	63558	641925	0	0	0	0	0	0	0	0	0	0	698249	60648	0	603117	601913	0	0	1692488	686375	2156805	1434192	2642754	12178329	18667564	0
FFQ	81	0	0	0	0	0	0	0	0	0	0	0	0	0	0	0	0	0	0	0	0	0	0	0	0	0	0	0	1132844	92976	0	933080	969001	0	0	2513079	981714	3101737	1944211	3070379	13099565	12458864	0
# Last Fragment Qualities. Use `grep ^LFQ | cut -f 2-` to extract this part.
# Columns correspond to qualities and rows to cycles. First column is the cycle number.
LFQ	1	0	0	0	0	0	0	0	0	0	0	0	0	0	0	0	0	0	0	0	0	0	0	0	0	0	0	0	1199235	40150	0	441615	561569	0	0	1606069	729873	1707276	1236502	2117734	10095586	24270618	0
LFQ	2	0	0	0	0	0	0	0	0	0	0	0	0	0	0	89333	79067	816562	0	0	0	0	0	0	0	0	0	0	592683	43034	0	468637	565385	0	0	1426049	472044	1734408	1138499	2140453	10190369	24158388	0
LFQ	3	0	0	0	0	0	0	0	0	0	0	0	0	0	0	91919	81561	812404	0	0	0	0	0	0	0	0	0	0	724238	42981	0	461986	540900	0	0	1428842	533449	1709343	1134074	2098578	10205913	24029040	0
LFQ	4	0	0	0	0	0	0	0	0	0	0	0	0	0	0	95601	84400	858155	0	0	0	0	0	0	0	0	0	0	768175	42188	0	467206	547199	0	0	1454473	555607	1726363	1159036	2117018	10236525	23756845	0
LFQ	5	0	0	0	0	0	0	0	0	0	0	0	0	0	0	95303	84464	851984	0	0	0	0	0	0	0	0	0	0	809824	42627	0	462741	552749	0	0	1481573	573444	1740875	1179327	2140649	10328946	23490971	0
LFQ	6	0	0	0	0	0	0	0	0	0	0	0	0	0	0	96255	85068	846458	0	0	0	0	0	0	0	0	0	0	812443	43543	0	467000	548620	0	0	1482729	574922	1741486	1178465	2156609	10335651	23425696	0
LFQ	7	0	0	0	0	0	0	0	0	0	0	0	0	0	0	90626	80863	813813	0	0	0	0	0	0	0	0	0	0	789876	42302	0	459044	542520	0	0	1467562	572467	1729397	1174886	2164856	10314076	23510088	0
LFQ	8	0	0	0	0	0	0	0	0	0	0	0	0	0	0	102272	89836	886225	0	0	0	0	0	0	0	0	0	0	791275	44833	0	481168	552440	0	0	1482812	564940	1747766	1172635	2168394	10259988	23367588	0
LFQ	9	0	0	2	0	0	0	0	0	0	0	0	0	0	0	92392	81853	823428	0	0	0	0	0	0	0	0	0	0	809801	43179	0	467329	545336	0	0	1475509	580522	1739282	1177688	2188974	10302660	23345918	0
LFQ	10	0	0	8	0	0	0	0	0	0	0	0	0	0	0	96045	85379	846548	0	0	0	0	0	0	0	0	0	0	786713	44549	0	480097	551197	0	0	1485379	571405	1757104	1182183	2186033	10325189	23237886	0
LFQ	11	0	0	65	0	0	0	0	0	0	0	0	0	0	0	92349	83128	823503	0	0	0	0	0	0	0	0	0	0	784588	43647	0	473315	549174	0	0	1486733	574414	1761351	1191192	2200020	10405057	23130217	0
LFQ	12	0	0	2885	0	0	0	0	0	0	0	0	0	0	0	90784	81316	813904	0	0	0	0	0	0	0	0	0	0	778022	43793	0	471453	546558	0	0	1488743	575049	1757237	1191108	2211809	10463835	23045610	0
LFQ	13	0	0	0	0	0	0	0	0	0	0	0	0	0	0	88425	79924	801255	0	0	0	0	0	0	0	0	0	0	767495	44018	0	472342	549164	0	0	1485298	573871	1767538	1194988	2210966	10498881	22991222	0
LFQ	14	0	0	0	0	0	0	0	0	0	0	0	0	0	0	88105	78960	795971	0	0	0	0	0	0	0	0	0	0	748954	44249	0	475589	544226	0	0	1475432	562648	1764436	1185231	2222092	10461935	23041616	0
LFQ	15	0	0	0	0	0	0	0	0	0	0	0	0	0	0	90842	81123	818113	0	0	0	0	0	0	0	0	0	0	749186	45753	0	483886	548744	0	0	1489552	565592	1775819	1187746	2232936	10460392	22924250	0
LFQ	16	0	0	0	0	0	0	0	0	0	0	0	0	0	0	88841	79271	791575	0	0	0	0	0	0	0	0	0	0	750598	44532	0	475226	545796	0	0	1476584	564862	1770181	1188100	2215296	10477345	22951401	0
LFQ	17	0	0	0	0	0	0	0	0	0	0	0	0	0	0	91254	81316	809772	0	0	0	0	0	0	0	0	0	0	741350	45549	0	483520	549620	0	0	1486442	563298	1787017	1191037	2231267	10512999	22810061	0
LFQ	18	0	0	0	0	0	0	0	0	0	0	0	0	0	0	95869	84851	833792	0	0	0	0	0	0	0	0	0	0	756092	46162	0	492558	551023	0	0	1495724	566344	1796502	1198302	2235720	10527000	22670045	0
LFQ	19	0	0	0	0	0	0	0	0	0	0	0	0	0	0	92076	81038	819337	0	0	0	0	0	0	0	0	0	0	770640	45350	0	489601	554728	0	0	1505562	579058	1800091	1207578	2239967	10574888	22556066	0
LFQ	20	0	0	0	0	0	0	0	0	0	0	0	0	0	0	91418	81902	820525	0	0	0	0	0	0	0	0	0	0	770116	45444	0	492638	557954	0	0	1517393	585972	1811033	1219551	2264057	10636502	22387032	0
LFQ	21	0	0	0	0	0	0	0	0	0	0	0	0	0	0	89544	80813	804261	0	0	0	0	0	0	0	0	0	0	755167	46329	0	486298	551988	0	0	1506785	580231	1809167	1217798	2266853	10681567	22370972	0
LFQ	22	0	0	1	0	0	0	0	0	0	0	0	0	0	0	91034	81851	818741	0	0	0	0	0	0	0	0	0	0	749085	46655	0	495698	554429	0	0	1511732	578794	1816812	1219991	2289789	10699656	22259073	0
LFQ	23	0	0	6	0	0	0	0	0	0	0	0	0	0	0	94522	84833	839521	0	0	0	0	0	0	0	0	0	0	757718	49167	0	524383	568346	0	0	1555229	588666	1890515	1253517	2406619	10966728	21599121	0
LFQ	24	0	0	240	0	0	0	0	0	0	0	0	0	0	0	95893	86188	848731	0	0	0	0	0	0	0	0	0	0	757749	49722	0	525242	572164	0	0	1570784	599826	1913945	1277893	2427504	11180377	21236246	0
LFQ	25	0	0	255	0	0	0	0	0	0	0	0	0	0	0	94340	84950	840732	0	0	0	0	0	0	0	0	0	0	768059	49555	0	526132	574190	0	0	1576690	602642	1928298	1282213	2431337	11263872	21084284	0
LFQ	26	0	0	1870	0	0	0	0	0	0	0	0	0	0	0	96687	87092	855865	0	0	0	0	0	0	0	0	0	0	764563	49637	0	527409	573707	0	0	1580117	605593	1932046	1291689	2440872	11365262	20899896	0
LFQ	27	0	0	386	0	0	0	0	0	0	0	0	0	0	0	104372	92840	915254	0	0	0	0	0	0	0	0	0	0	816948	51546	0	546781	592399	0	0	1622121	623673	1975816	1316454	2446619	11419785	20511881	0
LFQ	28	0	0	0	0	0	0	0	0	0	0	0	0	0	0	100284	89827	885805	0	0	0	0	0	0	0	0	0	0	841630	51534	0	548018	594994	0	0	1651246	650506	2000319	1341580	2474368	11544691	20226882	0
LFQ	29	0	0	1	0	0	0	0	0	0	0	0	0	0	0	98289	88845	871461	0	0	0	0	0	0	0	0	0	0	803596	51641	0	545110	590905	0	0	1641762	641263	1996943	1344810	2484168	11589435	20218599	0
LFQ	30	0	0	1	0	0	0	0	0	0	0	0	0	0	0	99687	89761	881704	0	0	0	0	0	0	0	0	0	0	799822	52076	0	552049	595229	0	0	1648247	632133	2012441	1343274	2486842	11618795	20119884	0
LFQ	31	0	0	44	0	0	0	0	0	0	0	0	0	0	0	97375	87408	860568	0	0	0	0	0	0	0	0	0	0	790321	52048	0	548856	592381	0	0	1640725	633028	2007254	1343030	2494610	11657776	20089352	0
LFQ	32	0	0	491	0	0	0	0	0	0	0	0	0	0	0	98244	87874	866930	0	0	0	0	0	0	0	0	0	0	783136	51869	0	549042	591241	0	0	1634297	626942	2006716	1337981	2487598	11631310	20101822	0
LFQ	33	0	0	511	0	0	0	0	0	0	0	0	0	0	0	96176	86283	855475	0	0	0	0	0	0	0	0	0	0	781452	51795	0	548424	585860	0	0	1628348	628630	1999708	1337053	2489441	11633042	20094948	0
LFQ	34	0	0	213	0	0	0	0	0	0	0	0	0	0	0	98642	88753	871869	0	0	0	0	0	0	0	0	0	0	794128	52594	0	556512	596318	0	0	1649717	636190	2019521	1345623	2489799	11634377	19943053	0
LFQ	35	0	0	146	0	0	0	0	0	0	0	0	0	0	0	101846	92106	904447	0	0	0	0	0	0	0	0	0	0	795155	53062	0	562886	599709	0	0	1658746	635936	2029391	1351677	2503468	11625205	19825904	0
LFQ	36	0	0	233	0	0	0	0	0	0	0	0	0	0	0	100960	90982	895025	0	0	0	0	0	0	0	0	0	0	817516	53201	0	564934	600562	0	0	1672715	647701	2039697	1363388	2516900	11682726	19654871	0
LFQ	37	0	0	803	0	0	0	0	0	0	0	0	0	0	0	104611	94259	922442	0	0	0	0	0	0	0	0	0	0	818310	54215	0	572670	607296	0	0	1678594	651127	2049783	1367865	2525541	11669578	19546704	0
LFQ	38	0	0	470	0	0	0	0	0	0	0	0	0	0	0	100872	91544	898187	0	0	0	0	0	0	0	0	0	0	829857	54265	0	572187	606132	0	0	1688194	660000	2057902	1378366	2539930	11723688	19425347	0
LFQ	39	0	0	813	0	0	0	0	0	0	0	0	0	0	0	102900	91793	904343	0	0	0	0	0	0	0	0	0	0	809976	54161	0	570923	603959	0	0	1685523	657646	2056840	1376660	2539892	11733271	19401790	0
LFQ	40	0	0	99	0	0	0	0	0	0	0	0	0	0	0	103312	92298	906873	0	0	0	0	0	0	0	0	0	0	823046	54123	0	577610	608228	0	0	1692836	653759	2069173	1378302	2543417	11743296	19308598	0
LFQ	41	0	0	357	0	0	0	0	0	0	0	0	0	0	0	102343	92158	906173	0	0	0	0	0	0	0	0	0	0	819851	55361	0	583904	610398	0	0	1701671	660722	2082649	1386511	2550252	11741320	19224693	0
LFQ	42	0	0	15	0	0	0	0	0	0	0	0	0	0	0	102173	91671	899805	0	0	0	0	0	0	0	0	0	0	812834	55675	0	584250	610893	0	0	1706887	661724	2088578	1393575	2566833	11786974	19120711	0
LFQ	43	0	0	274	0	0	0	0	0	0	0	0	0	0	0	102856	91706	902311	0	0	0	0	0	0	0	0	0	0	800007	55627	0	585012	608897	0	0	1706559	657059	2088238	1392078	2564570	11820191	19071552	0
LFQ	44	0	0	6	0	0	0	0	0	0	0	0	0	0	0	104329	93614	918870	0	0	0	0	0	0	0	0	0	0	812210	57187	0	594778	617314	0	0	1719792	663572	2107015	1400774	2575550	11820886	18925620	0
LFQ	45	0	0	157	0	0	0	0	0	0	0	0	0	0	0	103126	92594	910514	0	0	0	0	0	0	0	0	0	0	816579	56156	0	591555	616499	0	0	1726047	667433	2109332	1406563	2580412	11840022	18859854	0
LFQ	46	0	0	10	0	0	0	0	0	0	0	0	0	0	0	104809	93767	923131	0	0	0	0	0	0	0	0	0	0	814541	57508	0	600716	621368	0	0	1730921	667488	2122945	1411701	2591526	11853159	18748032	0
LFQ	47	0	0	102	0	0	0	0	0	0	0	0	0	0	0	105876	94642	927845	0	0	0	0	0	0	0	0	0	0	819150	57675	0	603748	621356	0	0	1735504	672911	2128494	1416611	2599101	11874876	18648449	0
LFQ	48	0	0	0	0	0	0	0	0	0	0	0	0	0	0	104621	94220	919186	0	0	0	0	0	0	0	0	0	0	820358	58424	0	604951	619524	0	0	1736951	675225	2133347	1419252	2611200	11900001	18573919	0
LFQ	49	0	0	90	0	0	0	0	0	0	0	0	0	0	0	106974	95082	937326	0	0	0	0	0	0	0	0	0	0	823745	58582	0	609109	623710	0	0	1748764	677728	2145245	1425093	2610380	11898671	18475440	0
LFQ	50	0	0	0	0	0	0	0	0	0	0	0	0	0	0	108233	96746	945816	0	0	0	0	0	0	0	0	0	0	837232	59229	0	614367	624481	0	0	1754819	683512	2153907	1428970	2622228	11916277	18355275	0
LFQ	51	0	0	5	0	0	0	0	0	0	0	0	0	0	0	108034	96483	938280	0	0	0	0	0	0	0	0	0	0	842015	59573	0	614636	625761	0	0	1761528	692444	2158739	1439044	2629946	11943524	18256194	0
LFQ	52	0	0	0	0	0	0	0	0	0	0	0	0	0	0	107791	95874	940216	0	0	0	0	0	0	0	0	0	0	838515	60502	0	620800	629827	0	0	1768019	692236	2170411	1445264	2639095	11953836	18168788	0
LFQ	53	0	0	1	0	0	0	0	0	0	0	0	0	0	0	106288	94803	929611	0	0	0	0	0	0	0	0	0	0	830374	59885	0	622619	629105	0	0	1773960	695444	2178500	1448321	2647657	11994002	18085951	0
LFQ	54	0	0	0	0	0	0	0	0	0	0	0	0	0	0	106654	95586	938152	0	0	0	0	0	0	0	0	0	0	821713	61166	0	626638	632904	0	0	1783185	694017	2187791	1453348	2650372	12015546	17994509	0
LFQ	55	0	0	0	0	0	0	0	0	0	0	0	0	0	0	108009	96048	939992	0	0	0	0	0	0	0	0	0	0	822772	60919	0	629432	634804	0	0	1785246	694959	2196817	1456229	2658105	12031493	17911841	0
LFQ	56	0	0	0	0	0	0	0	0	0	0	0	0	0	0	109114	97547	950429	0	0	0	0	0	0	0	0	0	0	826105	61768	0	638045	637413	0	0	1797522	700723	2209326	1464823	2668684	12072069	17757982	0
LFQ	57	0	0	0	0	0	0	0	0	0	0	0	0	0	0	110687	98280	960929	0	0	0	0	0	0	0	0	0	0	834284	62882	0	639733	640664	0	0	1805664	707442	2220364	1471334	2673505	12075102	17655626	0
LFQ	58	0	0	0	0	0	0	0	0	0	0	0	0	0	0	110389	98753	957410	0	0	0	0	0	0	0	0	0	0	830858	62157	0	638899	635888	0	0	1801555	708797	2214456	1476169	2677154	12106163	17603412	0
LFQ	59	0	0	0	0	0	0	0	0	0	0	0	0	0	0	110791	98553	958531	0	0	0	0	0	0	0	0	0	0	837391	62603	0	638612	635264	0	0	1796550	709228	2215437	1474313	2679439	12106823	17563566	0
LFQ	60	0	0	0	0	0	0	0	0	0	0	0	0	0	0	109960	97826	952278	0	0	0	0	0	0	0	0	0	0	839921	63211	0	640105	639480	0	0	1809090	718446	2230428	1481469	2683798	12113022	17472711	0
LFQ	61	0	0	0	0	0	0	0	0	0	0	0	0	0	0	110515	97740	954019	0	0	0	0	0	0	0	0	0	0	836931	62942	0	642605	640127	0	0	1814604	716483	2234367	1484397	2689947	12141169	17391144	0
LFQ	62	0	0	0	0	0	0	0	0	0	0	0	0	0	0	110679	98762	959906	0	0	0	0	0	0	0	0	0	0	833511	63915	0	647827	643841	0	0	1815290	715420	2241373	1487017	2686254	12154238	17324792	0
LFQ	63	0	0	0	0	0	0	0	0	0	0	0	0	0	0	113079	101354	976812	0	0	0	0	0	0	0	0	0	0	841903	64590	0	653293	643313	0	0	1822950	722403	2249938	1493513	2695684	12172490	17197091	0
LFQ	64	0	0	0	0	0	0	0	0	0	0	0	0	0	0	110753	99337	962869	0	0	0	0	0	0	0	0	0	0	853164	64937	0	651844	648214	0	0	1828260	729098	2260704	1498675	2704073	12195799	17106297	0
LFQ	65	0	0	0	0	0	0	0	0	0	0	0	0	0	0	109219	97419	949120	0	0	0	0	0	0	0	0	0	0	837280	65113	0	655767	647644	0	0	1830221	729369	2266779	1502954	2708997	12228670	17051109	0
LFQ	66	0	0	0	0	0	0	0	0	0	0	0	0	0	0	109107	97787	947382	0	0	0	0	0	0	0	0	0	0	820615	66113	0	658344	647634	0	0	1833275	727071	2276875	1506172	2720341	12258320	16976451	0
LFQ	67	0	0	0	0	0	0	0	0	0	0	0	0	0	0	114813	102269	993144	0	0	0	0	0	0	0	0	0	0	826296	67293	0	668799	653441	0	0	1841651	724765	2288281	1507863	2716063	12247822	16858176	0
LFQ	68	0	0	0	0	0	0	0	0	0	0	0	0	0	0	111046	99975	970027	0	0	0	0	0	0	0	0	0	0	847057	66851	0	665459	649828	0	0	1839769	736679	2285793	1512030	2725487	12272596	16793830	0
LFQ	69	0	0	17	0	0	0	0	0	0	0	0	0	0	0	111785	99929	969142	0	0	0	0	0	0	0	0	0	0	842833	67506	0	665567	653359	0	0	1853267	744942	2294888	1521805	2727864	12285716	16702639	0
LFQ	70	0	0	0	0	0	0	0	0	0	0	0	0	0	0	110711	99154	968446	0	0	0	0	0	0	0	0	0	0	838348	67636	0	670253	654743	0	0	1852296	742300	2299972	1525700	2732067	12306545	16637794	0
LFQ	71	0	0	0	0	0	0	0	0	0	0	0	0	0	0	111274	100048	973557	0	0	0	0	0	0	0	0	0	0	835683	68456	0	674808	657392	0	0	1856324	744259	2309173	1527266	2731867	12310303	16569735	0
LFQ	72	0	0	0	0	0	0	0	0	0	0	0	0	0	0	110626	99587	969646	0	0	0	0	0	0	0	0	0	0	833308	69530	0	679433	658146	0	0	1864865	746019	2319238	1529536	2737806	12308519	16507609	0
LFQ	73	0	0	3	0	0	0	0	0	0	0	0	0	0	0	115329	104308	1015318	0	0	0	0	0	0	0	0	0	0	865741	71715	0	700957	680039	0	0	1917920	769046	2371039	1565640	2756697	12370484	16092114	0
LFQ	74	0	0	96	0	0	0	0	0	0	0	0	0	0	0	110911	101194	986609	0	0	0	0	0	0	0	0	0	0	837593	70904	0	687811	666055	0	0	1888354	762835	2351586	1558993	2777745	12450476	16106769	0
LFQ	75	0	0	18	0	0	0	0	0	0	0	0	0	0	0	109989	101299	985644	0	0	0	0	0	0	0	0	0	0	839401	71521	0	691535	667372	0	0	1888482	760422	2351856	1551419	2759746	12411405	16126978	0
LFQ	76	0	0	64	0	0	0	0	0	0	0	0	0	0	0	109022	102100	1006741	0	0	0	0	0	0	0	0	0	0	840746	72495	0	700431	673907	0	0	1899226	767909	2364470	1560283	2766732	12394960	16015434	0
LFQ	77	0	0	0	0	0	0	0	0	0	0	0	0	0	0	109157	105328	1031637	0	0	0	0	0	0	0	0	0	0	854954	74030	0	710335	680439	0	0	1917670	775378	2383289	1571689	2779059	12393198	15839576	0
LFQ	78	0	0	0	0	0	0	0	0	0	0	0	0	0	0	101191	104836	1029505	0	0	0	0	0	0	0	0	0	0	866730	74399	0	710084	680614	0	0	1924654	786697	2386698	1577375	2780298	12401918	15739103	0
LFQ	79	0	0	0	0	0	0	0	0	0	0	0	0	0	0	85087	100237	989052	0	0	0	0	0	0	0	0	0	0	875555	74880	0	719774	687615	0	0	1946880	799687	2406725	1591477	2795310	12420313	15545429	0
LFQ	80	0	0	0	0	0	0	0	0	0	0	0	0	0	0	49388	81908	807052	0	0	0	0	0	0	0	0	0	0	884394	75775	0	731535	702356	0	0	1978516	820862	2441277	1612757	2805167	12458720	15175408	0
LFQ	81	0	0	0	0	0	0	0	0	0	0	0	0	0	0	0	0	0	0	0	0	0	0	0	0	0	0	0	1650570	121337	0	1173024	1239814	0	0	3117818	1235813	3479670	2211470	3071560	12177077	8475335	0
# GC Content of first fragments. Use `grep ^GCF | cut -f 2-` to extract this part.
GCF	0.50	17826
GCF	1.26	17820
GCF	1.76	17823
GCF	2.26	17813
GCF	2.76	17825
GCF	3.27	17856
GCF	3.77	17960
GCF	4.27	18020
GCF	4.77	18196
GCF	5.28	18287
GCF	5.78	18432
GCF	6.28	18505
GCF	6.78	18564
GCF	7.29	18720
GCF	7.79	18889
GCF	8.29	18989
GCF	8.79	19162
GCF	9.30	19434
GCF	9.80	19749
GCF	10.30	19901
GCF	10.80	19975
GCF	11.31	20534
GCF	11.81	20752
GCF	12.31	21562
GCF	12.81	21768
GCF	13.32	22093
GCF	13.82	22831
GCF	14.32	23503
GCF	14.82	24804
GCF	15.33	25303
GCF	15.83	27502
GCF	16.33	27901
GCF	16.83	29306
GCF	17.34	33673
GCF	17.84	34327
GCF	18.34	41594
GCF	18.84	42724
GCF	19.35	43397
GCF	19.85	57264
GCF	20.35	57835
GCF	20.85	76420
GCF	21.36	78500
GCF	21.86	79259
GCF	22.36	106682
GCF	22.86	108226
GCF	23.37	145238
GCF	23.87	148218
GCF	24.37	149449
GCF	24.87	200149
GCF	25.38	201045
GCF	25.88	259052
GCF	26.38	263523
GCF	26.88	264787
GCF	27.39	334567
GCF	27.89	336154
GCF	28.39	413535
GCF	28.89	418228
GCF	29.40	502053
GCF	29.90	507655
GCF	30.40	509649
GCF	30.90	603624
GCF	31.41	609764
GCF	31.91	709421
GCF	32.41	714551
GCF	32.91	715627
GCF	33.42	822836
GCF	33.92	827751
GCF	34.42	935707
GCF	34.92	941526
GCF	35.43	943354
GCF	35.93	1052436
GCF	36.43	1058883
GCF	36.93	1159010
GCF	37.44	1166270
GCF	37.94	1168035
GCF	38.44	1263622
GCF	38.94	1268298
GCF	39.45	1347112
GCF	39.95	1354265
GCF	40.45	1355394
GCF	40.95	1414857
GCF	41.46	1418959
GCF	41.96	1471440
GCF	42.46	1473911
GCF	42.96	1509798
GCF	43.47	1509909
GCF	43.97	1512771
GCF	44.47	1542569
GCF	44.97	1544427
GCF	45.48	1561292
GCF	45.98	1562605
GCF	46.48	1564095
GCF	46.98	1570531
GCF	47.49	1572086
GCF	47.99	1577976
GCF	48.49	1578449
GCF	48.99	1579152
GCF	49.50	1593950
GCF	50.00	1604676
GCF	50.50	1620840
GCF	51.01	1622577
GCF	51.51	1623229
GCF	52.01	1647249
GCF	52.51	1649991
GCF	53.02	1675027
GCF	53.52	1677661
GCF	54.02	1678812
GCF	54.52	1701010
GCF	55.03	1703674
GCF	55.53	1726802
GCF	56.03	1729263
GCF	56.53	1730015
GCF	57.04	1728845
GCF	57.54	1728891
GCF	58.04	1710042
GCF	58.54	1709553
GCF	59.05	1657948
GCF	59.55	1657190
GCF	60.05	1654064
GCF	60.55	1580849
GCF	61.06	1577004
GCF	61.56	1483611
GCF	62.06	1482002
GCF	62.56	1476010
GCF	63.07	1358848
GCF	63.57	1351703
GCF	64.07	1217937
GCF	64.57	1215475
GCF	65.08	1207076
GCF	65.58	1068335
GCF	66.08	1059955
GCF	66.58	911434
GCF	67.09	908853
GCF	67.59	900339
GCF	68.09	760312
GCF	68.59	749397
GCF	69.10	616887
GCF	69.60	613863
GCF	70.10	605318
GCF	70.60	493190
GCF	71.11	485678
GCF	71.61	389226
GCF	72.11	386277
GCF	72.61	305737
GCF	73.12	302926
GCF	73.62	297312
GCF	74.12	239233
GCF	74.62	238034
GCF	75.13	189087
GCF	75.63	187812
GCF	76.13	183990
GCF	76.63	151323
GCF	77.14	148716
GCF	77.64	121956
GCF	78.14	120991
GCF	78.64	118347
GCF	79.15	100681
GCF	79.65	99956
GCF	80.15	82078
GCF	80.65	81392
GCF	81.16	79455
GCF	81.66	69501
GCF	82.16	68581
GCF	82.66	60515
GCF	83.17	57450
GCF	83.67	56797
GCF	84.17	50964
GCF	84.67	49929
GCF	85.18	44769
GCF	85.68	42399
GCF	86.18	39395
GCF	86.68	38842
GCF	87.19	38554
GCF	87.69	34903
GCF	88.19	34506
GCF	88.69	32051
GCF	89.20	31956
GCF	89.70	31672
GCF	90.20	30053
GCF	90.70	29216
GCF	91.21	28893
GCF	91.71	28438
GCF	92.21	28017
GCF	92.71	27687
GCF	93.22	27414
GCF	93.72	27152
GCF	94.22	26921
GCF	94.72	26844
GCF	95.23	26701
GCF	95.73	26650
GCF	96.23	26591
GCF	96.73	26568
GCF	97.24	26553
GCF	97.74	26547
GCF	98.99	26544
# GC Content of last fragments. Use `grep ^GCL | cut -f 2-` to extract this part.
GCL	0.50	63574
GCL	1.26	63563
GCL	1.76	63562
GCL	2.26	63565
GCL	2.76	63555
GCL	3.27	63615
GCL	3.77	63680
GCL	4.27	63730
GCL	4.77	63846
GCL	5.28	63884
GCL	5.78	64034
GCL	6.28	64154
GCL	6.78	64253
GCL	7.29	64525
GCL	7.79	64808
GCL	8.29	65134
GCL	8.79	65288
GCL	9.30	65835
GCL	9.80	66585
GCL	10.30	66920
GCL	10.80	67046
GCL	11.31	68264
GCL	11.81	68596
GCL	12.31	70590
GCL	12.81	70945
GCL	13.32	71526
GCL	13.82	72549
GCL	14.32	75121
GCL	14.82	76837
GCL	15.33	77724
GCL	15.83	80523
GCL	16.33	81155
GCL	16.83	85582
GCL	17.34	90742
GCL	17.84	91854
GCL	18.34	100384
GCL	18.84	102546
GCL	19.35	103551
GCL	19.85	122375
GCL	20.35	123250
GCL	20.85	141896
GCL	21.36	145170
GCL	21.86	146659
GCL	22.36	176752
GCL	22.86	179645
GCL	23.37	214838
GCL	23.87	219591
GCL	24.37	221407
GCL	24.87	279749
GCL	25.38	281197
GCL	25.88	337626
GCL	26.38	344586
GCL	26.88	347647
GCL	27.39	417977
GCL	27.89	421232
GCL	28.39	501359
GCL	28.89	508070
GCL	29.40	592433
GCL	29.90	601729
GCL	30.40	604749
GCL	30.90	694250
GCL	31.41	703782
GCL	31.91	801281
GCL	32.41	808726
GCL	32.91	810367
GCL	33.42	926187
GCL	33.92	933190
GCL	34.42	1038108
GCL	34.92	1046920
GCL	35.43	1050565
GCL	35.93	1156688
GCL	36.43	1166615
GCL	36.93	1262032
GCL	37.44	1272812
GCL	37.94	1275951
GCL	38.44	1365251
GCL	38.94	1373246
GCL	39.45	1445792
GCL	39.95	1459841
GCL	40.45	1462425
GCL	40.95	1521810
GCL	41.46	1529160
GCL	41.96	1572469
GCL	42.46	1576706
GCL	42.96	1613900
GCL	43.47	1615539
GCL	43.97	1619506
GCL	44.47	1644165
GCL	44.97	1648284
GCL	45.48	1660921
GCL	45.98	1664101
GCL	46.48	1667582
GCL	46.98	1675002
GCL	47.49	1678963
GCL	47.99	1679698
GCL	48.49	1681639
GCL	48.99	1684015
GCL	49.50	1691785
GCL	50.00	1718943
GCL	50.50	1734952
GCL	51.01	1738377
GCL	51.51	1740286
GCL	52.01	1758718
GCL	52.51	1763335
GCL	53.02	1785358
GCL	53.52	1791007
GCL	54.02	1793321
GCL	54.52	1812778
GCL	55.03	1817365
GCL	55.53	1841256
GCL	56.03	1844727
GCL	56.53	1846041
GCL	57.04	1845090
GCL	57.54	1846234
GCL	58.04	1826947
GCL	58.54	1827407
GCL	59.05	1782161
GCL	59.55	1780705
GCL	60.05	1777485
GCL	60.55	1709989
GCL	61.06	1703861
GCL	61.56	1615708
GCL	62.06	1612303
GCL	62.56	1603318
GCL	63.07	1494127
GCL	63.57	1482218
GCL	64.07	1358352
GCL	64.57	1353271
GCL	65.08	1340734
GCL	65.58	1211033
GCL	66.08	1198076
GCL	66.58	1056512
GCL	67.09	1053146
GCL	67.59	1039196
GCL	68.09	905911
GCL	68.59	889228
GCL	69.10	764483
GCL	69.60	758427
GCL	70.10	742927
GCL	70.60	633025
GCL	71.11	621503
GCL	71.61	525618
GCL	72.11	519697
GCL	72.61	439016
GCL	73.12	433615
GCL	73.62	424037
GCL	74.12	366894
GCL	74.62	364876
GCL	75.13	308872
GCL	75.63	306289
GCL	76.13	299399
GCL	76.63	267192
GCL	77.14	262378
GCL	77.64	232168
GCL	78.14	229825
GCL	78.64	224780
GCL	79.15	206133
GCL	79.65	205027
GCL	80.15	180731
GCL	80.65	179404
GCL	81.16	175920
GCL	81.66	164265
GCL	82.16	162430
GCL	82.66	153757
GCL	83.17	145079
GCL	83.67	143893
GCL	84.17	137625
GCL	84.67	135554
GCL	85.18	129890
GCL	85.68	123616
GCL	86.18	120076
GCL	86.68	118975
GCL	87.19	118510
GCL	87.69	112266
GCL	88.19	111638
GCL	88.69	107187
GCL	89.20	107061
GCL	89.70	106640
GCL	90.20	103851
GCL	90.70	102187
GCL	91.21	101754
GCL	91.71	100688
GCL	92.21	99811
GCL	92.71	99229
GCL	93.22	98858
GCL	93.72	98521
GCL	94.22	98204
GCL	94.72	98074
GCL	95.23	97884
GCL	95.73	97820
GCL	96.23	97749
GCL	96.73	97722
GCL	97.24	97693
GCL	97.74	97684
GCL	98.24	97682
GCL	99.25	97683
# ACGT content per cycle. Use `grep ^GCC | cut -f 2-` to extract this part. The columns are: cycle; A,C,G,T base counts as a percentage of all A/C/G/T bases [%]; and N and O counts as a percentage of all A/C/G/T bases [%]
GCC	1	24.94	24.75	25.07	25.23	0.00	0.00
GCC	2	24.97	24.73	25.05	25.25	0.00	0.00
GCC	3	25.04	24.66	24.96	25.33	0.00	0.00
GCC	4	24.88	24.82	25.11	25.18	0.00	0.00
GCC	5	24.93	24.78	25.07	25.22	0.00	0.00
GCC	6	24.99	24.72	25.00	25.30	0.00	0.00
GCC	7	24.84	24.86	25.14	25.16	0.00	0.00
GCC	8	24.90	24.81	25.09	25.20	0.00	0.00
GCC	9	24.96	24.76	25.02	25.26	0.00	0.00
GCC	10	24.83	24.88	25.15	25.14	0.00	0.00
GCC	11	24.85	24.86	25.14	25.15	0.00	0.00
GCC	12	24.92	24.80	25.06	25.22	0.00	0.00
GCC	13	24.79	24.93	25.18	25.10	0.00	0.00
GCC	14	24.82	24.90	25.16	25.12	0.00	0.00
GCC	15	24.88	24.83	25.09	25.20	0.00	0.00
GCC	16	24.77	24.94	25.19	25.10	0.00	0.00
GCC	17	24.79	24.92	25.17	25.12	0.00	0.00
GCC	18	24.86	24.85	25.10	25.20	0.00	0.00
GCC	19	24.74	24.97	25.21	25.08	0.00	0.00
GCC	20	24.76	24.95	25.19	25.09	0.00	0.00
GCC	21	24.84	24.88	25.11	25.18	0.00	0.00
GCC	22	24.71	25.01	25.23	25.05	0.00	0.00
GCC	23	24.73	24.99	25.22	25.07	0.00	0.00
GCC	24	24.81	24.90	25.13	25.16	0.00	0.00
GCC	25	24.68	25.03	25.25	25.03	0.00	0.00
GCC	26	24.70	25.01	25.23	25.05	0.00	0.00
GCC	27	24.78	24.94	25.14	25.14	0.00	0.00
GCC	28	24.67	25.05	25.25	25.03	0.00	0.00
GCC	29	24.69	25.03	25.22	25.05	0.00	0.00
GCC	30	24.77	24.96	25.14	25.13	0.00	0.00
GCC	31	24.65	25.08	25.25	25.02	0.00	0.00
GCC	32	24.69	25.04	25.23	25.04	0.00	0.00
GCC	33	24.74	24.98	25.15	25.13	0.00	0.00
GCC	34	24.64	25.07	25.27	25.02	0.00	0.00
GCC	35	24.66	25.06	25.25	25.03	0.00	0.00
GCC	36	24.72	25.00	25.17	25.11	0.00	0.00
GCC	37	24.61	25.10	25.28	25.01	0.00	0.00
GCC	38	24.65	25.07	25.24	25.04	0.00	0.00
GCC	39	24.71	25.01	25.18	25.11	0.00	0.00
GCC	40	24.61	25.11	25.27	25.01	0.00	0.00
GCC	41	24.62	25.09	25.26	25.02	0.00	0.00
GCC	42	24.70	25.02	25.18	25.10	0.00	0.00
GCC	43	24.59	25.12	25.28	25.01	0.00	0.00
GCC	44	24.62	25.10	25.27	25.02	0.00	0.00
GCC	45	24.68	25.04	25.19	25.09	0.00	0.00
GCC	46	24.58	25.15	25.28	24.99	0.00	0.00
GCC	47	24.60	25.12	25.27	25.01	0.00	0.00
GCC	48	24.67	25.04	25.19	25.10	0.00	0.00
GCC	49	24.57	25.14	25.30	24.99	0.00	0.00
GCC	50	24.59	25.13	25.28	24.99	0.00	0.00
GCC	51	24.66	25.06	25.21	25.07	0.00	0.00
GCC	52	24.57	25.14	25.30	24.99	0.00	0.00
GCC	53	24.61	25.13	25.26	25.00	0.00	0.00
GCC	54	24.66	25.06	25.21	25.07	0.00	0.00
GCC	55	24.57	25.16	25.30	24.97	0.00	0.00
GCC	56	24.59	25.12	25.28	25.01	0.00	0.00
GCC	57	24.65	25.05	25.21	25.08	0.00	0.00
GCC	58	24.56	25.16	25.30	24.98	0.00	0.00
GCC	59	24.59	25.14	25.28	25.00	0.00	0.00
GCC	60	24.64	25.08	25.22	25.06	0.00	0.00
GCC	61	24.55	25.16	25.30	24.98	0.00	0.00
GCC	62	24.59	25.13	25.26	25.01	0.00	0.00
GCC	63	24.64	25.07	25.20	25.08	0.00	0.00
GCC	64	24.55	25.18	25.30	24.97	0.00	0.00
GCC	65	24.57	25.15	25.29	24.99	0.00	0.00
GCC	66	24.65	25.08	25.21	25.06	0.00	0.00
GCC	67	24.55	25.17	25.31	24.98	0.00	0.00
GCC	68	24.57	25.15	25.29	24.99	0.00	0.00
GCC	69	24.62	25.09	25.24	25.06	0.00	0.00
GCC	70	24.54	25.18	25.32	24.97	0.00	0.00
GCC	71	24.56	25.15	25.31	24.97	0.00	0.00
GCC	72	24.62	25.09	25.23	25.05	0.00	0.00
GCC	73	24.54	25.18	25.31	24.97	0.00	0.00
GCC	74	24.56	25.15	25.30	24.98	0.00	0.00
GCC	75	24.62	25.09	25.24	25.05	0.00	0.00
GCC	76	24.55	25.18	25.33	24.95	0.00	0.00
GCC	77	24.58	25.15	25.28	24.99	0.00	0.00
GCC	78	24.63	25.09	25.22	25.06	0.00	0.00
GCC	79	24.56	25.17	25.30	24.98	0.00	0.00
GCC	80	24.59	25.14	25.28	25.00	0.00	0.00
GCC	81	24.49	25.22	25.38	24.91	0.00	0.00
# ACGT content per cycle, read oriented. Use `grep ^GCT | cut -f 2-` to extract this part. The columns are: cycle; A,C,G,T base counts as a percentage of all A/C/G/T bases [%]
GCT	1	24.72	25.22	24.61	25.46
GCT	2	24.88	25.08	24.70	25.34
GCT	3	24.95	24.99	24.63	25.43
GCT	4	24.74	25.24	24.69	25.33
GCT	5	24.90	25.09	24.76	25.26
GCT	6	24.92	25.03	24.69	25.36
GCT	7	24.76	25.24	24.76	25.24
GCT	8	24.87	25.11	24.79	25.23
GCT	9	24.91	25.04	24.74	25.31
GCT	10	24.75	25.22	24.82	25.22
GCT	11	24.86	25.09	24.92	25.13
GCT	12	24.91	25.05	24.81	25.24
GCT	13	24.76	25.22	24.89	25.14
GCT	14	24.86	25.14	24.91	25.08
GCT	15	24.86	25.09	24.83	25.21
GCT	16	24.74	25.24	24.89	25.13
GCT	17	24.84	25.14	24.95	25.07
GCT	18	24.87	25.09	24.86	25.19
GCT	19	24.72	25.26	24.92	25.10
GCT	20	24.80	25.16	24.98	25.05
GCT	21	24.89	25.08	24.91	25.13
GCT	22	24.72	25.25	24.99	25.04
GCT	23	24.78	25.17	25.03	25.02
GCT	24	24.83	25.11	24.92	25.14
GCT	25	24.67	25.29	25.00	25.04
GCT	26	24.80	25.19	25.05	24.96
GCT	27	24.83	25.13	24.95	25.09
GCT	28	24.66	25.31	24.99	25.03
GCT	29	24.78	25.20	25.05	24.96
GCT	30	24.83	25.15	24.95	25.07
GCT	31	24.70	25.28	25.05	24.98
GCT	32	24.78	25.21	25.06	24.95
GCT	33	24.83	25.14	24.98	25.05
GCT	34	24.67	25.32	25.03	24.99
GCT	35	24.77	25.20	25.10	24.92
GCT	36	24.81	25.20	24.98	25.02
GCT	37	24.67	25.32	25.06	24.95
GCT	38	24.77	25.23	25.08	24.92
GCT	39	24.81	25.17	25.01	25.01
GCT	40	24.68	25.33	25.06	24.94
GCT	41	24.78	25.23	25.12	24.87
GCT	42	24.78	25.19	25.02	25.01
GCT	43	24.68	25.32	25.08	24.93
GCT	44	24.76	25.25	25.12	24.87
GCT	45	24.80	25.19	25.04	24.98
GCT	46	24.67	25.34	25.08	24.90
GCT	47	24.74	25.25	25.14	24.87
GCT	48	24.82	25.18	25.05	24.95
GCT	49	24.68	25.33	25.11	24.88
GCT	50	24.76	25.24	25.18	24.83
GCT	51	24.81	25.19	25.08	24.92
GCT	52	24.71	25.31	25.13	24.86
GCT	53	24.79	25.21	25.18	24.82
GCT	54	24.81	25.17	25.10	24.92
GCT	55	24.67	25.31	25.16	24.86
GCT	56	24.77	25.22	25.18	24.82
GCT	57	24.82	25.16	25.11	24.91
GCT	58	24.69	25.30	25.16	24.85
GCT	59	24.78	25.21	25.20	24.80
GCT	60	24.82	25.17	25.13	24.89
GCT	61	24.73	25.29	25.17	24.81
GCT	62	24.81	25.20	25.20	24.80
GCT	63	24.84	25.13	25.15	24.89
GCT	64	24.70	25.29	25.19	24.82
GCT	65	24.81	25.22	25.21	24.75
GCT	66	24.84	25.16	25.13	24.87
GCT	67	24.72	25.28	25.20	24.80
GCT	68	24.79	25.20	25.24	24.77
GCT	69	24.83	25.15	25.17	24.85
GCT	70	24.72	25.28	25.22	24.78
GCT	71	24.79	25.21	25.26	24.74
GCT	72	24.84	25.16	25.17	24.84
GCT	73	24.72	25.27	25.22	24.79
GCT	74	24.80	25.21	25.25	24.74
GCT	75	24.85	25.15	25.17	24.83
GCT	76	24.74	25.30	25.21	24.76
GCT	77	24.84	25.19	25.24	24.73
GCT	78	24.86	25.15	25.16	24.82
GCT	79	24.77	25.27	25.20	24.77
GCT	80	24.85	25.19	25.23	24.74
GCT	81	24.67	25.38	25.22	24.74
# ACGT content per cycle for first fragments. Use `grep ^FBC | cut -f 2-` to extract this part. The columns are: cycle; A,C,G,T base counts as a percentage of all A/C/G/T bases [%]; and N and O counts as a percentage of all A/C/G/T bases [%]
FBC	1	25.06	24.69	25.19	25.06	0.00	0.00
FBC	2	25.05	24.71	25.13	25.11	0.00	0.00
FBC	3	25.12	24.64	25.04	25.20	0.00	0.00
FBC	4	25.00	24.75	25.20	25.05	0.00	0.00
FBC	5	24.99	24.75	25.15	25.11	0.00	0.00
FBC	6	25.05	24.70	25.08	25.17	0.00	0.00
FBC	7	24.93	24.81	25.22	25.04	0.00	0.00
FBC	8	24.94	24.79	25.17	25.09	0.00	0.00
FBC	9	25.01	24.74	25.10	25.14	0.00	0.00
FBC	10	24.91	24.83	25.23	25.03	0.00	0.00
FBC	11	24.89	24.86	25.19	25.06	0.00	0.00
FBC	12	24.97	24.79	25.13	25.11	0.00	0.00
FBC	13	24.86	24.90	25.24	25.00	0.00	0.00
FBC	14	24.85	24.89	25.21	25.04	0.00	0.00
FBC	15	24.92	24.83	25.16	25.09	0.00	0.00
FBC	16	24.83	24.90	25.26	25.00	0.00	0.00
FBC	17	24.82	24.91	25.23	25.03	0.00	0.00
FBC	18	24.90	24.83	25.17	25.09	0.00	0.00
FBC	19	24.80	24.94	25.29	24.98	0.00	0.00
FBC	20	24.79	24.95	25.24	25.02	0.00	0.00
FBC	21	24.86	24.89	25.18	25.07	0.00	0.00
FBC	22	24.78	24.98	25.29	24.96	0.00	0.00
FBC	23	24.76	24.99	25.25	25.00	0.00	0.00
FBC	24	24.86	24.90	25.19	25.05	0.00	0.00
FBC	25	24.73	25.00	25.32	24.95	0.00	0.00
FBC	26	24.73	25.01	25.27	24.99	0.00	0.00
FBC	27	24.81	24.93	25.21	25.05	0.00	0.00
FBC	28	24.72	25.02	25.32	24.94	0.00	0.00
FBC	29	24.72	25.03	25.27	24.98	0.00	0.00
FBC	30	24.79	24.96	25.20	25.05	0.00	0.00
FBC	31	24.71	25.04	25.30	24.95	0.00	0.00
FBC	32	24.72	25.04	25.26	24.99	0.00	0.00
FBC	33	24.77	24.98	25.19	25.06	0.00	0.00
FBC	34	24.68	25.04	25.33	24.94	0.00	0.00
FBC	35	24.68	25.05	25.29	24.98	0.00	0.00
FBC	36	24.75	24.99	25.22	25.04	0.00	0.00
FBC	37	24.65	25.08	25.33	24.94	0.00	0.00
FBC	38	24.68	25.06	25.27	24.99	0.00	0.00
FBC	39	24.74	25.01	25.22	25.04	0.00	0.00
FBC	40	24.66	25.08	25.32	24.95	0.00	0.00
FBC	41	24.63	25.09	25.29	24.98	0.00	0.00
FBC	42	24.72	25.02	25.23	25.03	0.00	0.00
FBC	43	24.63	25.09	25.33	24.95	0.00	0.00
FBC	44	24.64	25.09	25.30	24.98	0.00	0.00
FBC	45	24.71	25.04	25.23	25.03	0.00	0.00
FBC	46	24.63	25.12	25.32	24.94	0.00	0.00
FBC	47	24.62	25.11	25.30	24.97	0.00	0.00
FBC	48	24.69	25.03	25.22	25.05	0.00	0.00
FBC	49	24.61	25.12	25.34	24.94	0.00	0.00
FBC	50	24.60	25.14	25.30	24.96	0.00	0.00
FBC	51	24.66	25.07	25.25	25.03	0.00	0.00
FBC	52	24.60	25.12	25.33	24.95	0.00	0.00
FBC	53	24.61	25.14	25.29	24.97	0.00	0.00
FBC	54	24.67	25.07	25.24	25.02	0.00	0.00
FBC	55	24.60	25.15	25.34	24.92	0.00	0.00
FBC	56	24.59	25.13	25.31	24.97	0.00	0.00
FBC	57	24.66	25.07	25.24	25.04	0.00	0.00
FBC	58	24.58	25.14	25.34	24.93	0.00	0.00
FBC	59	24.59	25.15	25.30	24.97	0.00	0.00
FBC	60	24.64	25.09	25.25	25.02	0.00	0.00
FBC	61	24.57	25.14	25.33	24.96	0.00	0.00
FBC	62	24.58	25.14	25.27	25.01	0.00	0.00
FBC	63	24.65	25.08	25.23	25.04	0.00	0.00
FBC	64	24.57	25.17	25.32	24.94	0.00	0.00
FBC	65	24.56	25.15	25.29	24.99	0.00	0.00
FBC	66	24.64	25.09	25.23	25.04	0.00	0.00
FBC	67	24.56	25.16	25.33	24.95	0.00	0.00
FBC	68	24.56	25.16	25.30	24.98	0.00	0.00
FBC	69	24.61	25.12	25.25	25.02	0.00	0.00
FBC	70	24.55	25.17	25.33	24.95	0.00	0.00
FBC	71	24.54	25.17	25.32	24.97	0.00	0.00
FBC	72	24.61	25.11	25.24	25.03	0.00	0.00
FBC	73	24.55	25.18	25.31	24.96	0.00	0.00
FBC	74	24.54	25.17	25.29	24.99	0.00	0.00
FBC	75	24.62	25.11	25.24	25.04	0.00	0.00
FBC	76	24.55	25.17	25.34	24.94	0.00	0.00
FBC	77	24.56	25.15	25.29	25.00	0.00	0.00
FBC	78	24.61	25.11	25.23	25.05	0.00	0.00
FBC	79	24.55	25.17	25.31	24.97	0.00	0.00
FBC	80	24.57	25.16	25.27	25.01	0.00	0.00
FBC	81	24.55	25.16	25.35	24.94	0.00	0.00
# ACGT raw counters for first fragments. Use `grep ^FTC | cut -f 2-` to extract this part. The columns are: A,C,G,T,N base counters
FTC	867053141	877349376	885786281	877202858	5346
# ACGT content per cycle for last fragments. Use `grep ^LBC | cut -f 2-` to extract this part. The columns are: cycle; A,C,G,T base counts as a percentage of all A/C/G/T bases [%]; and N and O counts as a percentage of all A/C/G/T bases [%]
LBC	1	24.83	24.81	24.96	25.41	0.00	0.00
LBC	2	24.89	24.76	24.97	25.38	0.00	0.00
LBC	3	24.96	24.68	24.88	25.47	0.00	0.00
LBC	4	24.77	24.89	25.02	25.32	0.00	0.00
LBC	5	24.87	24.80	24.99	25.33	0.00	0.00
LBC	6	24.92	24.74	24.91	25.43	0.00	0.00
LBC	7	24.76	24.91	25.05	25.28	0.00	0.00
LBC	8	24.86	24.83	25.00	25.31	0.00	0.00
LBC	9	24.90	24.78	24.93	25.38	0.00	0.00
LBC	10	24.75	24.93	25.07	25.26	0.00	0.00
LBC	11	24.81	24.87	25.09	25.24	0.00	0.00
LBC	12	24.87	24.80	24.99	25.33	0.01	0.00
LBC	13	24.72	24.96	25.11	25.21	0.00	0.00
LBC	14	24.79	24.90	25.10	25.20	0.00	0.00
LBC	15	24.83	24.83	25.03	25.31	0.00	0.00
LBC	16	24.71	24.98	25.11	25.20	0.00	0.00
LBC	17	24.76	24.92	25.11	25.21	0.00	0.00
LBC	18	24.81	24.86	25.02	25.30	0.00	0.00
LBC	19	24.68	25.00	25.13	25.18	0.00	0.00
LBC	20	24.73	24.96	25.14	25.17	0.00	0.00
LBC	21	24.81	24.87	25.04	25.28	0.00	0.00
LBC	22	24.64	25.04	25.18	25.15	0.00	0.00
LBC	23	24.70	24.99	25.18	25.13	0.00	0.00
LBC	24	24.76	24.91	25.06	25.27	0.00	0.00
LBC	25	24.62	25.07	25.18	25.12	0.00	0.00
LBC	26	24.68	25.02	25.19	25.12	0.00	0.00
LBC	27	24.76	24.95	25.07	25.23	0.00	0.00
LBC	28	24.62	25.09	25.18	25.11	0.00	0.00
LBC	29	24.66	25.04	25.17	25.13	0.00	0.00
LBC	30	24.74	24.95	25.09	25.22	0.00	0.00
LBC	31	24.59	25.11	25.20	25.10	0.00	0.00
LBC	32	24.65	25.05	25.20	25.10	0.00	0.00
LBC	33	24.72	24.98	25.11	25.19	0.00	0.00
LBC	34	24.59	25.10	25.20	25.10	0.00	0.00
LBC	35	24.64	25.06	25.20	25.09	0.00	0.00
LBC	36	24.69	25.01	25.13	25.17	0.00	0.00
LBC	37	24.57	25.13	25.22	25.08	0.00	0.00
LBC	38	24.63	25.08	25.21	25.09	0.00	0.00
LBC	39	24.69	25.00	25.13	25.18	0.00	0.00
LBC	40	24.55	25.15	25.23	25.07	0.00	0.00
LBC	41	24.61	25.10	25.22	25.07	0.00	0.00
LBC	42	24.67	25.03	25.14	25.17	0.00	0.00
LBC	43	24.55	25.15	25.23	25.07	0.00	0.00
LBC	44	24.60	25.11	25.24	25.05	0.00	0.00
LBC	45	24.66	25.05	25.14	25.16	0.00	0.00
LBC	46	24.54	25.18	25.24	25.04	0.00	0.00
LBC	47	24.58	25.12	25.24	25.05	0.00	0.00
LBC	48	24.65	25.05	25.15	25.14	0.00	0.00
LBC	49	24.53	25.17	25.26	25.05	0.00	0.00
LBC	50	24.58	25.12	25.27	25.03	0.00	0.00
LBC	51	24.65	25.06	25.17	25.13	0.00	0.00
LBC	52	24.54	25.16	25.26	25.04	0.00	0.00
LBC	53	24.61	25.12	25.23	25.04	0.00	0.00
LBC	54	24.65	25.05	25.17	25.13	0.00	0.00
LBC	55	24.54	25.18	25.27	25.02	0.00	0.00
LBC	56	24.59	25.11	25.26	25.04	0.00	0.00
LBC	57	24.65	25.04	25.19	25.12	0.00	0.00
LBC	58	24.54	25.17	25.26	25.02	0.00	0.00
LBC	59	24.58	25.12	25.26	25.03	0.00	0.00
LBC	60	24.64	25.06	25.19	25.11	0.00	0.00
LBC	61	24.53	25.18	25.28	25.01	0.00	0.00
LBC	62	24.60	25.13	25.26	25.02	0.00	0.00
LBC	63	24.64	25.06	25.18	25.12	0.00	0.00
LBC	64	24.53	25.19	25.28	25.00	0.00	0.00
LBC	65	24.59	25.14	25.28	25.00	0.00	0.00
LBC	66	24.66	25.07	25.19	25.09	0.00	0.00
LBC	67	24.53	25.17	25.29	25.00	0.00	0.00
LBC	68	24.58	25.14	25.29	24.99	0.00	0.00
LBC	69	24.63	25.07	25.22	25.09	0.00	0.00
LBC	70	24.52	25.19	25.31	24.98	0.00	0.00
LBC	71	24.58	25.13	25.31	24.98	0.00	0.00
LBC	72	24.63	25.08	25.22	25.07	0.00	0.00
LBC	73	24.52	25.18	25.30	24.99	0.00	0.00
LBC	74	24.58	25.14	25.30	24.98	0.00	0.00
LBC	75	24.63	25.06	25.23	25.07	0.00	0.00
LBC	76	24.55	25.19	25.31	24.96	0.00	0.00
LBC	77	24.61	25.14	25.28	24.98	0.00	0.00
LBC	78	24.64	25.07	25.22	25.07	0.00	0.00
LBC	79	24.56	25.16	25.29	24.98	0.00	0.00
LBC	80	24.61	25.12	25.29	24.98	0.00	0.00
LBC	81	24.43	25.28	25.40	24.89	0.00	0.00
# ACGT raw counters for last fragments. Use `grep ^LTC | cut -f 2-` to extract this part. The columns are: A,C,G,T,N base counters
LTC	848739071	861419946	866123506	864861005	10758
# Insert sizes. Use `grep ^IS | cut -f 2-` to extract this part. The columns are: insert size, pairs total, inward oriented pairs, outward oriented pairs, other pairs
IS	0	0	0	0	0
IS	1	1	0	1	0
IS	2	103	0	103	0
IS	3	98	0	98	0
IS	4	123	0	123	0
IS	5	112	0	112	0
IS	6	122	0	122	0
IS	7	145	0	145	0
IS	8	143	0	143	0
IS	9	133	0	133	0
IS	10	161	0	161	0
IS	11	188	0	188	0
IS	12	188	0	188	0
IS	13	221	0	221	0
IS	14	218	0	218	0
IS	15	210	0	210	0
IS	16	249	0	249	0
IS	17	245	0	245	0
IS	18	265	0	265	0
IS	19	449	80	369	0
IS	20	402	59	342	1
IS	21	348	32	316	0
IS	22	345	28	317	0
IS	23	329	25	304	0
IS	24	360	17	341	2
IS	25	368	18	350	0
IS	26	374	18	352	4
IS	27	339	15	324	0
IS	28	398	26	370	2
IS	29	413	21	392	0
IS	30	414	18	395	1
IS	31	457	29	428	0
IS	32	417	22	394	1
IS	33	470	33	436	1
IS	34	522	32	488	2
IS	35	510	40	469	1
IS	36	525	37	488	0
IS	37	545	39	504	2
IS	38	570	36	533	1
IS	39	630	29	600	1
IS	40	693	47	646	0
IS	41	718	51	667	0
IS	42	752	55	695	2
IS	43	785	48	735	2
IS	44	875	67	805	3
IS	45	909	52	856	1
IS	46	1051	68	980	3
IS	47	1170	69	1099	2
IS	48	1296	86	1209	1
IS	49	1530	106	1423	1
IS	50	1615	106	1506	3
IS	51	1861	107	1753	1
IS	52	2133	117	2015	1
IS	53	2481	141	2338	2
IS	54	2852	181	2669	2
IS	55	3193	140	3052	1
IS	56	3673	208	3465	0
IS	57	4239	194	4045	0
IS	58	4808	199	4609	0
IS	59	5820	250	5570	0
IS	60	6628	259	6368	1
IS	61	7327	264	7063	0
IS	62	8570	327	8240	3
IS	63	9856	374	9482	0
IS	64	11372	433	10937	2
IS	65	12905	499	12404	2
IS	66	14901	497	14404	0
IS	67	16766	539	16227	0
IS	68	19280	655	18623	2
IS	69	21946	757	21187	2
IS	70	24901	858	24043	0
IS	71	27890	974	26914	2
IS	72	31191	1014	30177	0
IS	73	34745	1173	33571	1
IS	74	38305	1320	36984	1
IS	75	42645	1462	41179	4
IS	76	46770	1644	45126	0
IS	77	51926	1879	50046	1
IS	78	57446	2177	55266	3
IS	79	62152	2546	59604	2
IS	80	68029	4726	63299	4
IS	81	73721	31599	42120	2
IS	82	80280	80181	99	0
IS	83	86750	86701	49	0
IS	84	92565	92524	36	5
IS	85	99847	99823	23	1
IS	86	106952	106940	11	1
IS	87	113804	113793	10	1
IS	88	119677	119669	8	0
IS	89	127473	127467	5	1
IS	90	134589	134582	5	2
IS	91	141438	141429	8	1
IS	92	149204	149197	3	4
IS	93	155607	155600	4	3
IS	94	162460	162455	2	3
IS	95	169357	169355	2	0
IS	96	176641	176636	1	4
IS	97	181730	181729	0	1
IS	98	188291	188287	2	2
IS	99	194556	194549	2	5
IS	100	200657	200653	2	2
IS	101	206755	206752	1	2
IS	102	212768	212765	1	2
IS	103	217650	217648	0	2
IS	104	222608	222605	1	2
IS	105	226946	226945	1	0
IS	106	232459	232457	2	0
IS	107	236700	236697	1	2
IS	108	241262	241255	3	4
IS	109	245660	245654	3	3
IS	110	249188	249185	0	3
IS	111	251766	251765	1	0
IS	112	254516	254513	1	2
IS	113	258545	258540	0	5
IS	114	262473	262471	0	2
IS	115	264146	264143	1	2
IS	116	267789	267787	2	0
IS	117	270235	270234	0	1
IS	118	271332	271331	1	0
IS	119	273913	273913	0	0
IS	120	275927	275923	2	2
IS	121	277555	277552	1	2
IS	122	280065	280059	2	4
IS	123	279533	279530	1	2
IS	124	281270	281269	0	1
IS	125	282100	282099	0	1
IS	126	283442	283440	1	1
IS	127	284129	284127	1	1
IS	128	285077	285075	0	2
IS	129	286117	286110	3	4
IS	130	285616	285611	3	2
IS	131	284804	284803	1	0
IS	132	286786	286783	1	2
IS	133	285460	285456	2	2
IS	134	286085	286081	0	4
IS	135	284734	284731	0	3
IS	136	285560	285557	2	1
IS	137	284267	284264	0	3
IS	138	284870	284868	1	1
IS	139	283457	283456	1	0
IS	140	282807	282801	3	3
IS	141	283345	283342	2	1
IS	142	280789	280784	2	3
IS	143	280158	280154	1	3
IS	144	278325	278319	4	2
IS	145	277395	277394	0	1
IS	146	276993	276989	1	3
IS	147	274732	274726	1	5
IS	148	273715	273713	2	0
IS	149	273031	273030	1	0
IS	150	270983	270980	1	2
IS	151	269190	269189	1	0
IS	152	268302	268301	0	1
IS	153	266123	266123	0	0
IS	154	264827	264825	0	2
IS	155	263529	263527	1	1
IS	156	261845	261843	2	0
IS	157	258819	258818	1	0
IS	158	258772	258767	2	3
IS	159	257283	257282	1	0
IS	160	254679	254678	1	0
IS	161	253396	253396	0	0
IS	162	251805	251804	1	0
IS	163	250419	250417	0	2
IS	164	247651	247647	3	1
IS	165	245853	245851	2	0
IS	166	243736	243733	3	0
IS	167	241943	241939	0	4
IS	168	241431	241429	2	0
IS	169	237594	237591	0	3
IS	170	236595	236592	3	0
IS	171	234699	234697	1	1
IS	172	232824	232822	0	2
IS	173	231415	231413	0	2
IS	174	228325	228322	1	2
IS	175	227077	227076	0	1
IS	176	225340	225339	1	0
IS	177	223477	223474	2	1
IS	178	221180	221176	1	3
IS	179	219973	219973	0	0
IS	180	217306	217306	0	0
IS	181	215535	215532	1	2
IS	182	213860	213856	2	2
IS	183	211983	211978	2	3
IS	184	209975	209973	1	1
IS	185	208647	208646	0	1
IS	186	205958	205958	0	0
IS	187	204563	204560	2	1
IS	188	202547	202546	1	0
IS	189	200370	200366	3	1
IS	190	198753	198751	2	0
IS	191	196190	196189	1	0
IS	192	195518	195517	1	0
IS	193	191594	191591	1	2
IS	194	190402	190400	1	1
IS	195	188730	188725	1	4
IS	196	187209	187209	0	0
IS	197	185357	185352	3	2
IS	198	183056	183056	0	0
IS	199	181266	181262	1	3
IS	200	179646	179646	0	0
IS	201	178026	178025	1	0
IS	202	176822	176822	0	0
IS	203	174385	174384	1	0
IS	204	172231	172231	0	0
IS	205	169757	169754	2	1
IS	206	168399	168398	1	0
IS	207	166300	166297	2	1
IS	208	165668	165667	0	1
IS	209	162636	162635	0	1
IS	210	160775	160775	0	0
IS	211	159694	159693	1	0
IS	212	158516	158515	1	0
IS	213	156547	156546	1	0
IS	214	153736	153731	3	2
IS	215	152827	152825	2	0
IS	216	151636	151636	0	0
IS	217	149969	149965	3	1
IS	218	148463	148461	1	1
IS	219	146659	146657	1	1
IS	220	145072	145070	1	1
IS	221	143326	143325	0	1
IS	222	141344	141344	0	0
IS	223	140067	140064	2	1
IS	224	138005	138004	1	0
IS	225	137111	137107	2	2
IS	226	135187	135186	0	1
IS	227	132983	132978	5	0
IS	228	131888	131886	2	0
IS	229	129782	129775	3	4
IS	230	128883	128880	2	1
IS	231	127374	127371	2	1
IS	232	125501	125499	1	1
IS	233	124694	124694	0	0
IS	234	122201	122199	1	1
IS	235	121139	121139	0	0
IS	236	119761	119761	0	0
IS	237	118220	118216	3	1
IS	238	116756	116752	2	2
IS	239	116386	116384	1	1
IS	240	113707	113704	3	0
IS	241	112621	112620	0	1
IS	242	111611	111611	0	0
IS	243	109559	109559	0	0
IS	244	108544	108542	0	2
IS	245	107265	107264	1	0
IS	246	105505	105505	0	0
IS	247	104435	104434	1	0
IS	248	104253	104249	3	1
IS	249	101891	101890	1	0
IS	250	100798	100796	1	1
IS	251	99870	99869	1	0
IS	252	98966	98966	0	0
IS	253	97350	97348	1	1
IS	254	96012	96010	1	1
IS	255	94252	94250	1	1
IS	256	93551	93551	0	0
IS	257	92350	92350	0	0
IS	258	91793	91792	0	1
IS	259	89988	89988	0	0
IS	260	89163	89163	0	0
IS	261	87314	87313	0	1
IS	262	86663	86661	1	1
IS	263	85380	85378	0	2
IS	264	84700	84697	3	0
IS	265	83702	83702	0	0
IS	266	82425	82422	2	1
IS	267	81363	81363	0	0
IS	268	80146	80144	1	1
IS	269	79342	79342	0	0
IS	270	78587	78585	2	0
IS	271	76865	76863	2	0
IS	272	76299	76299	0	0
IS	273	74747	74746	0	1
IS	274	74051	74051	0	0
IS	275	73541	73538	1	2
IS	276	72589	72588	1	0
IS	277	71742	71740	1	1
IS	278	70786	70785	1	0
IS	279	69675	69672	3	0
IS	280	69067	69066	1	0
IS	281	67785	67783	1	1
IS	282	67172	67171	1	0
IS	283	65970	65969	0	1
IS	284	65275	65274	1	0
IS	285	65064	65062	2	0
IS	286	64119	64118	0	1
IS	287	63002	63001	0	1
IS	288	61949	61947	1	1
IS	289	61483	61481	2	0
IS	290	60867	60867	0	0
IS	291	59886	59884	0	2
IS	292	59149	59148	0	1
IS	293	58304	58302	1	1
IS	294	57763	57763	0	0
IS	295	57057	57055	1	1
IS	296	56157	56154	1	2
IS	297	55244	55243	0	1
IS	298	54458	54458	0	0
IS	299	54549	54549	0	0
IS	300	53854	53852	1	1
IS	301	52923	52922	1	0
IS	302	52120	52119	0	1
IS	303	51644	51642	1	1
IS	304	50715	50714	0	1
IS	305	50401	50401	0	0
IS	306	49532	49532	0	0
IS	307	48670	48670	0	0
IS	308	48425	48425	0	0
IS	309	47870	47869	0	1
IS	310	47142	47142	0	0
IS	311	46461	46461	0	0
IS	312	45820	45820	0	0
IS	313	45487	45487	0	0
IS	314	45197	45196	1	0
IS	315	44116	44115	0	1
IS	316	43541	43540	0	1
IS	317	43313	43313	0	0
IS	318	42521	42519	1	1
IS	319	42132	42131	1	0
IS	320	41501	41500	1	0
IS	321	41111	41110	0	1
IS	322	40792	40792	0	0
IS	323	39650	39649	0	1
IS	324	39681	39677	2	2
IS	325	38762	38762	0	0
IS	326	38047	38045	0	2
IS	327	37859	37859	0	0
IS	328	37492	37491	0	1
IS	329	37191	37191	0	0
IS	330	36504	36503	1	0
IS	331	35787	35785	2	0
IS	332	35351	35351	0	0
IS	333	35168	35167	1	0
IS	334	34597	34597	0	0
IS	335	34200	34200	0	0
IS	336	33610	33610	0	0
IS	337	33176	33176	0	0
IS	338	32834	32832	1	1
IS	339	32825	32825	0	0
IS	340	32260	32259	0	1
IS	341	31927	31925	1	1
IS	342	31331	31331	0	0
IS	343	30860	30858	1	1
IS	344	30533	30532	1	0
IS	345	29866	29865	0	1
IS	346	29898	29898	0	0
IS	347	29622	29622	0	0
IS	348	28850	28849	1	0
IS	349	28802	28802	0	0
IS	350	28167	28167	0	0
IS	351	28059	28058	0	1
IS	352	27711	27710	1	0
IS	353	27195	27194	1	0
IS	354	26726	26725	1	0
IS	355	26426	26426	0	0
IS	356	26140	26138	0	2
IS	357	25888	25888	0	0
IS	358	25225	25223	2	0
IS	359	25037	25036	0	1
IS	360	25096	25094	0	2
IS	361	24638	24637	1	0
IS	362	24544	24543	1	0
IS	363	23895	23894	0	1
IS	364	23496	23496	0	0
IS	365	23319	23319	0	0
IS	366	22865	22865	0	0
IS	367	22756	22755	1	0
IS	368	22488	22488	0	0
IS	369	22265	22263	1	1
IS	370	21793	21792	0	1
IS	371	21624	21623	1	0
IS	372	21223	21223	0	0
IS	373	20808	20807	0	1
IS	374	20720	20719	0	1
IS	375	20670	20669	1	0
IS	376	20022	20021	1	0
IS	377	20057	20053	4	0
IS	378	19519	19519	0	0
IS	379	19336	19335	1	0
IS	380	19066	19065	1	0
IS	381	18803	18803	0	0
IS	382	18594	18594	0	0
IS	383	18481	18481	0	0
IS	384	18269	18269	0	0
IS	385	17884	17884	0	0
IS	386	17578	17576	2	0
IS	387	17434	17434	0	0
IS	388	17143	17142	0	1
IS	389	17072	17072	0	0
IS	390	16791	16791	0	0
IS	391	16644	16643	1	0
IS	392	16544	16544	0	0
IS	393	16356	16356	0	0
IS	394	15989	15988	1	0
IS	395	15629	15629	0	0
IS	396	15468	15468	0	0
IS	397	15341	15340	0	1
IS	398	15262	15261	1	0
IS	399	14970	14970	0	0
IS	400	14970	14970	0	0
IS	401	14626	14626	0	0
IS	402	14326	14326	0	0
IS	403	14096	14096	0	0
IS	404	13977	13976	1	0
IS	405	13651	13651	0	0
IS	406	13786	13786	0	0
IS	407	13450	13450	0	0
IS	408	13341	13339	2	0
IS	409	13059	13057	1	1
IS	410	13161	13160	0	1
IS	411	12775	12774	0	1
IS	412	12611	12610	1	0
IS	413	12802	12802	0	0
IS	414	12339	12339	0	0
IS	415	12305	12303	1	1
IS	416	12048	12045	2	1
IS	417	11963	11963	0	0
IS	418	11727	11727	0	0
IS	419	11746	11745	1	0
IS	420	11490	11490	0	0
IS	421	11393	11393	0	0
IS	422	11195	11195	0	0
IS	423	10976	10975	1	0
IS	424	11025	11024	1	0
IS	425	10765	10765	0	0
IS	426	10599	10598	0	1
IS	427	10497	10496	1	0
IS	428	10354	10353	1	0
IS	429	10256	10256	0	0
IS	430	10133	10133	0	0
IS	431	9804	9801	2	1
IS	432	9660	9659	1	0
IS	433	9670	9669	1	0
IS	434	9671	9671	0	0
IS	435	9418	9417	1	0
IS	436	9405	9405	0	0
IS	437	9255	9253	1	1
IS	438	9204	9203	0	1
IS	439	9054	9054	0	0
IS	440	8839	8838	1	0
IS	441	8853	8852	1	0
IS	442	8658	8657	0	1
IS	443	8648	8648	0	0
IS	444	8387	8387	0	0
IS	445	8409	8407	1	1
IS	446	8093	8091	2	0
IS	447	8050	8050	0	0
IS	448	8082	8081	0	1
IS	449	7993	7992	0	1
IS	450	7925	7923	2	0
IS	451	7767	7765	1	1
IS	452	7662	7661	1	0
IS	453	7438	7435	2	1
IS	454	7546	7543	3	0
IS	455	7328	7326	1	1
IS	456	7307	7306	1	0
IS	457	7047	7046	0	1
IS	458	7021	7021	0	0
IS	459	6900	6900	0	0
IS	460	6961	6960	1	0
IS	461	6916	6915	1	0
IS	462	6896	6896	0	0
IS	463	6646	6642	4	0
IS	464	6639	6639	0	0
IS	465	6371	6371	0	0
IS	466	6438	6438	0	0
IS	467	6407	6406	1	0
IS	468	6157	6154	3	0
IS	469	6185	6185	0	0
IS	470	6149	6149	0	0
IS	471	5999	5999	0	0
IS	472	5945	5944	1	0
IS	473	5889	5889	0	0
IS	474	5823	5823	0	0
# Read lengths. Use `grep ^RL | cut -f 2-` to extract this part. The columns are: read length, count
RL	1	111684
RL	2	24351
RL	3	33364
RL	4	43081
RL	5	53820
RL	6	55802
RL	7	54281
RL	8	53284
RL	9	53674
RL	10	52187
RL	11	51763
RL	12	51676
RL	13	51059
RL	14	50675
RL	15	49608
RL	16	50745
RL	17	49870
RL	18	49612
RL	19	49688
RL	20	49133
RL	21	49723
RL	22	49864
RL	23	51754
RL	24	50588
RL	25	51020
RL	26	51441
RL	27	51604
RL	28	51779
RL	29	51725
RL	30	54647
RL	31	57179
RL	32	56929
RL	33	58254
RL	34	56316
RL	35	56804
RL	36	56239
RL	37	55681
RL	38	55804
RL	39	54860
RL	40	56403
RL	41	54855
RL	42	55346
RL	43	55701
RL	44	54590
RL	45	55472
RL	46	55374
RL	47	55484
RL	48	55068
RL	49	55458
RL	50	54834
RL	51	55295
RL	52	55013
RL	53	55709
RL	54	56134
RL	55	57252
RL	56	56221
RL	57	56480
RL	58	56606
RL	59	56700
RL	60	56464
RL	61	55602
RL	62	56126
RL	63	56276
RL	64	56568
RL	65	56589
RL	66	57175
RL	67	57089
RL	68	58047
RL	69	59137
RL	70	59715
RL	71	60018
RL	72	61776
RL	73	63649
RL	74	67280
RL	75	71226
RL	76	81208
RL	77	102692
RL	78	210653
RL	79	693341
RL	80	4545322
RL	81	78250938
# Read lengths - first fragments. Use `grep ^FRL | cut -f 2-` to extract this part. The columns are: read length, count
FRL	1	20368
FRL	2	4668
FRL	3	6927
FRL	4	9767
FRL	5	13288
FRL	6	13233
FRL	7	14077
FRL	8	14985
FRL	9	15516
FRL	10	15225
FRL	11	15116
FRL	12	14957
FRL	13	15116
FRL	14	15165
FRL	15	15282
FRL	16	15639
FRL	17	15352
FRL	18	15608
FRL	19	15245
FRL	20	15369
FRL	21	15291
FRL	22	15414
FRL	23	15367
FRL	24	15633
FRL	25	15776
FRL	26	16011
FRL	27	16413
FRL	28	16923
FRL	29	16842
FRL	30	17478
FRL	31	17896
FRL	32	18582
FRL	33	18417
FRL	34	18691
FRL	35	18531
FRL	36	18626
FRL	37	18824
FRL	38	19353
FRL	39	19340
FRL	40	19796
FRL	41	19090
FRL	42	19685
FRL	43	20281
FRL	44	19916
FRL	45	20251
FRL	46	20092
FRL	47	20323
FRL	48	19828
FRL	49	20611
FRL	50	19948
FRL	51	20263
FRL	52	20360
FRL	53	20769
FRL	54	21219
FRL	55	22136
FRL	56	21167
FRL	57	22044
FRL	58	21647
FRL	59	21344
FRL	60	21709
FRL	61	21437
FRL	62	21714
FRL	63	21887
FRL	64	22205
FRL	65	22415
FRL	66	22364
FRL	67	22840
FRL	68	22879
FRL	69	23843
FRL	70	23895
FRL	71	23741
FRL	72	24258
FRL	73	25230
FRL	74	26436
FRL	75	28659
FRL	76	32427
FRL	77	41055
FRL	78	84572
FRL	79	280435
FRL	80	1873695
FRL	81	40297450
# Read lengths - last fragments. Use `grep ^LRL | cut -f 2-` to extract this part. The columns are: read length, count
LRL	1	91316
LRL	2	19683
LRL	3	26437
LRL	4	33314
LRL	5	40532
LRL	6	42569
LRL	7	40204
LRL	8	38299
LRL	9	38158
LRL	10	36962
LRL	11	36647
LRL	12	36719
LRL	13	35943
LRL	14	35510
LRL	15	34326
LRL	16	35106
LRL	17	34518
LRL	18	34004
LRL	19	34443
LRL	20	33764
LRL	21	34432
LRL	22	34450
LRL	23	36387
LRL	24	34955
LRL	25	35244
LRL	26	35430
LRL	27	35191
LRL	28	34856
LRL	29	34883
LRL	30	37169
LRL	31	39283
LRL	32	38347
LRL	33	39837
LRL	34	37625
LRL	35	38273
LRL	36	37613
LRL	37	36857
LRL	38	36451
LRL	39	35520
LRL	40	36607
LRL	41	35765
LRL	42	35661
LRL	43	35420
LRL	44	34674
LRL	45	35221
LRL	46	35282
LRL	47	35161
LRL	48	35240
LRL	49	34847
LRL	50	34886
LRL	51	35032
LRL	52	34653
LRL	53	34940
LRL	54	34915
LRL	55	35116
LRL	56	35054
LRL	57	34436
LRL	58	34959
LRL	59	35356
LRL	60	34755
LRL	61	34165
LRL	62	34412
LRL	63	34389
LRL	64	34363
LRL	65	34174
LRL	66	34811
LRL	67	34249
LRL	68	35168
LRL	69	35294
LRL	70	35820
LRL	71	36277
LRL	72	37518
LRL	73	38419
LRL	74	40844
LRL	75	42567
LRL	76	48781
LRL	77	61637
LRL	78	126081
LRL	79	412906
LRL	80	2671627
LRL	81	37953488
# Mapping qualities for reads !(UNMAP|SECOND|SUPPL|QCFAIL|DUP). Use `grep ^MAPQ | cut -f 2-` to extract this part. The columns are: mapq, count
MAPQ	0	9544459
MAPQ	1	18715
MAPQ	2	8170
MAPQ	3	32933
MAPQ	4	10588
MAPQ	5	10555
MAPQ	6	14626
MAPQ	7	20640
MAPQ	8	13569
MAPQ	9	38083
MAPQ	10	13798
MAPQ	11	28970
MAPQ	12	12227
MAPQ	13	18641
MAPQ	14	10222
MAPQ	15	32528
MAPQ	16	13357
MAPQ	17	19167
MAPQ	18	16788
MAPQ	19	26358
MAPQ	20	38544
MAPQ	21	46624
MAPQ	22	59058
MAPQ	23	49817
MAPQ	24	78148
MAPQ	25	157299
MAPQ	26	4044
MAPQ	27	440481
MAPQ	28	24909
MAPQ	29	5901
MAPQ	30	23547
MAPQ	31	16325
MAPQ	32	4773
MAPQ	33	30951
MAPQ	34	8709
MAPQ	35	6397
MAPQ	36	11784
MAPQ	37	16545
MAPQ	38	4464
MAPQ	39	39858
MAPQ	40	643397
MAPQ	41	16355
MAPQ	42	29542
MAPQ	43	40555
MAPQ	44	22184
MAPQ	45	65121
MAPQ	46	69082
MAPQ	47	37389
MAPQ	48	95808
MAPQ	49	124535
MAPQ	50	66704
MAPQ	51	444120
MAPQ	52	48164
MAPQ	53	23199
MAPQ	54	58415
MAPQ	55	33011
MAPQ	56	24897
MAPQ	57	111155
MAPQ	58	31476
MAPQ	59	10125
MAPQ	60	73983196
# Indel distribution. Use `grep ^ID | cut -f 2-` to extract this part. The columns are: length, number of insertions, number of deletions
ID	1	99193	149279
ID	2	27872	38935
ID	3	14674	19493
ID	4	12721	16791
ID	5	7514	5619
ID	6	3487	5520
ID	7	1380	1435
ID	8	1591	2567
ID	9	894	1331
ID	10	1033	1404
ID	11	320	821
ID	12	709	1458
ID	13	276	647
ID	14	212	654
ID	15	242	659
ID	16	153	464
ID	17	52	149
ID	18	62	347
ID	19	36	199
ID	20	17	195
ID	21	18	136
ID	22	2	130
ID	23	11	56
ID	24	0	108
ID	25	0	21
ID	26	0	37
ID	27	0	54
ID	28	0	9
ID	29	0	3
ID	30	0	3
ID	31	0	2
ID	33	0	1
ID	34	0	2
ID	35	0	1
ID	36	0	1
# Indels per cycle. Use `grep ^IC | cut -f 2-` to extract this part. The columns are: cycle, number of insertions (fwd), .. (rev) , number of deletions (fwd), .. (rev)
IC	1	1	0	0	0
IC	2	0	0	1	0
IC	3	0	2	531	699
IC	4	432	563	602	791
IC	5	581	743	763	882
IC	6	643	805	805	922
IC	7	744	857	978	1110
IC	8	847	974	1154	1294
IC	9	866	1028	1227	1412
IC	10	938	1046	1311	1530
IC	11	1090	1117	1410	1541
IC	12	1024	1189	1446	1521
IC	13	1106	1208	1537	1629
IC	14	1188	1198	1634	1637
IC	15	1221	1233	1681	1696
IC	16	1241	1299	1696	1796
IC	17	1251	1286	1759	1755
IC	18	1344	1296	1802	1756
IC	19	1358	1340	1943	1833
IC	20	1336	1292	1866	1815
IC	21	1317	1430	1969	1865
IC	22	1430	1372	1939	1920
IC	23	1358	1339	1921	1883
IC	24	1411	1389	1992	1852
IC	25	1457	1398	2017	1918
IC	26	1433	1390	1928	1989
IC	27	1412	1378	1929	1901
IC	28	1459	1372	2004	1961
IC	29	1404	1379	2025	1889
IC	30	1439	1377	1983	1878
IC	31	1447	1353	2005	1938
IC	32	1409	1446	1973	1894
IC	33	1489	1337	2033	1865
IC	34	1423	1323	1977	1912
IC	35	1408	1390	1981	1839
IC	36	1505	1301	2012	1867
IC	37	1420	1293	2047	1868
IC	38	1381	1305	1988	1819
IC	39	1431	1295	1952	1830
IC	40	1394	1261	2072	1869
IC	41	1363	1273	1962	1855
IC	42	1340	1271	1942	1886
IC	43	1434	1281	2031	1833
IC	44	1374	1315	1935	1873
IC	45	1385	1252	2005	1751
IC	46	1356	1260	1970	1824
IC	47	1385	1337	1955	1770
IC	48	1427	1233	2041	1769
IC	49	1216	1222	1917	1739
IC	50	1359	1199	1879	1759
IC	51	1337	1217	1910	1764
IC	52	1311	1191	1904	1756
IC	53	1315	1122	1906	1778
IC	54	1233	1231	1895	1754
IC	55	1271	1174	1896	1754
IC	56	1219	1216	1865	1730
IC	57	1239	1180	1844	1725
IC	58	1235	1132	1904	1718
IC	59	1242	1128	1855	1627
IC	60	1330	1091	1798	1672
IC	61	1202	1047	1815	1643
IC	62	1155	1143	1752	1577
IC	63	1176	1106	1779	1536
IC	64	1124	1014	1680	1549
IC	65	1123	980	1723	1468
IC	66	1143	916	1647	1479
IC	67	998	945	1637	1427
IC	68	1072	908	1634	1404
IC	69	965	867	1516	1261
IC	70	954	841	1402	1265
IC	71	924	773	1461	1143
IC	72	886	682	1342	1110
IC	73	779	575	1340	1091
IC	74	727	575	1268	950
IC	75	665	523	1171	928
IC	76	557	456	1065	814
IC	77	496	431	901	685
IC	78	456	347	614	432
IC	79	0	0	1	0
IC	80	0	0	1	0
# Coverage distribution. Use `grep ^COV | cut -f 2-` to extract this part.
COV	[1-1]	1	491939167
COV	[2-2]	2	196411826
COV	[3-3]	3	63598309
COV	[4-4]	4	29111732
COV	[5-5]	5	14572809
COV	[6-6]	6	9195827
COV	[7-7]	7	6654418
COV	[8-8]	8	5331556
COV	[9-9]	9	4504147
COV	[10-10]	10	3948666
COV	[11-11]	11	3549106
COV	[12-12]	12	3224163
COV	[13-13]	13	2961679
COV	[14-14]	14	2749759
COV	[15-15]	15	2566784
COV	[16-16]	16	2406694
COV	[17-17]	17	2274592
COV	[18-18]	18	2152796
COV	[19-19]	19	2049571
COV	[20-20]	20	1956276
COV	[21-21]	21	1870114
COV	[22-22]	22	1795252
COV	[23-23]	23	1729205
COV	[24-24]	24	1667158
COV	[25-25]	25	1609757
COV	[26-26]	26	1561519
COV	[27-27]	27	1517907
COV	[28-28]	28	1473144
COV	[29-29]	29	1435643
COV	[30-30]	30	1398147
COV	[31-31]	31	1370865
COV	[32-32]	32	1338957
COV	[33-33]	33	1307366
COV	[34-34]	34	1281780
COV	[35-35]	35	1257282
COV	[36-36]	36	1233009
COV	[37-37]	37	1206628
COV	[38-38]	38	1186205
COV	[39-39]	39	1162972
COV	[40-40]	40	1145063
COV	[41-41]	41	1126133
COV	[42-42]	42	1107181
COV	[43-43]	43	1091165
COV	[44-44]	44	1071202
COV	[45-45]	45	1056056
COV	[46-46]	46	1037648
COV	[47-47]	47	1021370
COV	[48-48]	48	1004892
COV	[49-49]	49	988544
COV	[50-50]	50	971925
COV	[51-51]	51	956973
COV	[52-52]	52	940291
COV	[53-53]	53	925609
COV	[54-54]	54	908422
COV	[55-55]	55	893473
COV	[56-56]	56	877049
COV	[57-57]	57	863813
COV	[58-58]	58	848429
COV	[59-59]	59	831603
COV	[60-60]	60	816434
COV	[61-61]	61	802559
COV	[62-62]	62	787088
COV	[63-63]	63	772753
COV	[64-64]	64	755744
COV	[65-65]	65	742504
COV	[66-66]	66	728628
COV	[67-67]	67	715603
COV	[68-68]	68	699082
COV	[69-69]	69	685175
COV	[70-70]	70	672877
COV	[71-71]	71	656171
COV	[72-72]	72	641303
COV	[73-73]	73	627205
COV	[74-74]	74	613792
COV	[75-75]	75	600897
COV	[76-76]	76	588529
COV	[77-77]	77	574312
COV	[78-78]	78	562282
COV	[79-79]	79	547655
COV	[80-80]	80	532784
COV	[81-81]	81	521261
COV	[82-82]	82	509683
COV	[83-83]	83	495981
COV	[84-84]	84	484915
COV	[85-85]	85	472640
COV	[86-86]	86	460692
COV	[87-87]	87	449052
COV	[88-88]	88	440589
COV	[89-89]	89	428559
COV	[90-90]	90	418223
COV	[91-91]	91	408139
COV	[92-92]	92	397268
COV	[93-93]	93	385854
COV	[94-94]	94	377562
COV	[95-95]	95	365722
COV	[96-96]	96	357783
COV	[97-97]	97	347831
COV	[98-98]	98	338577
COV	[99-99]	99	327817
COV	[100-100]	100	317891
COV	[101-101]	101	309638
COV	[102-102]	102	301545
COV	[103-103]	103	293364
COV	[104-104]	104	285068
COV	[105-105]	105	277085
COV	[106-106]	106	269576
COV	[107-107]	107	262356
COV	[108-108]	108	254944
COV	[109-109]	109	249339
COV	[110-110]	110	242951
COV	[111-111]	111	234825
COV	[112-112]	112	228110
COV	[113-113]	113	221256
COV	[114-114]	114	214619
COV	[115-115]	115	209000
COV	[116-116]	116	202641
COV	[117-117]	117	197030
COV	[118-118]	118	191912
COV	[119-119]	119	185773
COV	[120-120]	120	180963
COV	[121-121]	121	176161
COV	[122-122]	122	170781
COV	[123-123]	123	165288
COV	[124-124]	124	162138
COV	[125-125]	125	157189
COV	[126-126]	126	153556
COV	[127-127]	127	149247
COV	[128-128]	128	144987
COV	[129-129]	129	140914
COV	[130-130]	130	136045
COV	[131-131]	131	132669
COV	[132-132]	132	129046
COV	[133-133]	133	125117
COV	[134-134]	134	120867
COV	[135-135]	135	117659
COV	[136-136]	136	113735
COV	[137-137]	137	110412
COV	[138-138]	138	106988
COV	[139-139]	139	103941
COV	[140-140]	140	101069
COV	[141-141]	141	98136
COV	[142-142]	142	94951
COV	[143-143]	143	92798
COV	[144-144]	144	90169
COV	[145-145]	145	87112
COV	[146-146]	146	85115
COV	[147-147]	147	82540
COV	[148-148]	148	80166
COV	[149-149]	149	78344
COV	[150-150]	150	75998
COV	[151-151]	151	73971
COV	[152-152]	152	71951
COV	[153-153]	153	69959
COV	[154-154]	154	67708
COV	[155-155]	155	66560
COV	[156-156]	156	64368
COV	[157-157]	157	62680
COV	[158-158]	158	61198
COV	[159-159]	159	59336
COV	[160-160]	160	58038
COV	[161-161]	161	56348
COV	[162-162]	162	55075
COV	[163-163]	163	53389
COV	[164-164]	164	51543
COV	[165-165]	165	50453
COV	[166-166]	166	49100
COV	[167-167]	167	48143
COV	[168-168]	168	46498
COV	[169-169]	169	45449
COV	[170-170]	170	44349
COV	[171-171]	171	42933
COV	[172-172]	172	41629
COV	[173-173]	173	40317
COV	[174-174]	174	39253
COV	[175-175]	175	37919
COV	[176-176]	176	36928
COV	[177-177]	177	35714
COV	[178-178]	178	34974
COV	[179-179]	179	33748
COV	[180-180]	180	33170
COV	[181-181]	181	32182
COV	[182-182]	182	31044
COV	[183-183]	183	30841
COV	[184-184]	184	30010
COV	[185-185]	185	29142
COV	[186-186]	186	28479
COV	[187-187]	187	27694
COV	[188-188]	188	26964
COV	[189-189]	189	26101
COV	[190-190]	190	25283
COV	[191-191]	191	24576
COV	[192-192]	192	24109
COV	[193-193]	193	23396
COV	[194-194]	194	22669
COV	[195-195]	195	22194
COV	[196-196]	196	21661
COV	[197-197]	197	21283
COV	[198-198]	198	20765
COV	[199-199]	199	20205
COV	[200-200]	200	19623
COV	[201-201]	201	18715
COV	[202-202]	202	18503
COV	[203-203]	203	17842
COV	[204-204]	204	17136
COV	[205-205]	205	16832
COV	[206-206]	206	16417
COV	[207-207]	207	15785
COV	[208-208]	208	15219
COV	[209-209]	209	14986
COV	[210-210]	210	14687
COV	[211-211]	211	14471
COV	[212-212]	212	13793
COV	[213-213]	213	13462
COV	[214-214]	214	12984
COV	[215-215]	215	12610
COV	[216-216]	216	12593
COV	[217-217]	217	12274
COV	[218-218]	218	11841
COV	[219-219]	219	11409
COV	[220-220]	220	11514
COV	[221-221]	221	11216
COV	[222-222]	222	10767
COV	[223-223]	223	10728
COV	[224-224]	224	10202
COV	[225-225]	225	10119
COV	[226-226]	226	9999
COV	[227-227]	227	9812
COV	[228-228]	228	9519
COV	[229-229]	229	9407
COV	[230-230]	230	9241
COV	[231-231]	231	8923
COV	[232-232]	232	8786
COV	[233-233]	233	8533
COV	[234-234]	234	8127
COV	[235-235]	235	7925
COV	[236-236]	236	7809
COV	[237-237]	237	7518
COV	[238-238]	238	7389
COV	[239-239]	239	7083
COV	[240-240]	240	6958
COV	[241-241]	241	6889
COV	[242-242]	242	6736
COV	[243-243]	243	6538
COV	[244-244]	244	6366
COV	[245-245]	245	6405
COV	[246-246]	246	6177
COV	[247-247]	247	6016
COV	[248-248]	248	5894
COV	[249-249]	249	5709
COV	[250-250]	250	5770
COV	[251-251]	251	5668
COV	[252-252]	252	5445
COV	[253-253]	253	5460
COV	[254-254]	254	5272
COV	[255-255]	255	5150
COV	[256-256]	256	5058
COV	[257-257]	257	5001
COV	[258-258]	258	4856
COV	[259-259]	259	4808
COV	[260-260]	260	4744
COV	[261-261]	261	4466
COV	[262-262]	262	4536
COV	[263-263]	263	4342
COV	[264-264]	264	4242
COV	[265-265]	265	4038
COV	[266-266]	266	3970
COV	[267-267]	267	3853
COV	[268-268]	268	3758
COV	[269-269]	269	3683
COV	[270-270]	270	3402
COV	[271-271]	271	3515
COV	[272-272]	272	3345
COV	[273-273]	273	3267
COV	[274-274]	274	3201
COV	[275-275]	275	3219
COV	[276-276]	276	3048
COV	[277-277]	277	3168
COV	[278-278]	278	2982
COV	[279-279]	279	2969
COV	[280-280]	280	2797
COV	[281-281]	281	2683
COV	[282-282]	282	2659
COV	[283-283]	283	2586
COV	[284-284]	284	2648
COV	[285-285]	285	2605
COV	[286-286]	286	2518
COV	[287-287]	287	2453
COV	[288-288]	288	2313
COV	[289-289]	289	2384
COV	[290-290]	290	2334
COV	[291-291]	291	2262
COV	[292-292]	292	2235
COV	[293-293]	293	2155
COV	[294-294]	294	2055
COV	[295-295]	295	1969
COV	[296-296]	296	1979
COV	[297-297]	297	1947
COV	[298-298]	298	1905
COV	[299-299]	299	1846
COV	[300-300]	300	1925
COV	[301-301]	301	1793
COV	[302-302]	302	1790
COV	[303-303]	303	1774
COV	[304-304]	304	1724
COV	[305-305]	305	1755
COV	[306-306]	306	1680
COV	[307-307]	307	1659
COV	[308-308]	308	1586
COV	[309-309]	309	1446
COV	[310-310]	310	1468
COV	[311-311]	311	1488
COV	[312-312]	312	1422
COV	[313-313]	313	1439
COV	[314-314]	314	1380
COV	[315-315]	315	1357
COV	[316-316]	316	1373
COV	[317-317]	317	1359
COV	[318-318]	318	1277
COV	[319-319]	319	1290
COV	[320-320]	320	1237
COV	[321-321]	321	1125
COV	[322-322]	322	1099
COV	[323-323]	323	1113
COV	[324-324]	324	1061
COV	[325-325]	325	1085
COV	[326-326]	326	1060
COV	[327-327]	327	1076
COV	[328-328]	328	1024
COV	[329-329]	329	977
COV	[330-330]	330	1033
COV	[331-331]	331	996
COV	[332-332]	332	960
COV	[333-333]	333	950
COV	[334-334]	334	945
COV	[335-335]	335	932
COV	[336-336]	336	957
COV	[337-337]	337	850
COV	[338-338]	338	873
COV	[339-339]	339	802
COV	[340-340]	340	825
COV	[341-341]	341	835
COV	[342-342]	342	823
COV	[343-343]	343	816
COV	[344-344]	344	816
COV	[345-345]	345	817
COV	[346-346]	346	803
COV	[347-347]	347	827
COV	[348-348]	348	801
COV	[349-349]	349	796
COV	[350-350]	350	764
COV	[351-351]	351	704
COV	[352-352]	352	780
COV	[353-353]	353	753
COV	[354-354]	354	712
COV	[355-355]	355	682
COV	[356-356]	356	665
COV	[357-357]	357	694
COV	[358-358]	358	583
COV	[359-359]	359	644
COV	[360-360]	360	585
COV	[361-361]	361	592
COV	[362-362]	362	543
COV	[363-363]	363	548
COV	[364-364]	364	536
COV	[365-365]	365	548
COV	[366-366]	366	552
COV	[367-367]	367	508
COV	[368-368]	368	534
COV	[369-369]	369	517
COV	[370-370]	370	512
COV	[371-371]	371	484
COV	[372-372]	372	496
COV	[373-373]	373	476
COV	[374-374]	374	452
COV	[375-375]	375	468
COV	[376-376]	376	451
COV	[377-377]	377	459
COV	[378-378]	378	480
COV	[379-379]	379	442
COV	[380-380]	380	452
COV	[381-381]	381	446
COV	[382-382]	382	472
COV	[383-383]	383	462
COV	[384-384]	384	427
COV	[385-385]	385	485
COV	[386-386]	386	417
COV	[387-387]	387	419
COV	[388-388]	388	393
COV	[389-389]	389	446
COV	[390-390]	390	406
COV	[391-391]	391	406
COV	[392-392]	392	410
COV	[393-393]	393	378
COV	[394-394]	394	403
COV	[395-395]	395	375
COV	[396-396]	396	368
COV	[397-397]	397	396
COV	[398-398]	398	362
COV	[399-399]	399	410
COV	[400-400]	400	375
COV	[401-401]	401	364
COV	[402-402]	402	390
COV	[403-403]	403	391
COV	[404-404]	404	360
COV	[405-405]	405	398
COV	[406-406]	406	362
COV	[407-407]	407	352
COV	[408-408]	408	385
COV	[409-409]	409	362
COV	[410-410]	410	382
COV	[411-411]	411	363
COV	[412-412]	412	332
COV	[413-413]	413	381
COV	[414-414]	414	366
COV	[415-415]	415	344
COV	[416-416]	416	325
COV	[417-417]	417	336
COV	[418-418]	418	347
COV	[419-419]	419	357
COV	[420-420]	420	338
COV	[421-421]	421	324
COV	[422-422]	422	391
COV	[423-423]	423	341
COV	[424-424]	424	356
COV	[425-425]	425	343
COV	[426-426]	426	341
COV	[427-427]	427	334
COV	[428-428]	428	322
COV	[429-429]	429	322
COV	[430-430]	430	321
COV	[431-431]	431	303
COV	[432-432]	432	326
COV	[433-433]	433	304
COV	[434-434]	434	265
COV	[435-435]	435	282
COV	[436-436]	436	267
COV	[437-437]	437	287
COV	[438-438]	438	268
COV	[439-439]	439	279
COV	[440-440]	440	283
COV	[441-441]	441	267
COV	[442-442]	442	264
COV	[443-443]	443	271
COV	[444-444]	444	266
COV	[445-445]	445	312
COV	[446-446]	446	253
COV	[447-447]	447	265
COV	[448-448]	448	293
COV	[449-449]	449	268
COV	[450-450]	450	259
COV	[451-451]	451	277
COV	[452-452]	452	265
COV	[453-453]	453	244
COV	[454-454]	454	259
COV	[455-455]	455	291
COV	[456-456]	456	271
COV	[457-457]	457	242
COV	[458-458]	458	272
COV	[459-459]	459	255
COV	[460-460]	460	242
COV	[461-461]	461	217
COV	[462-462]	462	229
COV	[463-463]	463	213
COV	[464-464]	464	192
COV	[465-465]	465	211
COV	[466-466]	466	223
COV	[467-467]	467	203
COV	[468-468]	468	200
COV	[469-469]	469	201
COV	[470-470]	470	177
COV	[471-471]	471	196
COV	[472-472]	472	187
COV	[473-473]	473	191
COV	[474-474]	474	205
COV	[475-475]	475	184
COV	[476-476]	476	171
COV	[477-477]	477	188
COV	[478-478]	478	203
COV	[479-479]	479	204
COV	[480-480]	480	185
COV	[481-481]	481	196
COV	[482-482]	482	212
COV	[483-483]	483	221
COV	[484-484]	484	217
COV	[485-485]	485	180
COV	[486-486]	486	197
COV	[487-487]	487	178
COV	[488-488]	488	212
COV	[489-489]	489	203
COV	[490-490]	490	211
COV	[491-491]	491	185
COV	[492-492]	492	187
COV	[493-493]	493	197
COV	[494-494]	494	186
COV	[495-495]	495	221
COV	[496-496]	496	187
COV	[497-497]	497	187
COV	[498-498]	498	185
COV	[499-499]	499	169
COV	[500-500]	500	179
COV	[501-501]	501	157
COV	[502-502]	502	186
COV	[503-503]	503	181
COV	[504-504]	504	170
COV	[505-505]	505	148
COV	[506-506]	506	181
COV	[507-507]	507	163
COV	[508-508]	508	174
COV	[509-509]	509	171
COV	[510-510]	510	176
COV	[511-511]	511	171
COV	[512-512]	512	165
COV	[513-513]	513	171
COV	[514-514]	514	185
COV	[515-515]	515	180
COV	[516-516]	516	189
COV	[517-517]	517	177
COV	[518-518]	518	158
COV	[519-519]	519	153
COV	[520-520]	520	168
COV	[521-521]	521	173
COV	[522-522]	522	177
COV	[523-523]	523	144
COV	[524-524]	524	169
COV	[525-525]	525	202
COV	[526-526]	526	186
COV	[527-527]	527	191
COV	[528-528]	528	166
COV	[529-529]	529	141
COV	[530-530]	530	160
COV	[531-531]	531	160
COV	[532-532]	532	128
COV	[533-533]	533	130
COV	[534-534]	534	135
COV	[535-535]	535	142
COV	[536-536]	536	137
COV	[537-537]	537	134
COV	[538-538]	538	133
COV	[539-539]	539	135
COV	[540-540]	540	124
COV	[541-541]	541	107
COV	[542-542]	542	119
COV	[543-543]	543	109
COV	[544-544]	544	125
COV	[545-545]	545	126
COV	[546-546]	546	120
COV	[547-547]	547	108
COV	[548-548]	548	126
COV	[549-549]	549	90
COV	[550-550]	550	116
COV	[551-551]	551	125
COV	[552-552]	552	103
COV	[553-553]	553	98
COV	[554-554]	554	88
COV	[555-555]	555	90
COV	[556-556]	556	88
COV	[557-557]	557	89
COV	[558-558]	558	99
COV	[559-559]	559	93
COV	[560-560]	560	78
COV	[561-561]	561	93
COV	[562-562]	562	84
COV	[563-563]	563	93
COV	[564-564]	564	84
COV	[565-565]	565	88
COV	[566-566]	566	78
COV	[567-567]	567	95
COV	[568-568]	568	104
COV	[569-569]	569	84
COV	[570-570]	570	97
COV	[571-571]	571	91
COV	[572-572]	572	85
COV	[573-573]	573	69
COV	[574-574]	574	104
COV	[575-575]	575	91
COV	[576-576]	576	90
COV	[577-577]	577	84
COV	[578-578]	578	78
COV	[579-579]	579	78
COV	[580-580]	580	71
COV	[581-581]	581	77
COV	[582-582]	582	77
COV	[583-583]	583	66
COV	[584-584]	584	66
COV	[585-585]	585	63
COV	[586-586]	586	69
COV	[587-587]	587	57
COV	[588-588]	588	68
COV	[589-589]	589	66
COV	[590-590]	590	81
COV	[591-591]	591	70
COV	[592-592]	592	51
COV	[593-593]	593	56
COV	[594-594]	594	66
COV	[595-595]	595	51
COV	[596-596]	596	53
COV	[597-597]	597	56
COV	[598-598]	598	63
COV	[599-599]	599	41
COV	[600-600]	600	56
COV	[601-601]	601	53
COV	[602-602]	602	64
COV	[603-603]	603	51
COV	[604-604]	604	63
COV	[605-605]	605	44
COV	[606-606]	606	62
COV	[607-607]	607	62
COV	[608-608]	608	70
COV	[609-609]	609	63
COV	[610-610]	610	50
COV	[611-611]	611	65
COV	[612-612]	612	61
COV	[613-613]	613	64
COV	[614-614]	614	59
COV	[615-615]	615	57
COV	[616-616]	616	52
COV	[617-617]	617	48
COV	[618-618]	618	49
COV	[619-619]	619	69
COV	[620-620]	620	61
COV	[621-621]	621	61
COV	[622-622]	622	60
COV	[623-623]	623	55
COV	[624-624]	624	65
COV	[625-625]	625	48
COV	[626-626]	626	60
COV	[627-627]	627	66
COV	[628-628]	628	38
COV	[629-629]	629	50
COV	[630-630]	630	49
COV	[631-631]	631	49
COV	[632-632]	632	49
COV	[633-633]	633	53
COV	[634-634]	634	39
COV	[635-635]	635	35
COV	[636-636]	636	35
COV	[637-637]	637	57
COV	[638-638]	638	45
COV	[639-639]	639	39
COV	[640-640]	640	56
COV	[641-641]	641	45
COV	[642-642]	642	50
COV	[643-643]	643	44
COV	[644-644]	644	34
COV	[645-645]	645	49
COV	[646-646]	646	44
COV	[647-647]	647	49
COV	[648-648]	648	40
COV	[649-649]	649	45
COV	[650-650]	650	35
COV	[651-651]	651	24
COV	[652-652]	652	37
COV	[653-653]	653	41
COV	[654-654]	654	37
COV	[655-655]	655	33
COV	[656-656]	656	28
COV	[657-657]	657	16
COV	[658-658]	658	34
COV	[659-659]	659	38
COV	[660-660]	660	35
COV	[661-661]	661	46
COV	[662-662]	662	50
COV	[663-663]	663	50
COV	[664-664]	664	33
COV	[665-665]	665	51
COV	[666-666]	666	31
COV	[667-667]	667	41
COV	[668-668]	668	46
COV	[669-669]	669	42
COV	[670-670]	670	33
COV	[671-671]	671	44
COV	[672-672]	672	42
COV	[673-673]	673	46
COV	[674-674]	674	43
COV	[675-675]	675	38
COV	[676-676]	676	34
COV	[677-677]	677	46
COV	[678-678]	678	43
COV	[679-679]	679	39
COV	[680-680]	680	46
COV	[681-681]	681	41
COV	[682-682]	682	41
COV	[683-683]	683	47
COV	[684-684]	684	45
COV	[685-685]	685	44
COV	[686-686]	686	37
COV	[687-687]	687	39
COV	[688-688]	688	24
COV	[689-689]	689	34
COV	[690-690]	690	36
COV	[691-691]	691	40
COV	[692-692]	692	36
COV	[693-693]	693	49
COV	[694-694]	694	41
COV	[695-695]	695	52
COV	[696-696]	696	36
COV	[697-697]	697	37
COV	[698-698]	698	50
COV	[699-699]	699	36
COV	[700-700]	700	35
COV	[701-701]	701	32
COV	[702-702]	702	36
COV	[703-703]	703	27
COV	[704-704]	704	42
COV	[705-705]	705	29
COV	[706-706]	706	38
COV	[707-707]	707	34
COV	[708-708]	708	30
COV	[709-709]	709	32
COV	[710-710]	710	30
COV	[711-711]	711	35
COV	[712-712]	712	27
COV	[713-713]	713	34
COV	[714-714]	714	33
COV	[715-715]	715	41
COV	[716-716]	716	28
COV	[717-717]	717	30
COV	[718-718]	718	32
COV	[719-719]	719	39
COV	[720-720]	720	30
COV	[721-721]	721	33
COV	[722-722]	722	32
COV	[723-723]	723	42
COV	[724-724]	724	38
COV	[725-725]	725	37
COV	[726-726]	726	26
COV	[727-727]	727	39
COV	[728-728]	728	42
COV	[729-729]	729	31
COV	[730-730]	730	28
COV	[731-731]	731	35
COV	[732-732]	732	35
COV	[733-733]	733	30
COV	[734-734]	734	35
COV	[735-735]	735	29
COV	[736-736]	736	30
COV	[737-737]	737	32
COV	[738-738]	738	29
COV	[739-739]	739	38
COV	[740-740]	740	38
COV	[741-741]	741	30
COV	[742-742]	742	25
COV	[743-743]	743	29
COV	[744-744]	744	33
COV	[745-745]	745	32
COV	[746-746]	746	30
COV	[747-747]	747	38
COV	[748-748]	748	43
COV	[749-749]	749	34
COV	[750-750]	750	42
COV	[751-751]	751	28
COV	[752-752]	752	37
COV	[753-753]	753	33
COV	[754-754]	754	22
COV	[755-755]	755	30
COV	[756-756]	756	25
COV	[757-757]	757	26
COV	[758-758]	758	24
COV	[759-759]	759	28
COV	[760-760]	760	30
COV	[761-761]	761	26
COV	[762-762]	762	23
COV	[763-763]	763	23
COV	[764-764]	764	29
COV	[765-765]	765	23
COV	[766-766]	766	27
COV	[767-767]	767	26
COV	[768-768]	768	21
COV	[769-769]	769	29
COV	[770-770]	770	32
COV	[771-771]	771	27
COV	[772-772]	772	23
COV	[773-773]	773	19
COV	[774-774]	774	29
COV	[775-775]	775	21
COV	[776-776]	776	28
COV	[777-777]	777	25
COV	[778-778]	778	28
COV	[779-779]	779	20
COV	[780-780]	780	23
COV	[781-781]	781	23
COV	[782-782]	782	20
COV	[783-783]	783	23
COV	[784-784]	784	14
COV	[785-785]	785	21
COV	[786-786]	786	8
COV	[787-787]	787	24
COV	[788-788]	788	20
COV	[789-789]	789	17
COV	[790-790]	790	11
COV	[791-791]	791	23
COV	[792-792]	792	19
COV	[793-793]	793	13
COV	[794-794]	794	15
COV	[795-795]	795	20
COV	[796-796]	796	13
COV	[797-797]	797	14
COV	[798-798]	798	24
COV	[799-799]	799	17
COV	[800-800]	800	13
COV	[801-801]	801	11
COV	[802-802]	802	13
COV	[803-803]	803	13
COV	[804-804]	804	15
COV	[805-805]	805	20
COV	[806-806]	806	13
COV	[807-807]	807	9
COV	[808-808]	808	16
COV	[809-809]	809	22
COV	[810-810]	810	15
COV	[811-811]	811	10
COV	[812-812]	812	15
COV	[813-813]	813	19
COV	[814-814]	814	22
COV	[815-815]	815	19
COV	[816-816]	816	13
COV	[817-817]	817	20
COV	[818-818]	818	15
COV	[819-819]	819	16
COV	[820-820]	820	13
COV	[821-821]	821	17
COV	[822-822]	822	22
COV	[823-823]	823	16
COV	[824-824]	824	17
COV	[825-825]	825	13
COV	[826-826]	826	21
COV	[827-827]	827	10
COV	[828-828]	828	16
COV	[829-829]	829	14
COV	[830-830]	830	13
COV	[831-831]	831	14
COV	[832-832]	832	15
COV	[833-833]	833	13
COV	[834-834]	834	13
COV	[835-835]	835	13
COV	[836-836]	836	18
COV	[837-837]	837	14
COV	[838-838]	838	11
COV	[839-839]	839	14
COV	[840-840]	840	19
COV	[841-841]	841	7
COV	[842-842]	842	10
COV	[843-843]	843	9
COV	[844-844]	844	13
COV	[845-845]	845	9
COV	[846-846]	846	6
COV	[847-847]	847	11
COV	[848-848]	848	12
COV	[849-849]	849	10
COV	[850-850]	850	5
COV	[851-851]	851	15
COV	[852-852]	852	8
COV	[853-853]	853	19
COV	[854-854]	854	12
COV	[855-855]	855	8
COV	[856-856]	856	13
COV	[857-857]	857	10
COV	[858-858]	858	12
COV	[859-859]	859	9
COV	[860-860]	860	7
COV	[861-861]	861	10
COV	[862-862]	862	10
COV	[863-863]	863	14
COV	[864-864]	864	17
COV	[865-865]	865	15
COV	[866-866]	866	14
COV	[867-867]	867	16
COV	[868-868]	868	16
COV	[869-869]	869	12
COV	[870-870]	870	16
COV	[871-871]	871	15
COV	[872-872]	872	12
COV	[873-873]	873	10
COV	[874-874]	874	17
COV	[875-875]	875	9
COV	[876-876]	876	12
COV	[877-877]	877	15
COV	[878-878]	878	20
COV	[879-879]	879	11
COV	[880-880]	880	13
COV	[881-881]	881	13
COV	[882-882]	882	12
COV	[883-883]	883	16
COV	[884-884]	884	12
COV	[885-885]	885	11
COV	[886-886]	886	14
COV	[887-887]	887	8
COV	[888-888]	888	15
COV	[889-889]	889	8
COV	[890-890]	890	8
COV	[891-891]	891	10
COV	[892-892]	892	14
COV	[893-893]	893	9
COV	[894-894]	894	14
COV	[895-895]	895	8
COV	[896-896]	896	11
COV	[897-897]	897	12
COV	[898-898]	898	7
COV	[899-899]	899	6
COV	[900-900]	900	3
COV	[901-901]	901	13
COV	[902-902]	902	9
COV	[903-903]	903	18
COV	[904-904]	904	14
COV	[905-905]	905	14
COV	[906-906]	906	10
COV	[907-907]	907	15
COV	[908-908]	908	14
COV	[909-909]	909	10
COV	[910-910]	910	9
COV	[911-911]	911	19
COV	[912-912]	912	14
COV	[913-913]	913	11
COV	[914-914]	914	11
COV	[915-915]	915	6
COV	[916-916]	916	8
COV	[917-917]	917	14
COV	[918-918]	918	7
COV	[919-919]	919	15
COV	[920-920]	920	9
COV	[921-921]	921	12
COV	[922-922]	922	12
COV	[923-923]	923	8
COV	[924-924]	924	8
COV	[925-925]	925	7
COV	[926-926]	926	4
COV	[927-927]	927	7
COV	[928-928]	928	5
COV	[929-929]	929	8
COV	[930-930]	930	7
COV	[931-931]	931	10
COV	[932-932]	932	9
COV	[933-933]	933	5
COV	[934-934]	934	11
COV	[935-935]	935	6
COV	[936-936]	936	6
COV	[937-937]	937	3
COV	[938-938]	938	2
COV	[939-939]	939	3
COV	[940-940]	940	5
COV	[941-941]	941	3
COV	[942-942]	942	6
COV	[943-943]	943	8
COV	[944-944]	944	5
COV	[945-945]	945	6
COV	[946-946]	946	5
COV	[947-947]	947	3
COV	[948-948]	948	6
COV	[949-949]	949	8
COV	[950-950]	950	5
COV	[951-951]	951	5
COV	[952-952]	952	3
COV	[953-953]	953	3
COV	[954-954]	954	3
COV	[955-955]	955	6
COV	[956-956]	956	5
COV	[957-957]	957	4
COV	[958-958]	958	7
COV	[959-959]	959	3
COV	[960-960]	960	1
COV	[961-961]	961	4
COV	[962-962]	962	4
COV	[963-963]	963	4
COV	[964-964]	964	6
COV	[965-965]	965	6
COV	[966-966]	966	2
COV	[967-967]	967	1
COV	[968-968]	968	5
COV	[969-969]	969	8
COV	[970-970]	970	7
COV	[971-971]	971	2
COV	[972-972]	972	6
COV	[973-973]	973	5
COV	[974-974]	974	7
COV	[975-975]	975	3
COV	[976-976]	976	6
COV	[977-977]	977	3
COV	[978-978]	978	4
COV	[979-979]	979	6
COV	[980-980]	980	4
COV	[981-981]	981	4
COV	[982-982]	982	4
COV	[983-983]	983	6
COV	[984-984]	984	5
COV	[985-985]	985	2
COV	[986-986]	986	1
COV	[987-987]	987	4
COV	[988-988]	988	5
COV	[989-989]	989	7
COV	[990-990]	990	4
COV	[991-991]	991	4
COV	[992-992]	992	2
COV	[993-993]	993	2
COV	[994-994]	994	4
COV	[995-995]	995	3
COV	[996-996]	996	6
COV	[997-997]	997	5
COV	[998-998]	998	6
COV	[999-999]	999	4
COV	[1000-1000]	1000	7
COV	[1000<]	1000	1276
# GC-depth. Use `grep ^GCD | cut -f 2-` to extract this part. The columns are: GC%, unique sequence percentiles, 10th, 25th, 50th, 75th and 90th depth percentile
GCD	0.0	0.003	0.000	0.001	0.004	0.004	0.004
GCD	0.4	0.004	0.004	0.004	0.004	0.004	0.004
GCD	5.0	0.005	0.004	0.004	0.004	0.004	0.004
GCD	11.0	0.007	0.004	0.004	0.004	0.004	0.004
GCD	14.0	0.007	0.004	0.004	0.004	0.004	0.004
GCD	17.0	0.008	0.012	0.012	0.012	0.012	0.012
GCD	18.0	0.009	0.004	0.004	0.004	0.004	0.004
GCD	19.0	0.009	0.039	0.039	0.039	0.039	0.039
GCD	20.0	0.010	0.008	0.008	0.008	0.008	0.008
GCD	21.0	0.010	0.225	0.225	0.225	0.225	0.225
GCD	23.0	0.012	0.758	0.758	1.638	2.518	2.518
GCD	24.0	0.012	0.687	0.687	0.687	0.687	0.687
GCD	25.0	0.016	0.012	0.413	1.350	6.046	8.882
GCD	26.0	0.018	0.075	0.075	0.201	0.209	0.209
GCD	27.0	0.018	0.004	0.004	0.004	0.004	0.004
GCD	28.0	0.021	0.016	0.029	0.073	0.692	0.896
GCD	29.0	0.030	0.008	0.019	0.298	1.106	1.676
GCD	30.0	0.046	0.008	0.373	0.809	1.978	3.787
GCD	31.0	0.101	0.044	0.134	0.888	1.607	2.515
GCD	32.0	0.253	0.130	0.211	0.999	2.374	4.139
GCD	33.0	0.600	0.150	0.217	0.975	2.256	3.928
GCD	34.0	1.397	0.150	0.205	0.833	2.513	4.345
GCD	35.0	2.895	0.158	0.205	0.320	2.333	4.611
GCD	36.0	5.445	0.158	0.205	0.276	1.859	4.222
GCD	37.0	9.308	0.154	0.209	0.268	1.374	4.002
GCD	38.0	14.668	0.162	0.217	0.276	0.888	3.649
GCD	39.0	21.265	0.170	0.225	0.288	0.561	3.304
GCD	40.0	28.544	0.189	0.245	0.312	0.513	3.361
GCD	41.0	35.750	0.209	0.264	0.336	0.541	3.328
GCD	42.0	42.829	0.225	0.284	0.359	0.592	3.351
GCD	43.0	49.487	0.241	0.308	0.395	0.943	3.628
GCD	44.0	55.607	0.261	0.336	0.434	1.004	3.853
GCD	45.0	61.193	0.276	0.363	0.470	1.155	4.374
GCD	46.0	66.013	0.296	0.399	0.521	1.461	4.906
GCD	47.0	70.204	0.312	0.430	0.568	1.816	5.641
GCD	48.0	73.740	0.339	0.470	0.620	1.970	5.664
GCD	49.0	76.908	0.363	0.513	0.691	2.606	6.977
GCD	50.0	79.717	0.391	0.561	0.801	3.063	7.194
GCD	51.0	82.184	0.422	0.624	0.892	3.557	8.359
GCD	52.0	84.456	0.442	0.677	1.101	4.242	9.170
GCD	53.0	86.477	0.474	0.734	1.370	4.427	9.643
GCD	54.0	88.291	0.529	0.817	1.936	5.538	11.336
GCD	55.0	89.975	0.588	0.924	2.305	6.837	12.256
GCD	56.0	91.519	0.683	1.090	3.168	7.921	14.565
GCD	57.0	92.960	0.786	1.225	3.490	8.593	15.323
GCD	58.0	94.303	0.881	1.366	3.691	8.902	16.549
GCD	59.0	95.542	0.945	1.599	4.603	10.445	18.371
GCD	60.0	96.591	0.959	1.640	4.960	10.823	18.353
GCD	61.0	97.498	1.052	1.825	5.675	12.214	20.977
GCD	62.0	98.258	1.111	1.792	5.223	11.438	20.778
GCD	63.0	98.849	1.233	1.954	5.120	11.463	19.826
GCD	64.0	99.269	1.196	1.873	5.053	11.248	19.444
GCD	65.0	99.601	1.311	2.155	5.029	9.900	18.314
GCD	66.0	99.811	1.414	2.106	4.780	11.166	19.881
GCD	67.0	99.908	1.054	1.847	3.663	7.427	15.024
GCD	68.0	99.958	1.857	2.469	3.963	7.147	14.496
GCD	69.0	99.983	1.264	2.751	3.673	7.107	18.967
GCD	70.0	99.991	0.004	0.077	2.159	4.644	8.673
GCD	71.0	99.996	0.004	0.714	3.138	16.224	17.053
GCD	72.0	99.997	1.966	1.966	2.171	2.376	2.376
GCD	74.0	99.999	0.095	0.095	21.940	25.686	25.686
GCD	76.0	100.000	9.446	9.446	9.446	9.446	9.446
