## htsjdk.samtools.metrics.StringHeader
# CollectInsertSizeMetrics --Histogram_FILE metrics/ERR2828408_InsertSize_histogram.pdf --MINIMUM_PCT 0.5 --INPUT post_aligned/ERR2828408_fixed_sorted.bam --OUTPUT metrics/ERR2828408_InsertSize.txt --DEVIATIONS 10.0 --METRIC_ACCUMULATION_LEVEL ALL_READS --INCLUDE_DUPLICATES false --ASSUME_SORTED true --STOP_AFTER 0 --VERBOSITY INFO --QUIET false --VALIDATION_STRINGENCY STRICT --COMPRESSION_LEVEL 2 --MAX_RECORDS_IN_RAM 500000 --CREATE_INDEX false --CREATE_MD5_FILE false --GA4GH_CLIENT_SECRETS client_secrets.json --help false --version false --showHidden false --USE_JDK_DEFLATER false --USE_JDK_INFLATER false
## htsjdk.samtools.metrics.StringHeader
# Started on: Tue Jul 01 11:37:54 EDT 2025

## METRICS CLASS	picard.analysis.InsertSizeMetrics
MEDIAN_INSERT_SIZE	MODE_INSERT_SIZE	MEDIAN_ABSOLUTE_DEVIATION	MIN_INSERT_SIZE	MAX_INSERT_SIZE	MEAN_INSERT_SIZE	STANDARD_DEVIATION	READ_PAIRS	PAIR_ORIENTATION	WIDTH_OF_10_PERCENT	WIDTH_OF_20_PERCENT	WIDTH_OF_30_PERCENT	WIDTH_OF_40_PERCENT	WIDTH_OF_50_PERCENT	WIDTH_OF_60_PERCENT	WIDTH_OF_70_PERCENT	WIDTH_OF_80_PERCENT	WIDTH_OF_90_PERCENT	WIDTH_OF_95_PERCENT	WIDTH_OF_99_PERCENT	SAMPLE	LIBRARY	READ_GROUP
156	126	40	2	236309800	173.269015	72.352533	39666496	FR	17	33	49	65	81	99	121	151	233	327	535			

## HISTOGRAM	java.lang.Integer
insert_size	All_Reads.fr_count
2	79
3	86
4	93
5	84
6	94
7	113
8	123
9	137
10	149
11	125
12	144
13	169
14	171
15	214
16	208
17	213
18	226
19	738
20	526
21	425
22	367
23	296
24	329
25	307
26	301
27	354
28	370
29	380
30	386
31	425
32	427
33	431
34	440
35	492
36	543
37	522
38	543
39	583
40	628
41	691
42	672
43	810
44	865
45	934
46	1023
47	1193
48	1230
49	1511
50	1810
51	1934
52	2232
53	2499
54	2929
55	3375
56	3804
57	4634
58	5404
59	6185
60	7064
61	8170
62	9556
63	11147
64	12804
65	14698
66	16796
67	19293
68	22307
69	25024
70	28327
71	32341
72	36061
73	40940
74	45949
75	51469
76	56590
77	62885
78	69102
79	75530
80	83124
81	89486
82	97770
83	105849
84	113752
85	122169
86	129988
87	138229
88	146010
89	155608
90	163766
91	172063
92	180514
93	188119
94	196396
95	203444
96	211293
97	217957
98	224900
99	231398
100	237756
101	244638
102	249231
103	255063
104	260246
105	264125
106	268993
107	273170
108	276679
109	280562
110	283321
111	286092
112	288991
113	290883
114	294134
115	294195
116	295778
117	297885
118	298868
119	299311
120	300767
121	300024
122	300780
123	300857
124	300334
125	301525
126	301562
127	300138
128	300090
129	298587
130	298865
131	297041
132	296990
133	294151
134	293867
135	293154
136	291342
137	289369
138	288633
139	287171
140	284623
141	282484
142	281529
143	278944
144	276912
145	274684
146	273157
147	271268
148	270068
149	268418
150	265886
151	264044
152	260830
153	258835
154	256090
155	253999
156	251248
157	249171
158	248161
159	245740
160	242608
161	240039
162	238198
163	235341
164	232584
165	230813
166	228604
167	226470
168	223237
169	221332
170	219754
171	216999
172	213965
173	212201
174	209772
175	207548
176	206019
177	202651
178	200032
179	197647
180	196506
181	193371
182	191575
183	189554
184	186470
185	184266
186	182738
187	179318
188	177846
189	176054
190	173412
191	171074
192	169409
193	167374
194	165322
195	163207
196	161539
197	158265
198	157718
199	154990
200	153334
201	152094
202	149310
203	148156
204	145150
205	143599
206	141446
207	140073
208	137524
209	135143
210	134922
211	132343
212	131040
213	128920
214	127968
215	126308
216	123937
217	122481
218	121039
219	119180
220	117604
221	116351
222	114905
223	112584
224	111718
225	110099
226	108732
227	107557
228	105812
229	104326
230	103252
231	101199
232	100028
233	98496
234	97298
235	95882
236	94430
237	93009
238	92061
239	90995
240	89459
241	87783
242	87087
243	85599
244	84408
245	83683
246	82217
247	81154
248	80017
249	78574
250	78187
251	76272
252	75347
253	75242
254	74119
255	72352
256	71299
257	70912
258	69624
259	68271
260	67928
261	66753
262	65999
263	65340
264	64052
265	63064
266	62155
267	61477
268	60734
269	59815
270	58699
271	58116
272	56854
273	56668
274	55822
275	55120
276	54342
277	53334
278	52777
279	51927
280	51569
281	50626
282	49827
283	48764
284	48208
285	47933
286	47236
287	46588
288	45859
289	45424
290	44367
291	43816
292	43268
293	42712
294	42124
295	41434
296	40715
297	40206
298	39774
299	38888
300	38725
301	37777
302	37405
303	37076
304	36942
305	35844
306	35721
307	34956
308	34262
309	33770
310	33729
311	32807
312	32682
313	32389
314	31733
315	31006
316	30621
317	30329
318	29909
319	29545
320	29227
321	28823
322	28169
323	27760
324	27193
325	27059
326	26567
327	26669
328	26215
329	25564
330	25091
331	24943
332	24617
333	24091
334	23844
335	23289
336	23514
337	22616
338	22509
339	22226
340	22085
341	21167
342	21075
343	20801
344	20768
345	20413
346	19932
347	19626
348	19358
349	19100
350	19020
351	18375
352	18371
353	18126
354	17726
355	17561
356	17371
357	17241
358	16714
359	16502
360	16230
361	16236
362	15661
363	15480
364	15142
365	15197
366	14978
367	14737
368	14537
369	14355
370	13933
371	13943
372	13682
373	13502
374	13171
375	13145
376	12834
377	12511
378	12565
379	12433
380	12053
381	11944
382	11954
383	11590
384	11579
385	11220
386	11135
387	11050
388	10816
389	10716
390	10400
391	10177
392	10041
393	9958
394	9810
395	9733
396	9494
397	9332
398	9345
399	9072
400	9025
401	8903
402	8680
403	8498
404	8490
405	8245
406	8165
407	8102
408	7996
409	7765
410	7969
411	7585
412	7646
413	7400
414	7300
415	7056
416	7130
417	7002
418	6853
419	6980
420	6740
421	6535
422	6401
423	6579
424	6166
425	6205
426	6111
427	6029
428	5867
429	5762
430	5725
431	5523
432	5556
433	5454
434	5311
435	5286
436	5262
437	5070
438	5005
439	4916
440	4921
441	4804
442	4760
443	4803
444	4547
445	4572
446	4564
447	4422
448	4446
449	4207
450	4247
451	4069
452	4090
453	3936
454	3822
455	3847
456	3746
457	3696
458	3602
459	3636
460	3615
461	3425
462	3429
463	3375
464	3257
465	3256
466	3185
467	3138
468	3092
469	3012
470	2829
471	2875
472	2861
473	2905
474	2702
475	2592
476	2544
477	2605
478	2455
479	2450
480	2485
481	2354
482	2256
483	2371
484	2246
485	2206
486	2189
487	2123
488	2172
489	2040
490	2063
491	1972
492	2079
493	1915
494	1897
495	1885
496	1871
497	1801
498	1802
499	1774
500	1792
501	1638
502	1755
503	1651
504	1667
505	1630
506	1673
507	1568
508	1584
509	1460
510	1463
511	1406
512	1449
513	1417
514	1416
515	1394
516	1402
517	1308
518	1386
519	1309
520	1300
521	1287
522	1256
523	1256
524	1178
525	1143
526	1130
527	1141
528	1151
529	1132
530	1100
531	1104
532	1081
533	1117
534	1017
535	1065
536	1054
537	1006
538	1023
539	952
540	959
541	952
542	951
543	948
544	901
545	871
546	838
547	857
548	798
549	878
550	807
551	794
552	814
553	807
554	801
555	778
556	736

