## htsjdk.samtools.metrics.StringHeader
# CollectOxoGMetrics --INPUT post_aligned/ERR2828403_fixed_sorted.bam --OUTPUT metrics/ERR2828403_OxoGMetrics.txt --REFERENCE_SEQUENCE ../ref/hg38.p14.fa --MINIMUM_QUALITY_SCORE 20 --MINIMUM_MAPPING_QUALITY 30 --MINIMUM_INSERT_SIZE 60 --MAXIMUM_INSERT_SIZE 600 --INCLUDE_NON_PF_READS true --USE_OQ true --CONTEXT_SIZE 1 --STOP_AFTER 2147483647 --VERBOSITY INFO --QUIET false --VALIDATION_STRINGENCY STRICT --COMPRESSION_LEVEL 2 --MAX_RECORDS_IN_RAM 500000 --CREATE_INDEX false --CREATE_MD5_FILE false --GA4GH_CLIENT_SECRETS client_secrets.json --help false --version false --showHidden false --USE_JDK_DEFLATER false --USE_JDK_INFLATER false
## htsjdk.samtools.metrics.StringHeader
# Started on: Tue Jul 01 11:08:23 EDT 2025

## METRICS CLASS	picard.analysis.CollectOxoGMetrics$CpcgMetrics
SAMPLE_ALIAS	LIBRARY	CONTEXT	TOTAL_SITES	TOTAL_BASES	REF_NONOXO_BASES	REF_OXO_BASES	REF_TOTAL_BASES	ALT_NONOXO_BASES	ALT_OXO_BASES	OXIDATION_ERROR_RATE	OXIDATION_Q	C_REF_REF_BASES	G_REF_REF_BASES	C_REF_ALT_BASES	G_REF_ALT_BASES	C_REF_OXO_ERROR_RATE	C_REF_OXO_Q	G_REF_OXO_ERROR_RATE	G_REF_OXO_Q
ERR2828403	1	CCA	30393482	238148653	119538841	118570869	238109710	17671	21272	0.000015	48.20425	119101314	119008396	22218	16725	0.000046	43.372827	0	100
ERR2828403	1	ACC	18778255	151302277	75662557	75606058	151268615	15908	17754	0.000012	49.136138	76311730	74956885	18604	15058	0.000043	43.677287	0	100
ERR2828403	1	CCC	25127606	218198720	109495582	108660318	218155900	20260	22560	0.000011	49.771244	110934612	107221288	23471	19349	0.000031	45.071792	0	100
ERR2828403	1	GCA	23378471	185945939	92856298	93050976	185907274	16787	21878	0.000027	45.625836	92187404	93719870	22312	16353	0.000068	41.706156	0	100
ERR2828403	1	TCT	31530891	211422771	106196547	105195599	211392146	14284	16341	0.00001	50.119175	107466017	103926129	17453	13172	0.000036	44.479326	0	100
ERR2828403	1	ACG	4461290	52888839	26496633	26372747	52869380	9262	10197	0.000018	47.525524	26283135	26586245	10587	8872	0.000069	41.608453	0	100
ERR2828403	1	CCG	5899535	81036622	40464430	40543929	81008359	13177	15086	0.000024	46.278754	40786312	40222047	15833	12430	0.000079	41.017999	0	100
ERR2828403	1	GCC	22316126	198297487	99198656	99058672	198257328	17913	22246	0.000022	46.605285	99710446	98546882	22919	17240	0.000055	42.604971	0	100
ERR2828403	1	GCG	5040535	68917802	34403854	34487734	68891588	12058	14156	0.00003	45.165259	34325560	34566028	13846	12368	0.000046	43.416999	0	100
ERR2828403	1	ACT	22610378	145819471	73042919	72753371	145796290	10572	12609	0.000014	48.548245	73186404	72609886	13347	9834	0.000047	43.28652	0	100
ERR2828403	1	TCA	27901033	189158347	94867256	94261269	189128525	13188	16634	0.000018	47.395102	94323377	94805148	17638	12184	0.000058	42.331388	0	100
ERR2828403	1	CCT	30668735	235978043	118431228	117511508	235942736	16226	19081	0.000012	49.172655	120238145	115704591	20474	14833	0.000042	43.760376	0	100
ERR2828403	1	TCC	25856031	205338298	103550612	101755563	205306175	14793	17330	0.000012	49.081495	103960878	101345297	18030	14093	0.000034	44.639387	0	100
ERR2828403	1	GCT	23298057	188371957	94220914	94120477	188341391	13325	17241	0.000021	46.821736	94500722	93840669	17839	12727	0.000053	42.746577	0	100
ERR2828403	1	TCG	3962889	49751978	24862481	24876556	49739037	5843	7098	0.000025	45.981666	24895097	24843940	7442	5499	0.000078	41.104053	0	100
ERR2828403	1	ACA	27942786	183885727	92039117	91808245	183847362	17585	20780	0.000017	47.600772	90905226	92942136	21508	16857	0.000055	42.580289	0	100


