# This file was produced by samtools stats (1.21+htslib-1.21) and can be plotted using plot-bamstats
# This file contains statistics for all reads.
# The command line was:  stats post_aligned/ERR2828357_fixed_sorted.bam
# CHK, Checksum	[2]Read Names	[3]Sequences	[4]Qualities
# CHK, CRC32 of reads which passed filtering followed by addition (32bit overflow)
CHK	f128ce23	46f22da8	6460be00
# Summary Numbers. Use `grep ^SN | cut -f 2-` to extract this part.
SN	raw total sequences:	89874932	# excluding supplementary and secondary reads
SN	filtered sequences:	0
SN	sequences:	89874932
SN	is sorted:	1
SN	1st fragments:	44937466
SN	last fragments:	44937466
SN	reads mapped:	88615016
SN	reads mapped and paired:	87559880	# paired-end technology bit set + both mates mapped
SN	reads unmapped:	1259916
SN	reads properly paired:	86397332	# proper-pair bit set
SN	reads paired:	89874932	# paired-end technology bit set
SN	reads duplicated:	0	# PCR or optical duplicate bit set
SN	reads MQ0:	9917515	# mapped and MQ=0
SN	reads QC failed:	0
SN	non-primary alignments:	0
SN	supplementary alignments:	27219
SN	total length:	7067191870	# ignores clipping
SN	total first fragment length:	3577009959	# ignores clipping
SN	total last fragment length:	3490181911	# ignores clipping
SN	bases mapped:	7053228536	# ignores clipping
SN	bases mapped (cigar):	7048526020	# more accurate
SN	bases trimmed:	0
SN	bases duplicated:	0
SN	mismatches:	12939050	# from NM fields
SN	error rate:	1.835710e-03	# mismatches / bases mapped (cigar)
SN	average length:	79
SN	average first fragment length:	80
SN	average last fragment length:	78
SN	maximum length:	81
SN	maximum first fragment length:	81
SN	maximum last fragment length:	81
SN	average quality:	37.9
SN	insert size average:	183.6
SN	insert size standard deviation:	74.1
SN	inward oriented pairs:	42752110
SN	outward oriented pairs:	684101
SN	pairs with other orientation:	13932
SN	pairs on different chromosomes:	329797
SN	percentage of properly paired reads (%):	96.1
# First Fragment Qualities. Use `grep ^FFQ | cut -f 2-` to extract this part.
# Columns correspond to qualities and rows to cycles. First column is the cycle number.
FFQ	1	0	0	0	0	0	0	0	0	0	0	0	0	0	0	0	0	0	0	0	0	0	0	0	0	0	0	0	681083	33046	0	365332	475606	0	0	1318239	546986	1548048	1088975	1985495	10027951	26866705	0
FFQ	2	0	0	0	0	0	0	0	0	0	0	0	0	0	0	55870	48776	492758	0	0	0	0	0	0	0	0	0	0	395976	34522	0	371889	468143	0	0	1172360	370736	1552559	1004332	1991189	10123828	26833492	0
FFQ	3	0	0	1	0	0	0	0	0	0	0	0	0	0	0	55381	48176	484650	0	0	0	0	0	0	0	0	0	0	468614	33992	0	368354	457701	0	0	1182356	422076	1538222	1005238	1947081	10100767	26798899	0
FFQ	4	0	0	0	0	0	0	0	0	0	0	0	0	0	0	57665	49849	500533	0	0	0	0	0	0	0	0	0	0	478574	33801	0	368481	457775	0	0	1193923	429042	1538683	1019677	1966300	10089385	26720489	0
FFQ	5	0	0	0	0	0	0	0	0	0	0	0	0	0	0	57666	49871	505044	0	0	0	0	0	0	0	0	0	0	492726	33805	0	370922	459239	0	0	1206250	434147	1547417	1023748	1979300	10137367	26596359	0
FFQ	6	0	0	0	0	0	0	0	0	0	0	0	0	0	0	60870	52670	537750	0	0	0	0	0	0	0	0	0	0	493354	34034	0	371956	462381	0	0	1214161	440603	1555281	1032218	1997946	10203559	26422963	0
FFQ	7	0	0	0	0	0	0	0	0	0	0	0	0	0	0	60502	52461	538280	0	0	0	0	0	0	0	0	0	0	510716	33711	0	367902	459666	0	0	1210043	442190	1552310	1031272	1996842	10214500	26394932	0
FFQ	8	0	0	0	0	0	0	0	0	0	0	0	0	0	0	63969	55817	566179	0	0	0	0	0	0	0	0	0	0	526475	34055	0	375063	464559	0	0	1224399	447315	1562270	1039096	2009710	10257177	26223862	0
FFQ	9	0	0	0	0	0	0	0	0	0	0	0	0	0	0	63053	55213	560404	0	0	0	0	0	0	0	0	0	0	547349	34138	0	374081	461853	0	0	1229038	458990	1565206	1045333	2027983	10265517	26145417	0
FFQ	10	0	0	0	0	0	0	0	0	0	0	0	0	0	0	63834	55735	568390	0	0	0	0	0	0	0	0	0	0	541306	33740	0	374210	460369	0	0	1229011	460764	1569403	1051588	2036487	10309474	26062775	0
FFQ	11	0	0	0	0	0	0	0	0	0	0	0	0	0	0	61697	53608	547313	0	0	0	0	0	0	0	0	0	0	550331	34503	0	377302	461429	0	0	1230317	460682	1573644	1051762	2043742	10343444	26010680	0
FFQ	12	0	0	2	0	0	0	0	0	0	0	0	0	0	0	62903	54698	552604	0	0	0	0	0	0	0	0	0	0	536850	34841	0	378441	463517	0	0	1237395	462831	1580760	1056876	2049304	10348308	25964376	0
FFQ	13	0	0	0	0	0	0	0	0	0	0	0	0	0	0	63584	55628	562980	0	0	0	0	0	0	0	0	0	0	537594	34814	0	380136	462937	0	0	1240992	460431	1585452	1061082	2057345	10392836	25871391	0
FFQ	14	0	0	0	0	0	0	0	0	0	0	0	0	0	0	62608	55274	558986	0	0	0	0	0	0	0	0	0	0	543488	35157	0	383617	466061	0	0	1244978	460459	1590696	1057117	2060128	10380575	25851500	0
FFQ	15	0	0	0	0	0	0	0	0	0	0	0	0	0	0	62308	54760	556563	0	0	0	0	0	0	0	0	0	0	533934	35638	0	384720	465846	0	0	1247764	468529	1596834	1070925	2080270	10464779	25711165	0
FFQ	16	0	0	0	0	0	0	0	0	0	0	0	0	0	0	62280	54267	555558	0	0	0	0	0	0	0	0	0	0	529472	34743	0	384578	465989	0	0	1246225	463105	1600579	1067082	2084027	10476166	25693128	0
FFQ	17	0	0	9	0	0	0	0	0	0	0	0	0	0	0	62407	55097	561532	0	0	0	0	0	0	0	0	0	0	531289	35803	0	389014	468857	0	0	1252880	462844	1607896	1067524	2091031	10474928	25639512	0
FFQ	18	0	0	15	0	0	0	0	0	0	0	0	0	0	0	63425	55905	564009	0	0	0	0	0	0	0	0	0	0	535803	36211	0	392406	470524	0	0	1260399	468015	1617011	1078284	2103930	10533426	25504631	0
FFQ	19	0	0	274	0	0	0	0	0	0	0	0	0	0	0	63936	56583	570746	0	0	0	0	0	0	0	0	0	0	541013	36655	0	397030	473638	0	0	1270796	472420	1626998	1085520	2115786	10584046	25371685	0
FFQ	20	0	0	198	0	0	0	0	0	0	0	0	0	0	0	64918	55843	569906	0	0	0	0	0	0	0	0	0	0	541151	36753	0	397623	475480	0	0	1274790	475715	1634237	1091529	2125215	10627235	25279519	0
FFQ	21	0	0	59	0	0	0	0	0	0	0	0	0	0	0	65367	57056	572382	0	0	0	0	0	0	0	0	0	0	540864	37188	0	399743	476191	0	0	1279736	473925	1639507	1091343	2124649	10639588	25235900	0
FFQ	22	0	0	75	0	0	0	0	0	0	0	0	0	0	0	69735	60684	610059	0	0	0	0	0	0	0	0	0	0	552159	38382	0	411381	480968	0	0	1292617	480934	1658740	1103967	2152376	10695317	25009170	0
FFQ	23	0	0	218	0	0	0	0	0	0	0	0	0	0	0	67119	58067	585705	0	0	0	0	0	0	0	0	0	0	571564	38200	0	410095	482240	0	0	1306786	494763	1672005	1119179	2170658	10785518	24836966	0
FFQ	24	0	0	0	0	0	0	0	0	0	0	0	0	0	0	68355	59589	597013	0	0	0	0	0	0	0	0	0	0	559260	38337	0	414244	484668	0	0	1309501	492667	1680179	1120768	2185472	10820450	24751598	0
FFQ	25	0	0	73	0	0	0	0	0	0	0	0	0	0	0	66053	58059	586919	0	0	0	0	0	0	0	0	0	0	562466	38184	0	413765	483000	0	0	1310167	492537	1682112	1121601	2193648	10852697	24703046	0
FFQ	26	0	0	2	0	0	0	0	0	0	0	0	0	0	0	78143	67631	669501	0	0	0	0	0	0	0	0	0	0	577530	39822	0	428196	489785	0	0	1325957	498609	1700342	1132397	2200809	10883732	24454260	0
FFQ	27	0	0	1	0	0	0	0	0	0	0	0	0	0	0	69518	60926	610607	0	0	0	0	0	0	0	0	0	0	623606	39216	0	423365	490242	0	0	1336380	519061	1706416	1144952	2220128	10919346	24365376	0
FFQ	28	0	0	16	0	0	0	0	0	0	0	0	0	0	0	70337	60922	616926	0	0	0	0	0	0	0	0	0	0	588629	39523	0	427672	493405	0	0	1343693	522167	1718848	1153493	2239147	10990052	24246696	0
FFQ	29	0	0	1032	0	0	0	0	0	0	0	0	0	0	0	70563	61673	615064	0	0	0	0	0	0	0	0	0	0	584730	39910	0	427419	492715	0	0	1345472	512673	1722482	1154638	2243403	11040316	24181602	0
FFQ	30	0	0	0	0	0	0	0	0	0	0	0	0	0	0	69907	61242	612906	0	0	0	0	0	0	0	0	0	0	582060	40296	0	432960	495374	0	0	1350739	511328	1732726	1155844	2255109	11079278	24095825	0
FFQ	31	0	0	5	0	0	0	0	0	0	0	0	0	0	0	69406	60650	612063	0	0	0	0	0	0	0	0	0	0	578312	40598	0	434511	498938	0	0	1357403	512965	1741685	1163036	2260526	11091908	24035159	0
FFQ	32	0	0	0	0	0	0	0	0	0	0	0	0	0	0	72445	62967	631374	0	0	0	0	0	0	0	0	0	0	578443	41557	0	442441	504199	0	0	1368039	514941	1755721	1172461	2279360	11154513	23859785	0
FFQ	33	0	0	0	0	0	0	0	0	0	0	0	0	0	0	71804	63619	634812	0	0	0	0	0	0	0	0	0	0	590624	41364	0	446777	507168	0	0	1381762	522230	1773678	1181529	2286947	11204149	23712889	0
FFQ	34	0	0	0	0	0	0	0	0	0	0	0	0	0	0	71760	63592	636555	0	0	0	0	0	0	0	0	0	0	590198	42086	0	450792	508684	0	0	1391173	527678	1782022	1189082	2302008	11257466	23587676	0
FFQ	35	0	0	0	0	0	0	0	0	0	0	0	0	0	0	72825	64233	645410	0	0	0	0	0	0	0	0	0	0	586307	42872	0	456830	513320	0	0	1399454	525295	1792809	1195575	2323416	11284134	23479027	0
FFQ	36	0	0	0	0	0	0	0	0	0	0	0	0	0	0	74145	64897	652022	0	0	0	0	0	0	0	0	0	0	594492	43509	0	462637	516370	0	0	1412286	534218	1810304	1209188	2342238	11377599	23268577	0
FFQ	37	0	0	1	0	0	0	0	0	0	0	0	0	0	0	74487	65115	658431	0	0	0	0	0	0	0	0	0	0	593984	43522	0	463475	515471	0	0	1413105	535936	1814741	1212278	2348376	11401572	23202600	0
FFQ	38	0	0	243	0	0	0	0	0	0	0	0	0	0	0	75020	66242	661666	0	0	0	0	0	0	0	0	0	0	605339	43750	0	467037	518210	0	0	1423556	541729	1827016	1218682	2357650	11444464	23073035	0
FFQ	39	0	0	2	0	0	0	0	0	0	0	0	0	0	0	74133	65205	652447	0	0	0	0	0	0	0	0	0	0	604847	44166	0	468396	516741	0	0	1425667	545929	1831842	1223213	2371096	11472980	23007291	0
FFQ	40	0	0	171	0	0	0	0	0	0	0	0	0	0	0	76277	66555	667392	0	0	0	0	0	0	0	0	0	0	605803	44454	0	474455	522752	0	0	1438390	547149	1846896	1231561	2385727	11521445	22855031	0
FFQ	41	0	0	0	0	0	0	0	0	0	0	0	0	0	0	76879	67194	674916	0	0	0	0	0	0	0	0	0	0	617209	45288	0	480336	527241	0	0	1453716	553147	1863248	1239159	2395965	11556663	22713161	0
FFQ	42	0	0	0	0	0	0	0	0	0	0	0	0	0	0	78687	69072	688538	0	0	0	0	0	0	0	0	0	0	624021	45832	0	486236	532498	0	0	1471369	562459	1879453	1254817	2416832	11619724	22514744	0
FFQ	43	0	0	0	0	0	0	0	0	0	0	0	0	0	0	77416	67483	678382	0	0	0	0	0	0	0	0	0	0	622540	45765	0	485717	530632	0	0	1471890	566833	1882007	1262329	2427928	11687989	22417125	0
FFQ	44	0	0	1	0	0	0	0	0	0	0	0	0	0	0	82339	72156	717648	0	0	0	0	0	0	0	0	0	0	626729	46639	0	493186	535708	0	0	1480371	567285	1895405	1266281	2435310	11708473	22275893	0
FFQ	45	0	0	6	0	0	0	0	0	0	0	0	0	0	0	79082	69330	692243	0	0	0	0	0	0	0	0	0	0	650824	47464	0	496333	538435	0	0	1495394	580280	1910038	1279760	2453640	11770824	22119068	0
FFQ	46	0	0	406	0	0	0	0	0	0	0	0	0	0	0	78913	69016	693110	0	0	0	0	0	0	0	0	0	0	632292	47263	0	497727	538230	0	0	1496448	578522	1918477	1284889	2466382	11803810	22056432	0
FFQ	47	0	0	149	0	0	0	0	0	0	0	0	0	0	0	82158	72247	716410	0	0	0	0	0	0	0	0	0	0	635150	48697	0	509194	544364	0	0	1510702	577771	1939505	1290209	2478874	11853318	21881972	0
FFQ	48	0	0	7	0	0	0	0	0	0	0	0	0	0	0	84172	73158	729674	0	0	0	0	0	0	0	0	0	0	651233	48546	0	508988	547223	0	0	1518900	586229	1941025	1299339	2487873	11888766	21754482	0
FFQ	49	0	0	1	0	0	0	0	0	0	0	0	0	0	0	82262	72213	718774	0	0	0	0	0	0	0	0	0	0	664755	48395	0	515570	550559	0	0	1537333	595835	1961459	1310810	2506886	11934682	21598257	0
FFQ	50	0	0	72	0	0	0	0	0	0	0	0	0	0	0	82312	72025	719941	0	0	0	0	0	0	0	0	0	0	651329	49426	0	519345	550840	0	0	1539314	596709	1967444	1315543	2517724	11963339	21530580	0
FFQ	51	0	0	190	0	0	0	0	0	0	0	0	0	0	0	85355	74625	744673	0	0	0	0	0	0	0	0	0	0	654731	50100	0	524947	555312	0	0	1548189	596369	1981187	1320155	2523147	11986448	21407898	0
FFQ	52	0	0	28	0	0	0	0	0	0	0	0	0	0	0	88400	77403	768107	0	0	0	0	0	0	0	0	0	0	673215	51154	0	535203	562897	0	0	1568093	603842	2003275	1333601	2537116	12035777	21192517	0
FFQ	53	0	0	182	0	0	0	0	0	0	0	0	0	0	0	87080	77272	762870	0	0	0	0	0	0	0	0	0	0	694406	51593	0	538529	566978	0	0	1582350	616603	2014938	1344772	2555535	12062672	21052244	0
FFQ	54	0	0	1	0	0	0	0	0	0	0	0	0	0	0	88471	77321	770692	0	0	0	0	0	0	0	0	0	0	696634	52456	0	545193	572691	0	0	1599187	624800	2032827	1359172	2566034	12095731	20903380	0
FFQ	55	0	0	0	0	0	0	0	0	0	0	0	0	0	0	86780	75799	761723	0	0	0	0	0	0	0	0	0	0	691508	52647	0	547091	573729	0	0	1609459	631684	2046611	1375755	2595471	12194108	20718791	0
FFQ	56	0	0	121	0	0	0	0	0	0	0	0	0	0	0	89126	78216	778483	0	0	0	0	0	0	0	0	0	0	683873	53579	0	555190	576637	0	0	1616565	629798	2063731	1379746	2605865	12238172	20588162	0
FFQ	57	0	0	0	0	0	0	0	0	0	0	0	0	0	0	90205	79171	786838	0	0	0	0	0	0	0	0	0	0	693989	54507	0	561500	580544	0	0	1627918	632745	2074087	1384059	2614258	12284663	20448639	0
FFQ	58	0	0	5	0	0	0	0	0	0	0	0	0	0	0	91935	80089	798991	0	0	0	0	0	0	0	0	0	0	706980	54861	0	567658	586854	0	0	1645085	642122	2093360	1398262	2621951	12310400	20290465	0
FFQ	59	0	0	3	0	0	0	0	0	0	0	0	0	0	0	90783	79422	790369	0	0	0	0	0	0	0	0	0	0	703262	55413	0	568053	584482	0	0	1646375	643587	2097144	1402138	2631727	12334352	20237634	0
FFQ	60	0	0	0	0	0	0	0	0	0	0	0	0	0	0	91956	80451	798367	0	0	0	0	0	0	0	0	0	0	707868	56154	0	575766	592748	0	0	1662683	650753	2113101	1411548	2644844	12371003	20082448	0
FFQ	61	0	0	3	0	0	0	0	0	0	0	0	0	0	0	94519	82305	819497	0	0	0	0	0	0	0	0	0	0	711087	56808	0	583916	595131	0	0	1675561	654436	2131194	1422856	2667816	12430965	19888499	0
FFQ	62	0	0	0	0	0	0	0	0	0	0	0	0	0	0	96127	84069	835113	0	0	0	0	0	0	0	0	0	0	728774	58018	0	593524	604410	0	0	1696386	665089	2157463	1437407	2680329	12480180	19672167	0
FFQ	63	0	0	154	0	0	0	0	0	0	0	0	0	0	0	95785	83847	832600	0	0	0	0	0	0	0	0	0	0	736311	59023	0	596911	606337	0	0	1710173	675633	2168068	1449658	2694542	12528448	19525998	0
FFQ	64	0	0	1	0	0	0	0	0	0	0	0	0	0	0	96030	84729	838402	0	0	0	0	0	0	0	0	0	0	730101	58802	0	601399	607208	0	0	1713292	675040	2173971	1452358	2700644	12555587	19450175	0
FFQ	65	0	0	0	0	0	0	0	0	0	0	0	0	0	0	98632	86534	859094	0	0	0	0	0	0	0	0	0	0	745154	60647	0	612675	615799	0	0	1733193	678189	2196068	1464282	2706824	12557085	19296439	0
FFQ	66	0	0	0	0	0	0	0	0	0	0	0	0	0	0	100850	88161	874814	0	0	0	0	0	0	0	0	0	0	751899	61280	0	616450	618945	0	0	1742412	687450	2212004	1471170	2725511	12596792	19136111	0
FFQ	67	0	0	0	0	0	0	0	0	0	0	0	0	0	0	99293	87697	869479	0	0	0	0	0	0	0	0	0	0	768225	62175	0	622804	623107	0	0	1758717	701976	2231375	1488917	2749114	12659959	18933735	0
FFQ	68	0	0	0	0	0	0	0	0	0	0	0	0	0	0	100384	88586	875180	0	0	0	0	0	0	0	0	0	0	764174	62585	0	628634	627205	0	0	1771226	701474	2240201	1496798	2754463	12694519	18823109	0
FFQ	69	0	0	32	0	0	0	0	0	0	0	0	0	0	0	103501	90707	904859	0	0	0	0	0	0	0	0	0	0	771100	63716	0	636729	632034	0	0	1783382	710037	2258835	1506549	2765463	12719253	18653618	0
FFQ	70	0	0	3	0	0	0	0	0	0	0	0	0	0	0	104211	92211	915563	0	0	0	0	0	0	0	0	0	0	797454	65381	0	647487	640375	0	0	1805095	717693	2283065	1520351	2777290	12754902	18449889	0
FFQ	71	0	0	234	0	0	0	0	0	0	0	0	0	0	0	103657	93069	911415	0	0	0	0	0	0	0	0	0	0	800899	66741	0	653205	644657	0	0	1821706	732980	2305302	1536093	2799258	12809166	18262863	0
FFQ	72	0	0	129	0	0	0	0	0	0	0	0	0	0	0	103889	93729	919411	0	0	0	0	0	0	0	0	0	0	794684	66851	0	659912	649862	0	0	1840374	739073	2322175	1550074	2819654	12872177	18078658	0
FFQ	73	0	0	3	0	0	0	0	0	0	0	0	0	0	0	106801	99557	944754	0	0	0	0	0	0	0	0	0	0	798489	67862	0	670431	657165	0	0	1853512	739214	2339950	1562886	2824091	12907037	17906710	0
FFQ	74	0	0	261	0	0	0	0	0	0	0	0	0	0	0	105083	99786	938888	0	0	0	0	0	0	0	0	0	0	815036	69287	0	676631	661020	0	0	1867809	750750	2360061	1573739	2836983	12937395	17751992	0
FFQ	75	0	0	6	0	0	0	0	0	0	0	0	0	0	0	107318	103692	960803	0	0	0	0	0	0	0	0	0	0	812989	70167	0	682423	665862	0	0	1883574	756651	2371159	1580095	2843869	12948421	17622629	0
FFQ	76	0	0	366	0	0	0	0	0	0	0	0	0	0	0	107173	106960	980731	0	0	0	0	0	0	0	0	0	0	834247	71314	0	696215	677135	0	0	1908236	768426	2398743	1596959	2860034	12983924	17381275	0
FFQ	77	0	0	0	0	0	0	0	0	0	0	0	0	0	0	102778	110788	970373	0	0	0	0	0	0	0	0	0	0	838788	72047	0	699497	678469	0	0	1920178	780560	2412393	1609333	2876760	13026414	17231245	0
FFQ	78	0	0	0	0	0	0	0	0	0	0	0	0	0	0	98089	114886	981122	0	0	0	0	0	0	0	0	0	0	834688	72852	0	710264	686175	0	0	1942818	788033	2433768	1624961	2897339	13072516	17018443	0
FFQ	79	0	0	0	0	0	0	0	0	0	0	0	0	0	0	82849	116963	941490	0	0	0	0	0	0	0	0	0	0	837728	73542	0	716142	692406	0	0	1954731	797121	2457128	1639034	2907075	13118548	16832699	0
FFQ	80	0	0	0	0	0	0	0	0	0	0	0	0	0	0	48139	96032	757011	0	0	0	0	0	0	0	0	0	0	829966	73769	0	722013	695122	0	0	1962216	803408	2464038	1640972	2901654	13102769	16709510	0
FFQ	81	0	0	0	0	0	0	0	0	0	0	0	0	0	0	0	0	0	0	0	0	0	0	0	0	0	0	0	1611982	124218	0	1257036	1338932	0	0	3287246	1227165	3763952	2320617	3216790	12800794	9243001	0
# Last Fragment Qualities. Use `grep ^LFQ | cut -f 2-` to extract this part.
# Columns correspond to qualities and rows to cycles. First column is the cycle number.
LFQ	1	0	0	0	0	0	0	0	0	0	0	0	0	0	0	0	0	0	0	0	0	0	0	0	0	0	0	0	1436536	43753	0	467866	614349	0	0	1748376	817756	1794171	1316756	2193412	10439487	24065004	0
LFQ	2	0	0	0	0	0	0	0	0	0	0	0	0	0	0	102263	90084	923568	0	0	0	0	0	0	0	0	0	0	688519	44423	0	478527	614378	0	0	1526055	506804	1792920	1190605	2163231	10456093	24240002	0
LFQ	3	0	0	10	0	0	0	0	0	0	0	0	0	0	0	106487	95411	955736	0	0	0	0	0	0	0	0	0	0	822333	44183	0	476436	589120	0	0	1507435	564985	1767016	1179319	2126061	10462684	24095208	0
LFQ	4	0	0	234	0	0	0	0	0	0	0	0	0	0	0	110065	96481	961359	0	0	0	0	0	0	0	0	0	0	878735	45095	0	475844	585701	0	0	1528761	595236	1769722	1198926	2161209	10452665	23899475	0
LFQ	5	0	0	10	0	0	0	0	0	0	0	0	0	0	0	105244	91991	936430	0	0	0	0	0	0	0	0	0	0	895214	42745	0	471359	587523	0	0	1538913	607205	1780961	1208363	2213773	10533139	23704917	0
LFQ	6	0	0	7	0	0	0	0	0	0	0	0	0	0	0	105437	92802	930279	0	0	0	0	0	0	0	0	0	0	894803	43689	0	474627	585088	0	0	1540807	601064	1770706	1204420	2159868	10455834	23808111	0
LFQ	7	0	0	10	0	0	0	0	0	0	0	0	0	0	0	102411	90796	921307	0	0	0	0	0	0	0	0	0	0	881217	43448	0	469888	582812	0	0	1532359	594524	1753151	1191068	2138631	10327037	23985865	0
LFQ	8	0	0	64	0	0	0	0	0	0	0	0	0	0	0	110161	97392	962191	0	0	0	0	0	0	0	0	0	0	878837	44768	0	478839	584781	0	0	1535182	591240	1761965	1192846	2147630	10281223	23899488	0
LFQ	9	0	0	0	0	0	0	0	0	0	0	0	0	0	0	107764	96132	946871	0	0	0	0	0	0	0	0	0	0	890910	46332	0	483868	585965	0	0	1548696	606109	1791495	1214620	2232635	10516180	23452537	0
LFQ	10	0	0	7	0	0	0	0	0	0	0	0	0	0	0	119106	105025	1041781	0	0	0	0	0	0	0	0	0	0	915180	45329	0	496649	591677	0	0	1560797	607215	1799427	1222480	2225304	10515809	23228021	0
LFQ	11	0	0	213	0	0	0	0	0	0	0	0	0	0	0	101286	91004	909522	0	0	0	0	0	0	0	0	0	0	949228	43537	0	474041	583358	0	0	1563692	644982	1787990	1234727	2208162	10529072	23308099	0
LFQ	12	0	0	8	0	0	0	0	0	0	0	0	0	0	0	101643	89706	904740	0	0	0	0	0	0	0	0	0	0	880666	44574	0	473924	583204	0	0	1551083	615694	1783726	1223610	2207708	10496321	23426936	0
LFQ	13	0	0	200	0	0	0	0	0	0	0	0	0	0	0	104545	91337	927940	0	0	0	0	0	0	0	0	0	0	874292	45257	0	491697	590759	0	0	1566454	611390	1825308	1236145	2312419	10669624	22991799	0
LFQ	14	0	0	140	0	0	0	0	0	0	0	0	0	0	0	102061	90219	896573	0	0	0	0	0	0	0	0	0	0	863488	46534	0	483128	581502	0	0	1549078	609749	1804080	1227286	2226518	10657918	23157839	0
LFQ	15	0	0	22	0	0	0	0	0	0	0	0	0	0	0	105069	92877	906478	0	0	0	0	0	0	0	0	0	0	841052	48947	0	498459	587529	0	0	1567435	606406	1841469	1243520	2306543	10843955	22764274	0
LFQ	16	0	0	2	0	0	0	0	0	0	0	0	0	0	0	105275	92298	904163	0	0	0	0	0	0	0	0	0	0	853973	47559	0	497706	590091	0	0	1577050	609583	1847099	1246630	2271412	10856712	22712669	0
LFQ	17	0	0	0	0	0	0	0	0	0	0	0	0	0	0	107120	93991	934039	0	0	0	0	0	0	0	0	0	0	850848	48492	0	508444	596915	0	0	1591136	613495	1878921	1260872	2305941	10938115	22442777	0
LFQ	18	0	0	48	0	0	0	0	0	0	0	0	0	0	0	100851	88823	903044	0	0	0	0	0	0	0	0	0	0	872682	45658	0	498282	591635	0	0	1588909	622676	1860147	1263201	2311571	10970885	22412155	0
LFQ	19	0	0	6	0	0	0	0	0	0	0	0	0	0	0	99346	87479	876678	0	0	0	0	0	0	0	0	0	0	844259	46062	0	487702	587942	0	0	1574997	619578	1845049	1259411	2290449	10970964	22500906	0
LFQ	20	0	0	21	0	0	0	0	0	0	0	0	0	0	0	101387	90052	889621	0	0	0	0	0	0	0	0	0	0	827938	46468	0	492712	584801	0	0	1560876	602743	1831757	1240265	2252216	10816375	22713487	0
LFQ	21	0	0	0	0	0	0	0	0	0	0	0	0	0	0	101832	89757	886194	0	0	0	0	0	0	0	0	0	0	832662	46761	0	496979	585624	0	0	1567417	606532	1842105	1242275	2269498	10803337	22640230	0
LFQ	22	0	0	28	0	0	0	0	0	0	0	0	0	0	0	104812	92259	901552	0	0	0	0	0	0	0	0	0	0	828132	48665	0	505197	585068	0	0	1570838	607886	1853643	1247178	2290713	10832168	22503084	0
LFQ	23	0	0	6	0	0	0	0	0	0	0	0	0	0	0	107588	94838	932610	0	0	0	0	0	0	0	0	0	0	843954	52293	0	547749	611128	0	0	1643675	628991	1977534	1312339	2494055	11326755	21356321	0
LFQ	24	0	0	37	0	0	0	0	0	0	0	0	0	0	0	109943	96489	951083	0	0	0	0	0	0	0	0	0	0	855491	52619	0	552548	620148	0	0	1676155	649016	2018780	1349629	2517273	11648102	20791712	0
LFQ	25	0	0	113	0	0	0	0	0	0	0	0	0	0	0	110645	97952	962054	0	0	0	0	0	0	0	0	0	0	876388	53119	0	559382	627785	0	0	1697137	654749	2045160	1365471	2513235	11800968	20482833	0
LFQ	26	0	0	18	0	0	0	0	0	0	0	0	0	0	0	111698	99236	973829	0	0	0	0	0	0	0	0	0	0	883769	53794	0	567724	637383	0	0	1718722	664451	2072328	1381933	2526441	11915439	20197985	0
LFQ	27	0	0	5	0	0	0	0	0	0	0	0	0	0	0	110323	98321	961514	0	0	0	0	0	0	0	0	0	0	885891	53268	0	563755	637083	0	0	1725531	670327	2075870	1390872	2531607	11981593	20076910	0
LFQ	28	0	0	31	0	0	0	0	0	0	0	0	0	0	0	112183	99533	976432	0	0	0	0	0	0	0	0	0	0	884285	54099	0	569232	637589	0	0	1731417	670328	2089249	1400201	2532353	12022170	19941295	0
LFQ	29	0	0	101	0	0	0	0	0	0	0	0	0	0	0	113495	100429	984512	0	0	0	0	0	0	0	0	0	0	893726	54417	0	572894	643197	0	0	1742595	674285	2101118	1402403	2546024	12033525	19815661	0
LFQ	30	0	0	79	0	0	0	0	0	0	0	0	0	0	0	111723	99391	971817	0	0	0	0	0	0	0	0	0	0	893127	54829	0	573083	641268	0	0	1746012	682079	2102895	1410710	2559287	12072886	19717980	0
LFQ	31	0	0	5	0	0	0	0	0	0	0	0	0	0	0	111588	98385	970477	0	0	0	0	0	0	0	0	0	0	889701	55240	0	575758	643028	0	0	1753005	681305	2116246	1415133	2561699	12105593	19618333	0
LFQ	32	0	0	20	0	0	0	0	0	0	0	0	0	0	0	111527	99216	967408	0	0	0	0	0	0	0	0	0	0	880029	55169	0	578580	643001	0	0	1751910	681099	2120638	1420219	2578001	12138954	19528508	0
LFQ	33	0	0	3	0	0	0	0	0	0	0	0	0	0	0	111101	97960	960884	0	0	0	0	0	0	0	0	0	0	880005	55862	0	581738	643550	0	0	1757776	683065	2128424	1423303	2577543	12167630	19444027	0
LFQ	34	0	0	182	0	0	0	0	0	0	0	0	0	0	0	111820	99172	971824	0	0	0	0	0	0	0	0	0	0	871799	56677	0	587294	648458	0	0	1760663	680433	2137010	1424878	2582172	12168614	19370890	0
LFQ	35	0	0	5	0	0	0	0	0	0	0	0	0	0	0	113520	100466	982409	0	0	0	0	0	0	0	0	0	0	874174	56736	0	587817	647498	0	0	1763641	681647	2141039	1429993	2588733	12178473	19285263	0
LFQ	36	0	0	7	0	0	0	0	0	0	0	0	0	0	0	114074	101213	982980	0	0	0	0	0	0	0	0	0	0	888125	57614	0	595052	650167	0	0	1779899	690357	2152028	1437206	2599371	12199549	19142368	0
LFQ	37	0	0	248	0	0	0	0	0	0	0	0	0	0	0	114286	100452	983128	0	0	0	0	0	0	0	0	0	0	886733	57398	0	595555	651984	0	0	1782558	693330	2158478	1444475	2611485	12220227	19048419	0
LFQ	38	0	0	48	0	0	0	0	0	0	0	0	0	0	0	114387	100751	985819	0	0	0	0	0	0	0	0	0	0	888166	58008	0	601724	654733	0	0	1793320	695533	2172225	1445162	2613166	12231124	18953285	0
LFQ	39	0	0	132	0	0	0	0	0	0	0	0	0	0	0	118153	103763	1010697	0	0	0	0	0	0	0	0	0	0	899172	58430	0	607369	658627	0	0	1803012	699898	2180746	1456023	2622762	12243847	18803101	0
LFQ	40	0	0	205	0	0	0	0	0	0	0	0	0	0	0	115208	101063	989502	0	0	0	0	0	0	0	0	0	0	905181	58419	0	605199	656369	0	0	1805355	704626	2180091	1458458	2628317	12253318	18763166	0
LFQ	41	0	0	161	0	0	0	0	0	0	0	0	0	0	0	116965	103345	1005315	0	0	0	0	0	0	0	0	0	0	896279	59709	0	616457	661217	0	0	1816466	705719	2198613	1467951	2640747	12269947	18624306	0
LFQ	42	0	0	462	0	0	0	0	0	0	0	0	0	0	0	117818	104269	1012127	0	0	0	0	0	0	0	0	0	0	906642	60449	0	622870	666200	0	0	1831588	712659	2217067	1478350	2657655	12323790	18429478	0
LFQ	43	0	0	9	0	0	0	0	0	0	0	0	0	0	0	117610	103559	1007388	0	0	0	0	0	0	0	0	0	0	901645	60148	0	622644	665313	0	0	1834664	714941	2220948	1485463	2666832	12351285	18347614	0
LFQ	44	0	0	49	0	0	0	0	0	0	0	0	0	0	0	119682	104685	1018815	0	0	0	0	0	0	0	0	0	0	899263	60935	0	628395	669261	0	0	1842339	719645	2235496	1490177	2674947	12375912	18219174	0
LFQ	45	0	0	21	0	0	0	0	0	0	0	0	0	0	0	119477	104863	1015596	0	0	0	0	0	0	0	0	0	0	904552	61105	0	626936	665596	0	0	1844038	718975	2236812	1493202	2678609	12405785	18141974	0
LFQ	46	0	0	2	0	0	0	0	0	0	0	0	0	0	0	116607	103078	999748	0	0	0	0	0	0	0	0	0	0	906337	60851	0	630053	665687	0	0	1841865	720016	2243553	1497184	2681297	12411725	18098312	0
LFQ	47	0	0	1	0	0	0	0	0	0	0	0	0	0	0	120457	105948	1026061	0	0	0	0	0	0	0	0	0	0	899227	61761	0	639272	673222	0	0	1857101	720331	2258162	1499074	2689682	12416480	17968555	0
LFQ	48	0	0	7	0	0	0	0	0	0	0	0	0	0	0	119183	104667	1014361	0	0	0	0	0	0	0	0	0	0	914777	62807	0	641984	674283	0	0	1867807	728717	2268136	1512503	2703298	12454687	17827319	0
LFQ	49	0	0	397	0	0	0	0	0	0	0	0	0	0	0	119855	105845	1025195	0	0	0	0	0	0	0	0	0	0	908880	63532	0	648599	676926	0	0	1879949	736090	2286037	1522394	2718913	12508308	17652625	0
LFQ	50	0	0	0	0	0	0	0	0	0	0	0	0	0	0	121450	106794	1034818	0	0	0	0	0	0	0	0	0	0	911852	64375	0	657615	682757	0	0	1892620	736998	2298457	1526918	2726264	12522026	17528806	0
LFQ	51	0	0	3	0	0	0	0	0	0	0	0	0	0	0	125796	110474	1063504	0	0	0	0	0	0	0	0	0	0	919893	64881	0	664184	686276	0	0	1901311	742993	2313239	1537361	2735549	12535844	17369048	0
LFQ	52	0	0	56	0	0	0	0	0	0	0	0	0	0	0	125665	110375	1061048	0	0	0	0	0	0	0	0	0	0	942876	65362	0	668295	688982	0	0	1916829	751202	2325087	1546166	2744842	12549655	17232447	0
LFQ	53	0	0	57	0	0	0	0	0	0	0	0	0	0	0	122483	107575	1034227	0	0	0	0	0	0	0	0	0	0	935692	66340	0	666645	686966	0	0	1916496	758730	2332161	1554199	2754757	12594666	17156182	0
LFQ	54	0	0	118	0	0	0	0	0	0	0	0	0	0	0	123425	108089	1039456	0	0	0	0	0	0	0	0	0	0	922133	67314	0	672467	692936	0	0	1927885	760714	2351307	1560653	2775107	12645417	16997894	0
LFQ	55	0	0	0	0	0	0	0	0	0	0	0	0	0	0	126295	113542	1069382	0	0	0	0	0	0	0	0	0	0	923441	67537	0	684951	698043	0	0	1946081	759076	2366778	1569690	2773628	12655787	16848148	0
LFQ	56	0	0	38	0	0	0	0	0	0	0	0	0	0	0	126346	112692	1069497	0	0	0	0	0	0	0	0	0	0	938517	68359	0	691663	703337	0	0	1955617	765964	2379895	1576953	2789270	12682409	16698924	0
LFQ	57	0	0	3	0	0	0	0	0	0	0	0	0	0	0	128030	114515	1080031	0	0	0	0	0	0	0	0	0	0	942615	70004	0	698285	708161	0	0	1972468	776051	2397134	1590739	2799852	12703112	16534975	0
LFQ	58	0	0	21	0	0	0	0	0	0	0	0	0	0	0	128063	114053	1077329	0	0	0	0	0	0	0	0	0	0	934257	69698	0	697371	705238	0	0	1967381	772543	2401718	1589028	2801009	12710087	16504193	0
LFQ	59	0	0	302	0	0	0	0	0	0	0	0	0	0	0	131814	118566	1104507	0	0	0	0	0	0	0	0	0	0	951590	71178	0	714117	712546	0	0	1995668	783529	2428402	1603834	2817614	12730021	16264074	0
LFQ	60	0	0	130	0	0	0	0	0	0	0	0	0	0	0	134243	122799	1119492	0	0	0	0	0	0	0	0	0	0	967243	72773	0	719882	720938	0	0	2015383	794866	2443323	1620525	2828676	12756116	16066629	0
LFQ	61	0	0	18	0	0	0	0	0	0	0	0	0	0	0	133591	124536	1111018	0	0	0	0	0	0	0	0	0	0	974918	72641	0	721150	722480	0	0	2023932	805201	2454590	1631155	2839260	12790667	15933075	0
LFQ	62	0	0	79	0	0	0	0	0	0	0	0	0	0	0	133792	128001	1110001	0	0	0	0	0	0	0	0	0	0	977804	73700	0	727650	725329	0	0	2034680	808339	2466760	1633622	2845162	12809338	15819381	0
LFQ	63	0	0	2	0	0	0	0	0	0	0	0	0	0	0	140357	137476	1150129	0	0	0	0	0	0	0	0	0	0	984398	74804	0	737164	730338	0	0	2046209	813068	2484602	1645873	2855405	12825321	15623359	0
LFQ	64	0	0	26	0	0	0	0	0	0	0	0	0	0	0	137160	138763	1124786	0	0	0	0	0	0	0	0	0	0	1008410	75398	0	739847	734214	0	0	2052212	819376	2494648	1651896	2864784	12845825	15515715	0
LFQ	65	0	0	1	0	0	0	0	0	0	0	0	0	0	0	136027	142432	1114360	0	0	0	0	0	0	0	0	0	0	1003427	76617	0	744364	735071	0	0	2065989	829406	2508833	1664471	2874726	12866214	15395411	0
LFQ	66	0	0	114	0	0	0	0	0	0	0	0	0	0	0	138376	146435	1127338	0	0	0	0	0	0	0	0	4	0	997367	77855	0	759389	742740	0	0	2088207	837658	2533763	1680514	2893670	12903637	15183267	0
LFQ	67	0	0	441	0	0	0	0	0	0	0	0	0	0	0	139760	154573	1130594	0	0	0	0	0	0	0	0	75	2	997729	78724	0	764815	746555	0	0	2103283	838938	2553507	1688738	2898791	12944130	15021942	0
LFQ	68	0	0	0	0	0	0	0	0	0	0	0	0	0	0	140600	162507	1133511	0	0	0	0	0	0	0	0	93	1	1001935	79703	0	769076	751096	0	0	2113111	844486	2565626	1696252	2906676	12970303	14879412	0
LFQ	69	0	0	57	0	0	0	0	0	0	0	0	0	0	0	145204	169504	1159655	0	0	0	0	0	0	0	0	205	14	1021980	81521	0	784403	762798	0	0	2139088	855758	2592060	1712451	2916936	12973895	14649756	0
LFQ	70	0	0	94	0	0	0	0	0	0	0	0	0	0	0	143669	176577	1151210	0	0	0	0	0	0	0	0	224	18	1025117	82176	0	790617	763488	0	0	2148831	865707	2606358	1720119	2924623	13000641	14515620	0
LFQ	71	0	0	0	0	0	0	0	0	0	0	0	0	0	0	147600	179644	1177264	0	0	0	0	0	0	0	0	618	40	1039117	84313	0	804010	774770	0	0	2177834	878266	2631210	1738252	2938034	13009943	14281949	0
LFQ	72	0	0	0	0	0	0	0	0	0	0	0	0	0	0	148464	185500	1176162	0	0	0	0	0	0	0	0	661	43	1043639	84268	0	804667	775605	0	0	2182740	884333	2637490	1744505	2948920	13038672	14153869	0
LFQ	73	0	0	0	0	0	0	0	0	0	0	0	0	1	2	148343	187783	1172760	0	0	0	0	0	0	0	0	1060	48	1051412	85771	0	814850	782818	0	0	2197493	891748	2658657	1754442	2954811	13041498	14011379	0
LFQ	74	0	0	31	0	0	0	0	0	0	0	0	0	2	23	149452	194174	1183881	0	0	0	0	0	0	1	0	1374	90	1047119	87748	0	825493	788801	1	0	2215466	900921	2678402	1766650	2965901	13065164	13827150	0
LFQ	75	0	0	0	0	0	0	0	0	0	0	0	0	11	166	152958	201367	1211075	0	0	0	0	0	0	14	0	1724	101	1064173	89464	0	841460	800815	9	4	2245621	908607	2703699	1781988	2975344	13052633	13606373	0
LFQ	76	0	0	4	0	0	0	0	0	0	0	0	0	339	2472	148888	198669	1198779	0	0	0	0	0	0	260	0	2714	205	1068935	89345	0	839124	801396	243	300	2250989	917288	2715313	1789401	2984132	13085817	13479488	0
LFQ	77	0	0	213	0	0	0	0	0	0	0	0	0	561	3707	141659	200110	1195252	0	0	0	0	0	0	390	0	3199	278	1056367	89517	0	842991	801744	455	521	2246444	916064	2716465	1787598	2977471	13078588	13443244	0
LFQ	78	0	0	0	0	0	0	0	0	0	0	0	0	266	1784	136441	203128	1208655	0	0	0	0	0	0	224	0	3611	251	1064997	91634	0	861156	811140	271	269	2277580	928997	2745167	1806651	2996092	13059958	13211824	0
LFQ	79	0	0	0	0	0	0	0	0	0	0	0	0	409	2722	115457	194724	1172735	0	0	0	0	0	0	379	0	4696	357	1070815	91660	0	868908	821302	491	549	2298502	942158	2763066	1819667	2998639	13060056	13000190	0
LFQ	80	0	0	0	0	0	0	0	0	0	0	0	0	221	1562	61597	149287	885744	0	0	0	0	0	0	316	0	4146	296	1063479	90166	0	873180	822245	449	573	2306026	951928	2772696	1827865	3008690	13069692	12772168	0
LFQ	81	0	0	0	0	0	0	0	0	0	0	0	0	0	0	0	0	0	0	0	0	0	0	0	1125	0	12126	515	2352655	158159	0	1640793	1794463	810	671	3922479	1350380	3916357	2330274	2791649	10254961	5863350	0
# GC Content of first fragments. Use `grep ^GCF | cut -f 2-` to extract this part.
GCF	0.50	20450
GCF	1.51	20451
GCF	2.26	20447
GCF	2.76	20460
GCF	3.27	20520
GCF	3.77	20616
GCF	4.27	20710
GCF	4.77	20905
GCF	5.28	20988
GCF	5.78	21066
GCF	6.28	21160
GCF	6.78	21236
GCF	7.29	21377
GCF	7.79	21470
GCF	8.29	21600
GCF	8.79	21769
GCF	9.30	22043
GCF	9.80	22353
GCF	10.30	22595
GCF	10.80	22721
GCF	11.31	23410
GCF	11.81	23681
GCF	12.31	24584
GCF	12.81	24777
GCF	13.32	25101
GCF	13.82	25958
GCF	14.32	26828
GCF	14.82	28059
GCF	15.33	28663
GCF	15.83	31043
GCF	16.33	31518
GCF	16.83	33109
GCF	17.34	37434
GCF	17.84	38096
GCF	18.34	45598
GCF	18.84	47045
GCF	19.35	47762
GCF	19.85	62239
GCF	20.35	63061
GCF	20.85	81395
GCF	21.36	83981
GCF	21.86	84959
GCF	22.36	114096
GCF	22.86	115949
GCF	23.37	151939
GCF	23.87	155760
GCF	24.37	156964
GCF	24.87	210125
GCF	25.38	211283
GCF	25.88	267866
GCF	26.38	273230
GCF	26.88	275020
GCF	27.39	347723
GCF	27.89	349916
GCF	28.39	427674
GCF	28.89	434012
GCF	29.40	518757
GCF	29.90	525859
GCF	30.40	527772
GCF	30.90	621087
GCF	31.41	629152
GCF	31.91	730301
GCF	32.41	737263
GCF	32.91	738953
GCF	33.42	849249
GCF	33.92	856223
GCF	34.42	964248
GCF	34.92	971695
GCF	35.43	974065
GCF	35.93	1084832
GCF	36.43	1093056
GCF	36.93	1199436
GCF	37.44	1207855
GCF	37.94	1210218
GCF	38.44	1305637
GCF	38.94	1311482
GCF	39.45	1391831
GCF	39.95	1400299
GCF	40.45	1401647
GCF	40.95	1462255
GCF	41.46	1467261
GCF	41.96	1517698
GCF	42.46	1521236
GCF	42.96	1557125
GCF	43.47	1557680
GCF	43.97	1560430
GCF	44.47	1588149
GCF	44.97	1591114
GCF	45.48	1610032
GCF	45.98	1611011
GCF	46.48	1613412
GCF	46.98	1622279
GCF	47.49	1624104
GCF	47.99	1630970
GCF	48.49	1631919
GCF	48.99	1633436
GCF	49.50	1646730
GCF	50.00	1655402
GCF	50.50	1669838
GCF	51.01	1672367
GCF	51.51	1673128
GCF	52.01	1695382
GCF	52.51	1698922
GCF	53.02	1723901
GCF	53.52	1727536
GCF	54.02	1728807
GCF	54.52	1749420
GCF	55.03	1752723
GCF	55.53	1771346
GCF	56.03	1774964
GCF	56.53	1775771
GCF	57.04	1773480
GCF	57.54	1774153
GCF	58.04	1750132
GCF	58.54	1748672
GCF	59.05	1698008
GCF	59.55	1697386
GCF	60.05	1694061
GCF	60.55	1610907
GCF	61.06	1605621
GCF	61.56	1506039
GCF	62.06	1503931
GCF	62.56	1495668
GCF	63.07	1374396
GCF	63.57	1364589
GCF	64.07	1229842
GCF	64.57	1226626
GCF	65.08	1215839
GCF	65.58	1075341
GCF	66.08	1065009
GCF	66.58	915080
GCF	67.09	912511
GCF	67.59	900877
GCF	68.09	758781
GCF	68.59	744484
GCF	69.10	616055
GCF	69.60	612536
GCF	70.10	601561
GCF	70.60	490050
GCF	71.11	479706
GCF	71.61	385259
GCF	72.11	381579
GCF	72.61	303024
GCF	73.12	299998
GCF	73.62	292421
GCF	74.12	237320
GCF	74.62	235958
GCF	75.13	186812
GCF	75.63	185105
GCF	76.13	179984
GCF	76.63	149534
GCF	77.14	146513
GCF	77.64	120192
GCF	78.14	118707
GCF	78.64	115552
GCF	79.15	98915
GCF	79.65	98106
GCF	80.15	80973
GCF	80.65	80232
GCF	81.16	78049
GCF	81.66	68694
GCF	82.16	67513
GCF	82.66	60117
GCF	83.17	56698
GCF	83.67	55898
GCF	84.17	50640
GCF	84.67	49599
GCF	85.18	45253
GCF	85.68	42624
GCF	86.18	39772
GCF	86.68	39215
GCF	87.19	38975
GCF	87.69	35709
GCF	88.19	35287
GCF	88.69	32845
GCF	89.20	32724
GCF	89.70	32447
GCF	90.20	31046
GCF	90.70	30157
GCF	91.21	29900
GCF	91.71	29378
GCF	92.21	28936
GCF	92.71	28611
GCF	93.22	28349
GCF	93.72	28130
GCF	94.22	27930
GCF	94.72	27867
GCF	95.23	27714
GCF	95.73	27651
GCF	96.23	27581
GCF	96.73	27546
GCF	97.24	27529
GCF	97.74	27521
GCF	98.99	27520
# GC Content of last fragments. Use `grep ^GCL | cut -f 2-` to extract this part.
GCL	0.50	81556
GCL	1.26	81553
GCL	1.76	81544
GCL	2.26	81537
GCL	2.76	81524
GCL	3.27	81523
GCL	3.77	81612
GCL	4.27	81704
GCL	4.77	81933
GCL	5.28	82019
GCL	5.78	82191
GCL	6.28	82369
GCL	6.78	82596
GCL	7.29	82864
GCL	7.79	83225
GCL	8.29	83640
GCL	8.79	83828
GCL	9.30	84632
GCL	9.80	85632
GCL	10.30	85922
GCL	10.80	86034
GCL	11.31	87472
GCL	11.81	87889
GCL	12.31	89992
GCL	12.81	90360
GCL	13.32	91035
GCL	13.82	91968
GCL	14.32	94617
GCL	14.82	96612
GCL	15.33	97551
GCL	15.83	100319
GCL	16.33	101121
GCL	16.83	106394
GCL	17.34	112030
GCL	17.84	113387
GCL	18.34	122216
GCL	18.84	124984
GCL	19.35	126132
GCL	19.85	146497
GCL	20.35	147544
GCL	20.85	165781
GCL	21.36	170482
GCL	21.86	172048
GCL	22.36	203760
GCL	22.86	207313
GCL	23.37	242517
GCL	23.87	249218
GCL	24.37	251253
GCL	24.87	312733
GCL	25.38	314510
GCL	25.88	370811
GCL	26.38	379711
GCL	26.88	382958
GCL	27.39	455655
GCL	27.89	459154
GCL	28.39	539398
GCL	28.89	549281
GCL	29.40	633200
GCL	29.90	646134
GCL	30.40	649612
GCL	30.90	738676
GCL	31.41	751544
GCL	31.91	848563
GCL	32.41	859974
GCL	32.91	862033
GCL	33.42	982630
GCL	33.92	993616
GCL	34.42	1095777
GCL	34.92	1108740
GCL	35.43	1113037
GCL	35.93	1218919
GCL	36.43	1232701
GCL	36.93	1331798
GCL	37.44	1346176
GCL	37.94	1349965
GCL	38.44	1437203
GCL	38.94	1448127
GCL	39.45	1520375
GCL	39.95	1539986
GCL	40.45	1542361
GCL	40.95	1598448
GCL	41.46	1606794
GCL	41.96	1649594
GCL	42.46	1655485
GCL	42.96	1690131
GCL	43.47	1692827
GCL	43.97	1699166
GCL	44.47	1724490
GCL	44.97	1729527
GCL	45.48	1744537
GCL	45.98	1747975
GCL	46.48	1752342
GCL	46.98	1752985
GCL	47.49	1757697
GCL	47.99	1761210
GCL	48.49	1763491
GCL	48.99	1768293
GCL	49.50	1776620
GCL	50.00	1811159
GCL	50.50	1817987
GCL	51.01	1823694
GCL	51.51	1826044
GCL	52.01	1845654
GCL	52.51	1852895
GCL	53.02	1870761
GCL	53.52	1879219
GCL	54.02	1882968
GCL	54.52	1900228
GCL	55.03	1908482
GCL	55.53	1924314
GCL	56.03	1931285
GCL	56.53	1932727
GCL	57.04	1930008
GCL	57.54	1933599
GCL	58.04	1910785
GCL	58.54	1911653
GCL	59.05	1861142
GCL	59.55	1860504
GCL	60.05	1858473
GCL	60.55	1779498
GCL	61.06	1770889
GCL	61.56	1680464
GCL	62.06	1676872
GCL	62.56	1664140
GCL	63.07	1552146
GCL	63.57	1536856
GCL	64.07	1413848
GCL	64.57	1407584
GCL	65.08	1388522
GCL	65.58	1258710
GCL	66.08	1240197
GCL	66.58	1102976
GCL	67.09	1098629
GCL	67.59	1078585
GCL	68.09	950421
GCL	68.59	924699
GCL	69.10	806257
GCL	69.60	799021
GCL	70.10	776556
GCL	70.60	674052
GCL	71.11	656805
GCL	71.61	568798
GCL	72.11	561170
GCL	72.61	481041
GCL	73.12	474106
GCL	73.62	459637
GCL	74.12	408426
GCL	74.62	405563
GCL	75.13	348447
GCL	75.63	344889
GCL	76.13	335405
GCL	76.63	306428
GCL	77.14	299659
GCL	77.64	270516
GCL	78.14	267705
GCL	78.64	260722
GCL	79.15	244337
GCL	79.65	242708
GCL	80.15	217291
GCL	80.65	215445
GCL	81.16	210405
GCL	81.66	199156
GCL	82.16	196621
GCL	82.66	188907
GCL	83.17	177568
GCL	83.67	175835
GCL	84.17	170102
GCL	84.67	167490
GCL	85.18	162756
GCL	85.68	154839
GCL	86.18	151803
GCL	86.68	150370
GCL	87.19	149739
GCL	87.69	142930
GCL	88.19	141977
GCL	88.69	136915
GCL	89.20	136690
GCL	89.70	136115
GCL	90.20	132927
GCL	90.70	130649
GCL	91.21	130269
GCL	91.71	128940
GCL	92.21	127861
GCL	92.71	127113
GCL	93.22	126603
GCL	93.72	126201
GCL	94.22	125779
GCL	94.72	125662
GCL	95.23	125386
GCL	95.73	125316
GCL	96.23	125229
GCL	96.73	125173
GCL	97.24	125149
GCL	97.74	125138
GCL	98.24	125135
GCL	99.25	125139
# ACGT content per cycle. Use `grep ^GCC | cut -f 2-` to extract this part. The columns are: cycle; A,C,G,T base counts as a percentage of all A/C/G/T bases [%]; and N and O counts as a percentage of all A/C/G/T bases [%]
GCC	1	24.98	24.72	25.07	25.22	0.00	0.00
GCC	2	25.01	24.69	25.05	25.25	0.00	0.00
GCC	3	25.11	24.61	24.95	25.34	0.00	0.00
GCC	4	24.96	24.75	25.08	25.21	0.00	0.00
GCC	5	24.98	24.73	25.06	25.23	0.00	0.00
GCC	6	25.06	24.66	24.96	25.32	0.00	0.00
GCC	7	24.93	24.79	25.10	25.19	0.00	0.00
GCC	8	24.95	24.77	25.09	25.20	0.00	0.00
GCC	9	25.02	24.70	25.01	25.27	0.00	0.00
GCC	10	24.90	24.81	25.12	25.18	0.00	0.00
GCC	11	24.90	24.82	25.14	25.14	0.00	0.00
GCC	12	24.99	24.73	25.03	25.25	0.00	0.00
GCC	13	24.88	24.84	25.14	25.14	0.00	0.00
GCC	14	24.90	24.82	25.13	25.16	0.00	0.00
GCC	15	24.97	24.74	25.04	25.25	0.00	0.00
GCC	16	24.86	24.86	25.14	25.14	0.00	0.00
GCC	17	24.87	24.85	25.13	25.14	0.00	0.00
GCC	18	24.94	24.77	25.05	25.24	0.00	0.00
GCC	19	24.83	24.88	25.16	25.13	0.00	0.00
GCC	20	24.83	24.88	25.17	25.12	0.00	0.00
GCC	21	24.92	24.80	25.07	25.20	0.00	0.00
GCC	22	24.81	24.92	25.17	25.10	0.00	0.00
GCC	23	24.81	24.91	25.18	25.10	0.00	0.00
GCC	24	24.91	24.81	25.07	25.21	0.00	0.00
GCC	25	24.79	24.93	25.18	25.10	0.00	0.00
GCC	26	24.81	24.93	25.16	25.10	0.00	0.00
GCC	27	24.90	24.83	25.07	25.20	0.00	0.00
GCC	28	24.78	24.95	25.18	25.09	0.00	0.00
GCC	29	24.78	24.94	25.18	25.09	0.00	0.00
GCC	30	24.86	24.85	25.10	25.18	0.00	0.00
GCC	31	24.75	24.97	25.21	25.07	0.00	0.00
GCC	32	24.76	24.96	25.17	25.11	0.00	0.00
GCC	33	24.86	24.87	25.08	25.20	0.00	0.00
GCC	34	24.75	24.96	25.19	25.10	0.00	0.00
GCC	35	24.76	24.96	25.20	25.09	0.00	0.00
GCC	36	24.84	24.88	25.10	25.18	0.00	0.00
GCC	37	24.75	24.99	25.18	25.08	0.00	0.00
GCC	38	24.75	24.98	25.17	25.10	0.00	0.00
GCC	39	24.83	24.89	25.10	25.18	0.00	0.00
GCC	40	24.72	25.01	25.19	25.08	0.00	0.00
GCC	41	24.72	25.00	25.20	25.07	0.00	0.00
GCC	42	24.80	24.91	25.11	25.17	0.00	0.00
GCC	43	24.72	25.01	25.19	25.07	0.00	0.00
GCC	44	24.73	25.01	25.19	25.08	0.00	0.00
GCC	45	24.81	24.92	25.10	25.17	0.00	0.00
GCC	46	24.72	25.02	25.19	25.07	0.00	0.00
GCC	47	24.72	25.01	25.20	25.08	0.00	0.00
GCC	48	24.79	24.94	25.12	25.16	0.00	0.00
GCC	49	24.70	25.02	25.20	25.07	0.00	0.00
GCC	50	24.71	25.01	25.20	25.07	0.00	0.00
GCC	51	24.79	24.94	25.12	25.14	0.00	0.00
GCC	52	24.71	25.02	25.19	25.08	0.00	0.00
GCC	53	24.71	25.02	25.19	25.08	0.00	0.00
GCC	54	24.79	24.94	25.11	25.16	0.00	0.00
GCC	55	24.71	25.03	25.21	25.06	0.00	0.00
GCC	56	24.71	25.01	25.19	25.09	0.00	0.00
GCC	57	24.78	24.94	25.12	25.16	0.00	0.00
GCC	58	24.69	25.03	25.20	25.08	0.00	0.00
GCC	59	24.71	25.02	25.19	25.08	0.00	0.00
GCC	60	24.77	24.96	25.13	25.14	0.00	0.00
GCC	61	24.69	25.04	25.20	25.06	0.00	0.00
GCC	62	24.71	25.02	25.19	25.08	0.00	0.00
GCC	63	24.78	24.95	25.11	25.16	0.00	0.00
GCC	64	24.68	25.05	25.21	25.06	0.00	0.00
GCC	65	24.69	25.04	25.20	25.07	0.00	0.00
GCC	66	24.78	24.95	25.11	25.16	0.00	0.00
GCC	67	24.69	25.04	25.19	25.08	0.00	0.00
GCC	68	24.70	25.04	25.20	25.07	0.00	0.00
GCC	69	24.76	24.97	25.13	25.13	0.00	0.00
GCC	70	24.67	25.06	25.22	25.05	0.00	0.00
GCC	71	24.69	25.04	25.21	25.06	0.00	0.00
GCC	72	24.76	24.97	25.14	25.14	0.00	0.00
GCC	73	24.68	25.04	25.21	25.07	0.00	0.00
GCC	74	24.69	25.04	25.21	25.06	0.00	0.00
GCC	75	24.76	24.97	25.13	25.15	0.00	0.00
GCC	76	24.69	25.05	25.21	25.06	0.00	0.00
GCC	77	24.70	25.02	25.19	25.09	0.00	0.00
GCC	78	24.77	24.96	25.11	25.16	0.00	0.00
GCC	79	24.70	25.03	25.20	25.08	0.00	0.00
GCC	80	24.72	25.02	25.18	25.09	0.00	0.00
GCC	81	24.56	25.16	25.24	25.04	0.00	0.00
# ACGT content per cycle, read oriented. Use `grep ^GCT | cut -f 2-` to extract this part. The columns are: cycle; A,C,G,T base counts as a percentage of all A/C/G/T bases [%]
GCT	1	24.71	25.21	24.58	25.50
GCT	2	24.90	25.06	24.68	25.36
GCT	3	24.99	24.97	24.59	25.45
GCT	4	24.80	25.19	24.63	25.38
GCT	5	24.93	25.07	24.72	25.28
GCT	6	24.99	24.98	24.64	25.39
GCT	7	24.82	25.16	24.72	25.30
GCT	8	24.91	25.06	24.80	25.23
GCT	9	24.97	25.00	24.71	25.32
GCT	10	24.79	25.16	24.77	25.29
GCT	11	24.90	25.07	24.88	25.14
GCT	12	24.96	25.02	24.74	25.28
GCT	13	24.81	25.17	24.81	25.21
GCT	14	24.91	25.10	24.85	25.15
GCT	15	24.94	25.03	24.75	25.28
GCT	16	24.82	25.16	24.84	25.18
GCT	17	24.90	25.10	24.88	25.12
GCT	18	24.93	25.04	24.78	25.25
GCT	19	24.78	25.17	24.87	25.18
GCT	20	24.86	25.11	24.94	25.09
GCT	21	24.95	25.02	24.85	25.17
GCT	22	24.79	25.19	24.90	25.12
GCT	23	24.82	25.15	24.93	25.09
GCT	24	24.92	25.06	24.82	25.20
GCT	25	24.76	25.21	24.90	25.13
GCT	26	24.87	25.11	24.97	25.04
GCT	27	24.94	25.06	24.85	25.16
GCT	28	24.76	25.19	24.94	25.11
GCT	29	24.85	25.12	25.01	25.02
GCT	30	24.92	25.06	24.90	25.12
GCT	31	24.76	25.22	24.96	25.06
GCT	32	24.84	25.16	24.97	25.03
GCT	33	24.90	25.09	24.86	25.15
GCT	34	24.75	25.22	24.93	25.09
GCT	35	24.85	25.15	25.01	25.00
GCT	36	24.91	25.10	24.88	25.11
GCT	37	24.78	25.20	24.97	25.05
GCT	38	24.85	25.15	25.00	25.00
GCT	39	24.91	25.08	24.91	25.10
GCT	40	24.77	25.24	24.97	25.03
GCT	41	24.84	25.17	25.04	24.95
GCT	42	24.88	25.12	24.91	25.09
GCT	43	24.75	25.23	24.97	25.04
GCT	44	24.83	25.17	25.02	24.97
GCT	45	24.90	25.10	24.93	25.08
GCT	46	24.78	25.25	24.97	25.00
GCT	47	24.85	25.17	25.03	24.95
GCT	48	24.90	25.11	24.94	25.04
GCT	49	24.78	25.22	25.01	24.99
GCT	50	24.85	25.14	25.07	24.94
GCT	51	24.91	25.08	24.98	25.02
GCT	52	24.81	25.20	25.01	24.98
GCT	53	24.87	25.14	25.07	24.92
GCT	54	24.92	25.08	24.97	25.03
GCT	55	24.79	25.21	25.03	24.97
GCT	56	24.88	25.14	25.06	24.93
GCT	57	24.94	25.06	24.99	25.01
GCT	58	24.82	25.19	25.04	24.95
GCT	59	24.89	25.09	25.12	24.90
GCT	60	24.94	25.05	25.03	24.97
GCT	61	24.85	25.16	25.09	24.91
GCT	62	24.90	25.11	25.10	24.89
GCT	63	24.94	25.04	25.01	25.00
GCT	64	24.80	25.20	25.06	24.94
GCT	65	24.90	25.14	25.11	24.86
GCT	66	24.96	25.05	25.01	24.97
GCT	67	24.85	25.16	25.07	24.92
GCT	68	24.90	25.11	25.13	24.87
GCT	69	24.96	25.05	25.06	24.94
GCT	70	24.84	25.18	25.09	24.89
GCT	71	24.90	25.12	25.13	24.85
GCT	72	24.96	25.07	25.04	24.93
GCT	73	24.85	25.18	25.07	24.90
GCT	74	24.90	25.13	25.12	24.85
GCT	75	24.97	25.07	25.03	24.93
GCT	76	24.86	25.19	25.07	24.88
GCT	77	24.95	25.11	25.10	24.84
GCT	78	25.01	25.05	25.02	24.92
GCT	79	24.90	25.16	25.07	24.88
GCT	80	24.96	25.13	25.07	24.84
GCT	81	24.70	25.50	24.90	24.90
# ACGT content per cycle for first fragments. Use `grep ^FBC | cut -f 2-` to extract this part. The columns are: cycle; A,C,G,T base counts as a percentage of all A/C/G/T bases [%]; and N and O counts as a percentage of all A/C/G/T bases [%]
FBC	1	25.10	24.69	25.21	25.01	0.00	0.00
FBC	2	25.05	24.71	25.15	25.08	0.00	0.00
FBC	3	25.15	24.62	25.06	25.17	0.00	0.00
FBC	4	25.05	24.70	25.20	25.05	0.00	0.00
FBC	5	25.01	24.73	25.16	25.10	0.00	0.00
FBC	6	25.11	24.66	25.06	25.17	0.00	0.00
FBC	7	25.00	24.76	25.20	25.04	0.00	0.00
FBC	8	24.98	24.79	25.17	25.06	0.00	0.00
FBC	9	25.06	24.70	25.11	25.12	0.00	0.00
FBC	10	24.96	24.79	25.22	25.02	0.00	0.00
FBC	11	24.92	24.83	25.22	25.03	0.00	0.00
FBC	12	25.02	24.74	25.13	25.11	0.00	0.00
FBC	13	24.94	24.81	25.24	25.01	0.00	0.00
FBC	14	24.91	24.83	25.21	25.05	0.00	0.00
FBC	15	24.98	24.76	25.14	25.12	0.00	0.00
FBC	16	24.92	24.85	25.22	25.01	0.00	0.00
FBC	17	24.89	24.87	25.20	25.04	0.00	0.00
FBC	18	24.96	24.79	25.13	25.12	0.00	0.00
FBC	19	24.88	24.87	25.25	25.01	0.00	0.00
FBC	20	24.84	24.91	25.23	25.02	0.00	0.00
FBC	21	24.93	24.82	25.15	25.09	0.00	0.00
FBC	22	24.86	24.91	25.25	24.99	0.00	0.00
FBC	23	24.82	24.93	25.25	25.00	0.00	0.00
FBC	24	24.92	24.83	25.15	25.09	0.00	0.00
FBC	25	24.84	24.92	25.26	24.98	0.00	0.00
FBC	26	24.82	24.95	25.21	25.02	0.00	0.00
FBC	27	24.90	24.84	25.15	25.10	0.00	0.00
FBC	28	24.81	24.94	25.25	24.99	0.00	0.00
FBC	29	24.79	24.97	25.24	25.01	0.00	0.00
FBC	30	24.87	24.88	25.16	25.09	0.00	0.00
FBC	31	24.79	24.96	25.28	24.97	0.00	0.00
FBC	32	24.77	24.98	25.22	25.02	0.00	0.00
FBC	33	24.88	24.87	25.15	25.10	0.00	0.00
FBC	34	24.80	24.94	25.26	25.01	0.00	0.00
FBC	35	24.76	24.97	25.25	25.02	0.00	0.00
FBC	36	24.87	24.87	25.17	25.09	0.00	0.00
FBC	37	24.79	24.97	25.24	25.01	0.00	0.00
FBC	38	24.76	24.99	25.22	25.03	0.00	0.00
FBC	39	24.83	24.92	25.16	25.09	0.00	0.00
FBC	40	24.76	24.99	25.24	25.00	0.00	0.00
FBC	41	24.72	25.02	25.25	25.01	0.00	0.00
FBC	42	24.81	24.93	25.18	25.08	0.00	0.00
FBC	43	24.76	25.00	25.24	25.00	0.00	0.00
FBC	44	24.73	25.02	25.24	25.01	0.00	0.00
FBC	45	24.82	24.94	25.16	25.09	0.00	0.00
FBC	46	24.74	25.00	25.25	25.00	0.00	0.00
FBC	47	24.72	25.02	25.24	25.03	0.00	0.00
FBC	48	24.80	24.94	25.18	25.09	0.00	0.00
FBC	49	24.73	25.01	25.25	25.00	0.00	0.00
FBC	50	24.72	25.03	25.24	25.02	0.00	0.00
FBC	51	24.79	24.96	25.17	25.08	0.00	0.00
FBC	52	24.74	25.01	25.23	25.02	0.00	0.00
FBC	53	24.70	25.03	25.23	25.03	0.00	0.00
FBC	54	24.79	24.96	25.16	25.09	0.00	0.00
FBC	55	24.73	25.02	25.25	24.99	0.00	0.00
FBC	56	24.70	25.03	25.22	25.04	0.00	0.00
FBC	57	24.78	24.95	25.16	25.11	0.00	0.00
FBC	58	24.70	25.03	25.24	25.03	0.00	0.00
FBC	59	24.68	25.06	25.22	25.04	0.00	0.00
FBC	60	24.75	24.99	25.17	25.10	0.00	0.00
FBC	61	24.69	25.05	25.23	25.02	0.00	0.00
FBC	62	24.69	25.05	25.21	25.04	0.00	0.00
FBC	63	24.77	24.97	25.15	25.11	0.00	0.00
FBC	64	24.69	25.04	25.26	25.01	0.00	0.00
FBC	65	24.66	25.08	25.23	25.04	0.00	0.00
FBC	66	24.76	24.98	25.15	25.11	0.00	0.00
FBC	67	24.70	25.05	25.21	25.04	0.00	0.00
FBC	68	24.68	25.07	25.21	25.05	0.00	0.00
FBC	69	24.74	25.01	25.16	25.10	0.00	0.00
FBC	70	24.67	25.06	25.24	25.02	0.00	0.00
FBC	71	24.65	25.07	25.24	25.04	0.00	0.00
FBC	72	24.73	24.99	25.18	25.10	0.00	0.00
FBC	73	24.68	25.04	25.24	25.04	0.00	0.00
FBC	74	24.66	25.06	25.24	25.04	0.00	0.00
FBC	75	24.73	24.98	25.17	25.12	0.00	0.00
FBC	76	24.68	25.04	25.24	25.04	0.00	0.00
FBC	77	24.66	25.05	25.21	25.07	0.00	0.00
FBC	78	24.74	24.99	25.14	25.14	0.00	0.00
FBC	79	24.68	25.03	25.23	25.06	0.00	0.00
FBC	80	24.67	25.05	25.21	25.07	0.00	0.00
FBC	81	24.64	25.03	25.30	25.03	0.00	0.00
# ACGT raw counters for first fragments. Use `grep ^FTC | cut -f 2-` to extract this part. The columns are: A,C,G,T,N base counters
FTC	887571224	891781253	901538749	896113972	4761
# ACGT content per cycle for last fragments. Use `grep ^LBC | cut -f 2-` to extract this part. The columns are: cycle; A,C,G,T base counts as a percentage of all A/C/G/T bases [%]; and N and O counts as a percentage of all A/C/G/T bases [%]
LBC	1	24.87	24.76	24.93	25.44	0.00	0.00
LBC	2	24.97	24.68	24.95	25.41	0.00	0.00
LBC	3	25.06	24.60	24.84	25.50	0.00	0.00
LBC	4	24.87	24.80	24.95	25.38	0.00	0.00
LBC	5	24.95	24.73	24.96	25.36	0.00	0.00
LBC	6	25.01	24.66	24.86	25.48	0.00	0.00
LBC	7	24.85	24.82	24.99	25.33	0.00	0.00
LBC	8	24.92	24.75	25.00	25.33	0.00	0.00
LBC	9	24.98	24.69	24.92	25.42	0.00	0.00
LBC	10	24.84	24.82	25.01	25.33	0.00	0.00
LBC	11	24.89	24.80	25.06	25.26	0.00	0.00
LBC	12	24.96	24.72	24.93	25.38	0.00	0.00
LBC	13	24.82	24.87	25.04	25.26	0.00	0.00
LBC	14	24.88	24.81	25.05	25.27	0.00	0.00
LBC	15	24.95	24.72	24.94	25.39	0.00	0.00
LBC	16	24.81	24.87	25.06	25.26	0.00	0.00
LBC	17	24.86	24.83	25.06	25.24	0.00	0.00
LBC	18	24.91	24.76	24.96	25.36	0.00	0.00
LBC	19	24.79	24.88	25.08	25.25	0.00	0.00
LBC	20	24.81	24.85	25.11	25.23	0.00	0.00
LBC	21	24.91	24.78	24.99	25.32	0.00	0.00
LBC	22	24.76	24.93	25.10	25.21	0.00	0.00
LBC	23	24.81	24.89	25.11	25.19	0.00	0.00
LBC	24	24.90	24.79	24.98	25.33	0.00	0.00
LBC	25	24.74	24.94	25.10	25.22	0.00	0.00
LBC	26	24.81	24.91	25.11	25.18	0.00	0.00
LBC	27	24.89	24.82	24.99	25.30	0.00	0.00
LBC	28	24.74	24.95	25.11	25.20	0.00	0.00
LBC	29	24.78	24.92	25.13	25.17	0.00	0.00
LBC	30	24.86	24.83	25.04	25.28	0.00	0.00
LBC	31	24.71	24.98	25.14	25.17	0.00	0.00
LBC	32	24.75	24.94	25.11	25.20	0.00	0.00
LBC	33	24.84	24.86	25.01	25.29	0.00	0.00
LBC	34	24.69	24.99	25.12	25.19	0.00	0.00
LBC	35	24.75	24.94	25.14	25.17	0.00	0.00
LBC	36	24.82	24.89	25.03	25.26	0.00	0.00
LBC	37	24.71	25.01	25.12	25.16	0.00	0.00
LBC	38	24.75	24.97	25.12	25.16	0.00	0.00
LBC	39	24.82	24.87	25.03	25.27	0.00	0.00
LBC	40	24.67	25.03	25.14	25.16	0.00	0.00
LBC	41	24.72	24.99	25.16	25.13	0.00	0.00
LBC	42	24.80	24.90	25.04	25.26	0.00	0.00
LBC	43	24.68	25.03	25.14	25.16	0.00	0.00
LBC	44	24.73	25.00	25.14	25.14	0.00	0.00
LBC	45	24.80	24.91	25.04	25.25	0.00	0.00
LBC	46	24.69	25.04	25.13	25.13	0.00	0.00
LBC	47	24.72	25.00	25.16	25.13	0.00	0.00
LBC	48	24.78	24.93	25.06	25.23	0.00	0.00
LBC	49	24.67	25.03	25.15	25.14	0.00	0.00
LBC	50	24.71	24.99	25.17	25.12	0.00	0.00
LBC	51	24.79	24.92	25.08	25.21	0.00	0.00
LBC	52	24.69	25.03	25.15	25.13	0.00	0.00
LBC	53	24.72	25.00	25.14	25.13	0.00	0.00
LBC	54	24.79	24.92	25.07	25.22	0.00	0.00
LBC	55	24.68	25.04	25.16	25.12	0.00	0.00
LBC	56	24.72	24.99	25.15	25.14	0.00	0.00
LBC	57	24.79	24.92	25.07	25.22	0.00	0.00
LBC	58	24.68	25.03	25.16	25.13	0.00	0.00
LBC	59	24.74	24.99	25.15	25.13	0.00	0.00
LBC	60	24.80	24.92	25.09	25.19	0.00	0.00
LBC	61	24.70	25.03	25.17	25.09	0.00	0.00
LBC	62	24.73	24.99	25.16	25.12	0.00	0.00
LBC	63	24.80	24.93	25.06	25.21	0.00	0.00
LBC	64	24.68	25.06	25.16	25.11	0.00	0.00
LBC	65	24.71	25.01	25.18	25.10	0.00	0.00
LBC	66	24.80	24.92	25.07	25.20	0.00	0.00
LBC	67	24.68	25.04	25.16	25.12	0.00	0.00
LBC	68	24.72	25.01	25.18	25.09	0.00	0.00
LBC	69	24.79	24.93	25.11	25.17	0.00	0.00
LBC	70	24.68	25.05	25.19	25.09	0.00	0.00
LBC	71	24.73	25.00	25.19	25.07	0.00	0.00
LBC	72	24.78	24.95	25.10	25.17	0.00	0.00
LBC	73	24.69	25.04	25.17	25.09	0.00	0.00
LBC	74	24.73	25.02	25.18	25.07	0.00	0.00
LBC	75	24.78	24.95	25.09	25.17	0.00	0.00
LBC	76	24.69	25.06	25.18	25.08	0.00	0.00
LBC	77	24.75	24.99	25.16	25.10	0.00	0.00
LBC	78	24.81	24.93	25.08	25.18	0.00	0.00
LBC	79	24.72	25.02	25.17	25.10	0.00	0.00
LBC	80	24.76	24.99	25.15	25.10	0.00	0.00
LBC	81	24.46	25.30	25.18	25.06	0.00	0.00
# ACGT raw counters for last fragments. Use `grep ^LTC | cut -f 2-` to extract this part. The columns are: A,C,G,T,N base counters
LTC	865115136	869627683	875425554	880008346	5192
# Insert sizes. Use `grep ^IS | cut -f 2-` to extract this part. The columns are: insert size, pairs total, inward oriented pairs, outward oriented pairs, other pairs
IS	0	0	0	0	0
IS	1	6	0	4	2
IS	2	114	0	112	2
IS	3	117	0	117	0
IS	4	135	0	134	1
IS	5	150	0	149	1
IS	6	138	0	138	0
IS	7	146	0	146	0
IS	8	165	0	164	1
IS	9	186	0	185	1
IS	10	221	0	221	0
IS	11	231	0	231	0
IS	12	234	0	233	1
IS	13	228	0	228	0
IS	14	273	0	273	0
IS	15	271	0	270	1
IS	16	296	0	296	0
IS	17	297	0	297	0
IS	18	319	0	319	0
IS	19	545	117	428	0
IS	20	509	77	432	0
IS	21	475	61	407	7
IS	22	432	30	400	2
IS	23	454	29	425	0
IS	24	434	26	406	2
IS	25	410	27	383	0
IS	26	463	27	434	2
IS	27	514	38	475	1
IS	28	486	23	463	0
IS	29	553	35	517	1
IS	30	549	27	522	0
IS	31	579	20	558	1
IS	32	572	39	533	0
IS	33	613	35	575	3
IS	34	678	45	631	2
IS	35	668	31	634	3
IS	36	743	47	695	1
IS	37	686	42	643	1
IS	38	831	60	770	1
IS	39	886	58	828	0
IS	40	901	55	844	2
IS	41	902	61	837	4
IS	42	1051	72	977	2
IS	43	1117	89	1027	1
IS	44	1181	76	1105	0
IS	45	1265	87	1175	3
IS	46	1383	93	1287	3
IS	47	1542	110	1428	4
IS	48	1699	108	1587	4
IS	49	1883	124	1758	1
IS	50	2119	127	1991	1
IS	51	2296	174	2121	1
IS	52	2550	162	2384	4
IS	53	2892	183	2708	1
IS	54	3254	237	3016	1
IS	55	3693	192	3499	2
IS	56	4389	254	4133	2
IS	57	4923	300	4621	2
IS	58	5492	283	5205	4
IS	59	6094	337	5755	2
IS	60	6918	371	6541	6
IS	61	7943	410	7527	6
IS	62	9228	425	8797	6
IS	63	10427	470	9954	3
IS	64	11668	530	11130	8
IS	65	13329	618	12707	4
IS	66	14867	665	14198	4
IS	67	17200	837	16362	1
IS	68	19199	851	18345	3
IS	69	21603	922	20677	4
IS	70	24634	1092	23537	5
IS	71	27109	1193	25913	3
IS	72	30247	1351	28895	1
IS	73	33726	1458	32266	2
IS	74	37437	1642	35793	2
IS	75	41338	1836	39497	5
IS	76	45422	1953	43464	5
IS	77	50105	2260	47838	7
IS	78	54797	2606	52187	4
IS	79	60254	3214	57036	4
IS	80	65727	6179	59548	0
IS	81	71277	30858	40416	3
IS	82	77545	77422	121	2
IS	83	83966	83907	56	3
IS	84	89491	89464	24	3
IS	85	96236	96214	17	5
IS	86	102119	102098	15	6
IS	87	109120	109110	6	4
IS	88	116064	116044	11	9
IS	89	123558	123549	6	3
IS	90	130835	130820	6	9
IS	91	138099	138094	2	3
IS	92	145313	145305	3	5
IS	93	152137	152131	4	2
IS	94	158695	158688	3	4
IS	95	165786	165780	3	3
IS	96	172950	172943	2	5
IS	97	179796	179788	3	5
IS	98	186980	186970	5	5
IS	99	192854	192846	1	7
IS	100	199402	199392	1	9
IS	101	205927	205917	4	6
IS	102	212004	211994	5	5
IS	103	217877	217872	1	4
IS	104	223986	223979	3	4
IS	105	229270	229265	2	3
IS	106	234235	234228	1	6
IS	107	238035	238025	2	8
IS	108	242958	242951	3	4
IS	109	246941	246929	1	11
IS	110	251992	251975	4	13
IS	111	255648	255641	1	6
IS	112	259266	259260	0	6
IS	113	264066	264056	2	8
IS	114	266767	266762	1	4
IS	115	269844	269834	0	10
IS	116	271835	271833	1	1
IS	117	274310	274305	1	4
IS	118	276514	276506	2	6
IS	119	279078	279072	2	4
IS	120	280840	280838	1	1
IS	121	282906	282899	0	7
IS	122	285306	285296	6	4
IS	123	286881	286876	1	4
IS	124	287995	287989	2	4
IS	125	289637	289629	1	7
IS	126	290808	290798	3	7
IS	127	290405	290394	2	9
IS	128	292192	292189	1	2
IS	129	292529	292519	5	5
IS	130	292623	292614	2	7
IS	131	293320	293316	1	3
IS	132	293289	293284	0	5
IS	133	293742	293731	2	9
IS	134	292488	292488	0	0
IS	135	293701	293696	2	3
IS	136	292833	292825	0	8
IS	137	293147	293140	2	5
IS	138	293338	293336	0	2
IS	139	293172	293165	1	6
IS	140	291337	291331	2	4
IS	141	290202	290193	2	7
IS	142	290489	290479	1	9
IS	143	288632	288627	0	5
IS	144	287640	287634	2	4
IS	145	287786	287780	2	4
IS	146	286724	286719	0	5
IS	147	284926	284917	1	8
IS	148	284050	284045	0	5
IS	149	283191	283184	1	6
IS	150	282801	282797	0	4
IS	151	280871	280865	0	6
IS	152	279340	279335	1	4
IS	153	277803	277798	0	5
IS	154	276661	276656	2	3
IS	155	275217	275213	1	3
IS	156	273443	273438	2	3
IS	157	271474	271469	3	2
IS	158	269233	269229	2	2
IS	159	268166	268161	0	5
IS	160	266971	266967	0	4
IS	161	264356	264351	1	4
IS	162	263097	263093	1	3
IS	163	260428	260426	2	0
IS	164	259309	259305	0	4
IS	165	256484	256480	3	1
IS	166	255020	255013	4	3
IS	167	253279	253273	1	5
IS	168	251278	251273	3	2
IS	169	249277	249268	3	6
IS	170	247852	247842	0	10
IS	171	245397	245392	2	3
IS	172	242167	242157	2	8
IS	173	240655	240647	1	7
IS	174	238878	238872	1	5
IS	175	237650	237645	2	3
IS	176	234865	234853	2	10
IS	177	232310	232304	2	4
IS	178	230324	230320	0	4
IS	179	228925	228922	1	2
IS	180	227247	227240	3	4
IS	181	225169	225163	3	3
IS	182	222387	222381	2	4
IS	183	220568	220560	0	8
IS	184	219617	219616	0	1
IS	185	216867	216865	1	1
IS	186	213834	213827	1	6
IS	187	211829	211826	1	2
IS	188	209320	209311	0	9
IS	189	208249	208244	1	4
IS	190	204835	204831	1	3
IS	191	204182	204175	2	5
IS	192	201676	201674	2	0
IS	193	199124	199121	0	3
IS	194	196951	196946	2	3
IS	195	194745	194741	1	3
IS	196	192947	192945	1	1
IS	197	191212	191205	4	3
IS	198	189167	189166	0	1
IS	199	186601	186597	0	4
IS	200	184937	184933	3	1
IS	201	182647	182643	0	4
IS	202	180485	180482	0	3
IS	203	178882	178874	2	6
IS	204	176809	176803	2	4
IS	205	174739	174736	2	1
IS	206	173108	173107	0	1
IS	207	170848	170842	2	4
IS	208	169330	169324	1	5
IS	209	167130	167120	4	6
IS	210	164924	164921	2	1
IS	211	162794	162788	1	5
IS	212	161523	161517	1	5
IS	213	159712	159712	0	0
IS	214	157505	157501	0	4
IS	215	155585	155583	1	1
IS	216	154143	154141	0	2
IS	217	151323	151321	0	2
IS	218	149860	149857	0	3
IS	219	148084	148080	2	2
IS	220	146460	146454	1	5
IS	221	144770	144764	2	4
IS	222	143455	143449	0	6
IS	223	141400	141394	1	5
IS	224	139960	139955	2	3
IS	225	138221	138217	1	3
IS	226	136158	136152	3	3
IS	227	134533	134530	0	3
IS	228	132445	132440	1	4
IS	229	131165	131158	2	5
IS	230	130056	130055	0	1
IS	231	128179	128177	2	0
IS	232	126343	126339	2	2
IS	233	125796	125792	0	4
IS	234	123911	123904	1	6
IS	235	122030	122029	0	1
IS	236	120557	120552	1	4
IS	237	119155	119147	4	4
IS	238	117497	117494	0	3
IS	239	116472	116465	1	6
IS	240	114383	114378	1	4
IS	241	113478	113478	0	0
IS	242	111800	111797	0	3
IS	243	110461	110455	3	3
IS	244	109267	109265	1	1
IS	245	106739	106737	0	2
IS	246	105909	105905	3	1
IS	247	105023	105018	3	2
IS	248	103567	103565	0	2
IS	249	102404	102403	1	0
IS	250	100911	100908	0	3
IS	251	99125	99122	1	2
IS	252	97830	97829	0	1
IS	253	97048	97045	1	2
IS	254	95832	95827	0	5
IS	255	93945	93944	1	0
IS	256	93581	93580	0	1
IS	257	92651	92646	1	4
IS	258	91053	91052	1	0
IS	259	90397	90393	0	4
IS	260	88423	88421	1	1
IS	261	87253	87251	1	1
IS	262	86477	86476	0	1
IS	263	84886	84883	0	3
IS	264	83867	83864	2	1
IS	265	83108	83103	1	4
IS	266	81481	81478	1	2
IS	267	80519	80513	2	4
IS	268	79822	79819	1	2
IS	269	79088	79082	2	4
IS	270	77931	77929	0	2
IS	271	76962	76958	1	3
IS	272	75759	75756	1	2
IS	273	74250	74249	0	1
IS	274	74000	73996	0	4
IS	275	72877	72873	1	3
IS	276	72054	72052	0	2
IS	277	71583	71578	4	1
IS	278	69991	69990	0	1
IS	279	69305	69304	0	1
IS	280	68976	68973	2	1
IS	281	67801	67800	0	1
IS	282	66880	66875	2	3
IS	283	66151	66149	1	1
IS	284	65269	65268	1	0
IS	285	64015	64011	1	3
IS	286	63570	63567	1	2
IS	287	62781	62777	0	4
IS	288	61791	61789	0	2
IS	289	60892	60889	0	3
IS	290	60711	60709	1	1
IS	291	59707	59704	1	2
IS	292	58513	58508	1	4
IS	293	58251	58247	2	2
IS	294	57508	57506	0	2
IS	295	56456	56455	0	1
IS	296	55663	55662	0	1
IS	297	54771	54768	1	2
IS	298	54283	54280	0	3
IS	299	53642	53640	0	2
IS	300	53402	53400	0	2
IS	301	52594	52593	0	1
IS	302	51916	51912	2	2
IS	303	50899	50897	0	2
IS	304	50685	50685	0	0
IS	305	50329	50326	1	2
IS	306	48880	48878	1	1
IS	307	48402	48401	0	1
IS	308	48246	48245	0	1
IS	309	46820	46819	0	1
IS	310	46776	46771	1	4
IS	311	46227	46227	0	0
IS	312	45351	45349	1	1
IS	313	45263	45261	0	2
IS	314	44723	44722	0	1
IS	315	43587	43586	0	1
IS	316	43625	43624	0	1
IS	317	43129	43127	1	1
IS	318	42576	42570	3	3
IS	319	41633	41632	0	1
IS	320	41260	41258	0	2
IS	321	40443	40439	0	4
IS	322	40047	40047	0	0
IS	323	40146	40145	0	1
IS	324	39285	39281	2	2
IS	325	38669	38665	0	4
IS	326	38164	38162	0	2
IS	327	37576	37567	4	5
IS	328	37435	37432	2	1
IS	329	37030	37029	0	1
IS	330	36451	36447	2	2
IS	331	36015	36014	0	1
IS	332	35395	35393	0	2
IS	333	34702	34700	0	2
IS	334	34752	34750	1	1
IS	335	34029	34025	2	2
IS	336	33645	33644	1	0
IS	337	32925	32922	1	2
IS	338	32831	32828	1	2
IS	339	32478	32478	0	0
IS	340	31948	31947	1	0
IS	341	31453	31452	0	1
IS	342	30874	30871	1	2
IS	343	31092	31089	0	3
IS	344	30114	30114	0	0
IS	345	29965	29964	0	1
IS	346	29536	29533	3	0
IS	347	29315	29313	0	2
IS	348	28726	28726	0	0
IS	349	28078	28077	1	0
IS	350	28140	28137	3	0
IS	351	27831	27830	0	1
IS	352	27475	27475	0	0
IS	353	26766	26765	0	1
IS	354	27008	27008	0	0
IS	355	26085	26082	0	3
IS	356	26044	26042	1	1
IS	357	25406	25403	0	3
IS	358	25327	25325	1	1
IS	359	24713	24710	0	3
IS	360	24469	24466	0	3
IS	361	24054	24054	0	0
IS	362	23875	23875	0	0
IS	363	23649	23649	0	0
IS	364	23454	23452	1	1
IS	365	22883	22882	1	0
IS	366	22657	22655	1	1
IS	367	22258	22256	1	1
IS	368	22061	22061	0	0
IS	369	21272	21271	0	1
IS	370	21539	21539	0	0
IS	371	21264	21262	1	1
IS	372	20585	20584	0	1
IS	373	20574	20573	1	0
IS	374	20245	20243	0	2
IS	375	19688	19687	0	1
IS	376	19735	19731	1	3
IS	377	19450	19449	1	0
IS	378	19289	19287	1	1
IS	379	18802	18801	0	1
IS	380	18582	18581	0	1
IS	381	18222	18221	0	1
IS	382	18301	18300	0	1
IS	383	17897	17896	0	1
IS	384	17546	17544	0	2
IS	385	17387	17386	0	1
IS	386	17145	17144	0	1
IS	387	16847	16846	1	0
IS	388	16703	16701	0	2
IS	389	16641	16637	2	2
IS	390	16212	16211	1	0
IS	391	16139	16137	0	2
IS	392	15646	15646	0	0
IS	393	15691	15690	0	1
IS	394	15541	15541	0	0
IS	395	15105	15104	0	1
IS	396	14823	14820	1	2
IS	397	14706	14705	0	1
IS	398	14616	14615	1	0
IS	399	14493	14490	2	1
IS	400	14070	14068	0	2
IS	401	14161	14159	0	2
IS	402	13887	13887	0	0
IS	403	13632	13631	1	0
IS	404	13478	13478	0	0
IS	405	13310	13309	0	1
IS	406	13114	13114	0	0
IS	407	12785	12784	0	1
IS	408	12665	12663	1	1
IS	409	12657	12655	1	1
IS	410	12342	12341	0	1
IS	411	12044	12042	1	1
IS	412	12185	12185	0	0
IS	413	11862	11861	0	1
IS	414	11822	11820	1	1
IS	415	11529	11528	1	0
IS	416	11336	11336	0	0
IS	417	11289	11287	1	1
IS	418	11078	11076	0	2
IS	419	10813	10813	0	0
IS	420	10622	10620	1	1
IS	421	10457	10454	2	1
IS	422	10418	10417	1	0
IS	423	10247	10246	0	1
IS	424	10358	10356	1	1
IS	425	10074	10074	0	0
IS	426	10068	10066	1	1
IS	427	9795	9794	1	0
IS	428	9607	9605	1	1
IS	429	9647	9644	1	2
IS	430	9390	9388	1	1
IS	431	9191	9191	0	0
IS	432	9239	9239	0	0
IS	433	8987	8986	1	0
IS	434	8886	8885	0	1
IS	435	8592	8589	1	2
IS	436	8533	8533	0	0
IS	437	8540	8539	0	1
IS	438	8359	8357	1	1
IS	439	8413	8410	3	0
IS	440	8303	8301	1	1
IS	441	8204	8202	0	2
IS	442	7900	7895	3	2
IS	443	7988	7986	1	1
IS	444	7881	7880	0	1
IS	445	7734	7732	2	0
IS	446	7512	7509	2	1
IS	447	7661	7657	3	1
IS	448	7464	7464	0	0
IS	449	7394	7392	1	1
IS	450	7351	7350	1	0
IS	451	7021	7020	0	1
IS	452	6980	6978	2	0
IS	453	6836	6835	0	1
IS	454	6863	6861	0	2
IS	455	6852	6850	0	2
IS	456	6645	6643	2	0
IS	457	6536	6535	0	1
IS	458	6465	6463	0	2
IS	459	6293	6293	0	0
IS	460	6269	6266	1	2
IS	461	6112	6110	1	1
IS	462	6112	6110	1	1
IS	463	6178	6177	1	0
IS	464	6058	6058	0	0
IS	465	5937	5937	0	0
IS	466	5943	5936	2	5
# Read lengths. Use `grep ^RL | cut -f 2-` to extract this part. The columns are: read length, count
RL	1	141030
RL	2	29970
RL	3	40247
RL	4	52037
RL	5	64360
RL	6	67437
RL	7	63298
RL	8	62864
RL	9	62796
RL	10	61526
RL	11	62118
RL	12	60881
RL	13	59611
RL	14	58687
RL	15	58649
RL	16	57692
RL	17	57168
RL	18	56607
RL	19	57123
RL	20	56130
RL	21	56914
RL	22	58868
RL	23	57793
RL	24	59808
RL	25	59852
RL	26	59456
RL	27	60087
RL	28	59849
RL	29	59314
RL	30	60099
RL	31	60136
RL	32	60302
RL	33	59565
RL	34	59737
RL	35	60429
RL	36	60642
RL	37	60760
RL	38	61403
RL	39	61152
RL	40	61216
RL	41	61613
RL	42	61607
RL	43	61900
RL	44	61937
RL	45	62030
RL	46	62178
RL	47	61903
RL	48	62815
RL	49	63643
RL	50	64011
RL	51	64167
RL	52	64315
RL	53	65695
RL	54	65970
RL	55	66790
RL	56	67647
RL	57	68091
RL	58	68501
RL	59	69798
RL	60	69883
RL	61	70131
RL	62	70701
RL	63	71194
RL	64	72835
RL	65	73781
RL	66	75013
RL	67	76244
RL	68	77826
RL	69	79041
RL	70	81950
RL	71	83919
RL	72	86852
RL	73	90773
RL	74	95301
RL	75	101425
RL	76	113378
RL	77	146411
RL	78	291112
RL	79	925993
RL	80	6886445
RL	81	76582500
# Read lengths - first fragments. Use `grep ^FRL | cut -f 2-` to extract this part. The columns are: read length, count
FRL	1	21036
FRL	2	4922
FRL	3	7331
FRL	4	10316
FRL	5	14115
FRL	6	14419
FRL	7	15381
FRL	8	16371
FRL	9	16489
FRL	10	16632
FRL	11	16748
FRL	12	16504
FRL	13	16558
FRL	14	16609
FRL	15	16836
FRL	16	16576
FRL	17	16629
FRL	18	16868
FRL	19	17014
FRL	20	16614
FRL	21	16934
FRL	22	17481
FRL	23	16982
FRL	24	17774
FRL	25	17611
FRL	26	17576
FRL	27	17614
FRL	28	17834
FRL	29	18098
FRL	30	18429
FRL	31	18919
FRL	32	18894
FRL	33	18580
FRL	34	19265
FRL	35	19025
FRL	36	19388
FRL	37	19455
FRL	38	19684
FRL	39	19897
FRL	40	19936
FRL	41	19840
FRL	42	20246
FRL	43	20612
FRL	44	20703
FRL	45	20804
FRL	46	21197
FRL	47	21105
FRL	48	21824
FRL	49	21848
FRL	50	22617
FRL	51	22698
FRL	52	22604
FRL	53	23434
FRL	54	23434
FRL	55	23892
FRL	56	24141
FRL	57	24105
FRL	58	24274
FRL	59	25054
FRL	60	25097
FRL	61	25537
FRL	62	25568
FRL	63	25749
FRL	64	27124
FRL	65	26766
FRL	66	27276
FRL	67	28035
FRL	68	28723
FRL	69	28845
FRL	70	29725
FRL	71	30593
FRL	72	32190
FRL	73	33741
FRL	74	35063
FRL	75	37920
FRL	76	42115
FRL	77	53669
FRL	78	108498
FRL	79	360837
FRL	80	2614886
FRL	81	40191733
# Read lengths - last fragments. Use `grep ^LRL | cut -f 2-` to extract this part. The columns are: read length, count
LRL	1	119994
LRL	2	25048
LRL	3	32916
LRL	4	41721
LRL	5	50245
LRL	6	53018
LRL	7	47917
LRL	8	46493
LRL	9	46307
LRL	10	44894
LRL	11	45370
LRL	12	44377
LRL	13	43053
LRL	14	42078
LRL	15	41813
LRL	16	41116
LRL	17	40539
LRL	18	39739
LRL	19	40109
LRL	20	39516
LRL	21	39980
LRL	22	41387
LRL	23	40811
LRL	24	42034
LRL	25	42241
LRL	26	41880
LRL	27	42473
LRL	28	42015
LRL	29	41216
LRL	30	41670
LRL	31	41217
LRL	32	41408
LRL	33	40985
LRL	34	40472
LRL	35	41404
LRL	36	41254
LRL	37	41305
LRL	38	41719
LRL	39	41255
LRL	40	41280
LRL	41	41773
LRL	42	41361
LRL	43	41288
LRL	44	41234
LRL	45	41226
LRL	46	40981
LRL	47	40798
LRL	48	40991
LRL	49	41795
LRL	50	41394
LRL	51	41469
LRL	52	41711
LRL	53	42261
LRL	54	42536
LRL	55	42898
LRL	56	43506
LRL	57	43986
LRL	58	44227
LRL	59	44744
LRL	60	44786
LRL	61	44594
LRL	62	45133
LRL	63	45445
LRL	64	45711
LRL	65	47015
LRL	66	47737
LRL	67	48209
LRL	68	49103
LRL	69	50196
LRL	70	52225
LRL	71	53326
LRL	72	54662
LRL	73	57032
LRL	74	60238
LRL	75	63505
LRL	76	71263
LRL	77	92742
LRL	78	182614
LRL	79	565156
LRL	80	4271559
LRL	81	36390767
# Mapping qualities for reads !(UNMAP|SECOND|SUPPL|QCFAIL|DUP). Use `grep ^MAPQ | cut -f 2-` to extract this part. The columns are: mapq, count
MAPQ	0	9917515
MAPQ	1	20978
MAPQ	2	9266
MAPQ	3	36259
MAPQ	4	11947
MAPQ	5	12004
MAPQ	6	16990
MAPQ	7	22605
MAPQ	8	15685
MAPQ	9	42599
MAPQ	10	15776
MAPQ	11	33519
MAPQ	12	14215
MAPQ	13	20305
MAPQ	14	11597
MAPQ	15	34969
MAPQ	16	15107
MAPQ	17	21412
MAPQ	18	18553
MAPQ	19	27747
MAPQ	20	37701
MAPQ	21	50068
MAPQ	22	60310
MAPQ	23	50966
MAPQ	24	83312
MAPQ	25	167044
MAPQ	26	4706
MAPQ	27	456409
MAPQ	28	29575
MAPQ	29	6553
MAPQ	30	26572
MAPQ	31	18180
MAPQ	32	5417
MAPQ	33	33231
MAPQ	34	10548
MAPQ	35	6811
MAPQ	36	13723
MAPQ	37	17931
MAPQ	38	4813
MAPQ	39	43652
MAPQ	40	687853
MAPQ	41	17736
MAPQ	42	33444
MAPQ	43	42713
MAPQ	44	23767
MAPQ	45	70778
MAPQ	46	75409
MAPQ	47	39926
MAPQ	48	101303
MAPQ	49	128537
MAPQ	50	68447
MAPQ	51	456483
MAPQ	52	53123
MAPQ	53	26028
MAPQ	54	62249
MAPQ	55	34912
MAPQ	56	29230
MAPQ	57	116671
MAPQ	58	36330
MAPQ	59	12617
MAPQ	60	75050890
# Indel distribution. Use `grep ^ID | cut -f 2-` to extract this part. The columns are: length, number of insertions, number of deletions
ID	1	104662	162000
ID	2	29211	40963
ID	3	15155	19820
ID	4	13172	17356
ID	5	7685	5775
ID	6	3625	5270
ID	7	1363	1824
ID	8	1557	2627
ID	9	1158	1373
ID	10	1204	1611
ID	11	406	895
ID	12	759	1557
ID	13	275	532
ID	14	216	621
ID	15	223	699
ID	16	97	425
ID	17	56	172
ID	18	67	356
ID	19	22	137
ID	20	16	193
ID	21	17	134
ID	22	10	101
ID	23	10	70
ID	24	0	83
ID	25	0	13
ID	26	0	32
ID	27	0	43
ID	28	0	14
ID	29	0	4
ID	30	0	8
ID	31	0	3
ID	32	0	5
ID	34	0	1
ID	35	0	1
ID	36	0	1
# Indels per cycle. Use `grep ^IC | cut -f 2-` to extract this part. The columns are: cycle, number of insertions (fwd), .. (rev) , number of deletions (fwd), .. (rev)
IC	2	0	0	1	3
IC	3	0	0	590	779
IC	4	440	652	700	953
IC	5	611	778	814	984
IC	6	714	856	877	1021
IC	7	755	927	1012	1203
IC	8	834	1003	1173	1445
IC	9	927	1065	1334	1638
IC	10	1040	1118	1349	1583
IC	11	1054	1191	1429	1628
IC	12	1159	1169	1548	1653
IC	13	1118	1224	1618	1737
IC	14	1187	1239	1722	1799
IC	15	1254	1368	1770	1827
IC	16	1227	1383	1818	1864
IC	17	1287	1389	1926	1896
IC	18	1416	1395	1938	1856
IC	19	1389	1410	2018	1899
IC	20	1346	1393	2055	1943
IC	21	1409	1426	2020	1997
IC	22	1432	1339	2107	2031
IC	23	1474	1462	2084	2006
IC	24	1497	1366	2134	2018
IC	25	1456	1482	2076	2011
IC	26	1461	1407	2159	2082
IC	27	1476	1456	2181	2015
IC	28	1492	1441	2180	1990
IC	29	1537	1443	2107	2057
IC	30	1479	1391	2158	2014
IC	31	1537	1476	2120	1992
IC	32	1479	1432	2118	2024
IC	33	1505	1419	2117	1998
IC	34	1491	1407	2168	1992
IC	35	1445	1398	2108	1929
IC	36	1502	1420	2198	1961
IC	37	1498	1365	2080	1958
IC	38	1484	1437	2068	1935
IC	39	1478	1455	2157	1917
IC	40	1481	1363	2159	1943
IC	41	1547	1391	2119	1924
IC	42	1495	1383	2097	2000
IC	43	1457	1347	2068	1951
IC	44	1453	1347	2158	1972
IC	45	1483	1373	2077	1903
IC	46	1451	1316	2106	1935
IC	47	1403	1303	2071	1941
IC	48	1381	1303	2092	1994
IC	49	1374	1309	2072	1912
IC	50	1462	1299	2119	1956
IC	51	1348	1256	2009	1830
IC	52	1431	1270	1927	1833
IC	53	1367	1312	1988	1936
IC	54	1354	1257	2028	1865
IC	55	1353	1315	1925	1860
IC	56	1376	1218	1954	1880
IC	57	1335	1230	1994	1747
IC	58	1294	1178	1958	1756
IC	59	1267	1112	1937	1788
IC	60	1213	1113	1961	1777
IC	61	1268	1211	1847	1713
IC	62	1255	1128	1902	1740
IC	63	1255	1054	1907	1712
IC	64	1193	1143	1810	1664
IC	65	1194	1020	1762	1627
IC	66	1136	989	1733	1548
IC	67	1095	959	1747	1537
IC	68	1098	931	1626	1449
IC	69	1100	866	1704	1423
IC	70	1037	831	1514	1352
IC	71	917	773	1521	1306
IC	72	903	748	1473	1243
IC	73	853	644	1388	1033
IC	74	831	584	1259	1066
IC	75	673	569	1248	955
IC	76	623	495	1115	807
IC	77	516	403	961	701
IC	78	536	343	664	468
IC	79	0	0	2	0
# Coverage distribution. Use `grep ^COV | cut -f 2-` to extract this part.
COV	[1-1]	1	500663465
COV	[2-2]	2	197253299
COV	[3-3]	3	64187416
COV	[4-4]	4	28989609
COV	[5-5]	5	14527520
COV	[6-6]	6	9132804
COV	[7-7]	7	6606262
COV	[8-8]	8	5286712
COV	[9-9]	9	4480976
COV	[10-10]	10	3928493
COV	[11-11]	11	3521894
COV	[12-12]	12	3206513
COV	[13-13]	13	2953040
COV	[14-14]	14	2736557
COV	[15-15]	15	2557253
COV	[16-16]	16	2398207
COV	[17-17]	17	2262333
COV	[18-18]	18	2138673
COV	[19-19]	19	2040695
COV	[20-20]	20	1942067
COV	[21-21]	21	1853822
COV	[22-22]	22	1785026
COV	[23-23]	23	1719401
COV	[24-24]	24	1664384
COV	[25-25]	25	1607067
COV	[26-26]	26	1556766
COV	[27-27]	27	1507740
COV	[28-28]	28	1466997
COV	[29-29]	29	1427293
COV	[30-30]	30	1390196
COV	[31-31]	31	1360692
COV	[32-32]	32	1329156
COV	[33-33]	33	1300383
COV	[34-34]	34	1274136
COV	[35-35]	35	1246148
COV	[36-36]	36	1222988
COV	[37-37]	37	1200552
COV	[38-38]	38	1178914
COV	[39-39]	39	1153337
COV	[40-40]	40	1136073
COV	[41-41]	41	1116655
COV	[42-42]	42	1100756
COV	[43-43]	43	1080975
COV	[44-44]	44	1062201
COV	[45-45]	45	1048475
COV	[46-46]	46	1032235
COV	[47-47]	47	1011194
COV	[48-48]	48	997959
COV	[49-49]	49	979715
COV	[50-50]	50	962863
COV	[51-51]	51	948200
COV	[52-52]	52	935314
COV	[53-53]	53	917846
COV	[54-54]	54	903139
COV	[55-55]	55	889483
COV	[56-56]	56	876572
COV	[57-57]	57	859776
COV	[58-58]	58	844866
COV	[59-59]	59	828411
COV	[60-60]	60	813555
COV	[61-61]	61	801372
COV	[62-62]	62	784719
COV	[63-63]	63	771861
COV	[64-64]	64	755692
COV	[65-65]	65	741510
COV	[66-66]	66	726995
COV	[67-67]	67	713591
COV	[68-68]	68	702558
COV	[69-69]	69	690074
COV	[70-70]	70	675110
COV	[71-71]	71	661139
COV	[72-72]	72	645273
COV	[73-73]	73	630917
COV	[74-74]	74	617304
COV	[75-75]	75	604590
COV	[76-76]	76	590115
COV	[77-77]	77	577227
COV	[78-78]	78	564314
COV	[79-79]	79	551707
COV	[80-80]	80	540460
COV	[81-81]	81	526690
COV	[82-82]	82	514993
COV	[83-83]	83	504046
COV	[84-84]	84	494299
COV	[85-85]	85	482243
COV	[86-86]	86	471327
COV	[87-87]	87	459894
COV	[88-88]	88	449573
COV	[89-89]	89	437049
COV	[90-90]	90	426806
COV	[91-91]	91	414732
COV	[92-92]	92	404624
COV	[93-93]	93	394193
COV	[94-94]	94	384439
COV	[95-95]	95	374545
COV	[96-96]	96	364224
COV	[97-97]	97	354698
COV	[98-98]	98	347159
COV	[99-99]	99	337119
COV	[100-100]	100	328271
COV	[101-101]	101	320302
COV	[102-102]	102	313099
COV	[103-103]	103	303764
COV	[104-104]	104	296383
COV	[105-105]	105	288498
COV	[106-106]	106	280290
COV	[107-107]	107	272580
COV	[108-108]	108	265991
COV	[109-109]	109	258434
COV	[110-110]	110	250185
COV	[111-111]	111	243927
COV	[112-112]	112	238235
COV	[113-113]	113	231921
COV	[114-114]	114	225334
COV	[115-115]	115	218490
COV	[116-116]	116	212912
COV	[117-117]	117	206829
COV	[118-118]	118	201027
COV	[119-119]	119	196985
COV	[120-120]	120	191878
COV	[121-121]	121	186532
COV	[122-122]	122	180858
COV	[123-123]	123	176042
COV	[124-124]	124	170321
COV	[125-125]	125	165139
COV	[126-126]	126	160777
COV	[127-127]	127	156260
COV	[128-128]	128	152726
COV	[129-129]	129	148924
COV	[130-130]	130	145068
COV	[131-131]	131	140399
COV	[132-132]	132	136129
COV	[133-133]	133	132944
COV	[134-134]	134	129274
COV	[135-135]	135	124549
COV	[136-136]	136	121182
COV	[137-137]	137	118244
COV	[138-138]	138	115003
COV	[139-139]	139	112299
COV	[140-140]	140	108480
COV	[141-141]	141	105380
COV	[142-142]	142	102548
COV	[143-143]	143	99391
COV	[144-144]	144	96466
COV	[145-145]	145	93736
COV	[146-146]	146	91283
COV	[147-147]	147	88937
COV	[148-148]	148	85990
COV	[149-149]	149	83015
COV	[150-150]	150	81744
COV	[151-151]	151	78876
COV	[152-152]	152	77277
COV	[153-153]	153	74770
COV	[154-154]	154	72972
COV	[155-155]	155	70728
COV	[156-156]	156	68572
COV	[157-157]	157	66983
COV	[158-158]	158	64835
COV	[159-159]	159	63085
COV	[160-160]	160	61148
COV	[161-161]	161	59525
COV	[162-162]	162	57692
COV	[163-163]	163	56235
COV	[164-164]	164	54601
COV	[165-165]	165	53357
COV	[166-166]	166	52153
COV	[167-167]	167	50690
COV	[168-168]	168	49508
COV	[169-169]	169	47717
COV	[170-170]	170	46777
COV	[171-171]	171	45111
COV	[172-172]	172	44160
COV	[173-173]	173	43057
COV	[174-174]	174	41780
COV	[175-175]	175	40670
COV	[176-176]	176	39587
COV	[177-177]	177	38777
COV	[178-178]	178	37892
COV	[179-179]	179	36417
COV	[180-180]	180	36079
COV	[181-181]	181	35268
COV	[182-182]	182	34420
COV	[183-183]	183	33480
COV	[184-184]	184	32128
COV	[185-185]	185	31285
COV	[186-186]	186	30328
COV	[187-187]	187	29599
COV	[188-188]	188	29231
COV	[189-189]	189	28563
COV	[190-190]	190	27539
COV	[191-191]	191	27145
COV	[192-192]	192	26136
COV	[193-193]	193	25453
COV	[194-194]	194	24854
COV	[195-195]	195	24180
COV	[196-196]	196	23392
COV	[197-197]	197	22795
COV	[198-198]	198	22059
COV	[199-199]	199	21563
COV	[200-200]	200	20968
COV	[201-201]	201	20503
COV	[202-202]	202	19919
COV	[203-203]	203	18999
COV	[204-204]	204	18983
COV	[205-205]	205	18344
COV	[206-206]	206	18034
COV	[207-207]	207	17557
COV	[208-208]	208	17015
COV	[209-209]	209	16622
COV	[210-210]	210	16221
COV	[211-211]	211	15755
COV	[212-212]	212	15549
COV	[213-213]	213	15218
COV	[214-214]	214	14716
COV	[215-215]	215	14311
COV	[216-216]	216	14039
COV	[217-217]	217	13676
COV	[218-218]	218	13021
COV	[219-219]	219	12783
COV	[220-220]	220	12359
COV	[221-221]	221	12194
COV	[222-222]	222	11934
COV	[223-223]	223	11449
COV	[224-224]	224	11331
COV	[225-225]	225	10961
COV	[226-226]	226	10702
COV	[227-227]	227	10391
COV	[228-228]	228	10331
COV	[229-229]	229	9996
COV	[230-230]	230	9846
COV	[231-231]	231	9636
COV	[232-232]	232	9381
COV	[233-233]	233	9229
COV	[234-234]	234	9025
COV	[235-235]	235	8709
COV	[236-236]	236	8388
COV	[237-237]	237	8165
COV	[238-238]	238	7997
COV	[239-239]	239	7978
COV	[240-240]	240	7768
COV	[241-241]	241	7485
COV	[242-242]	242	7351
COV	[243-243]	243	7154
COV	[244-244]	244	6978
COV	[245-245]	245	6669
COV	[246-246]	246	6499
COV	[247-247]	247	6440
COV	[248-248]	248	6245
COV	[249-249]	249	6237
COV	[250-250]	250	6042
COV	[251-251]	251	6169
COV	[252-252]	252	6049
COV	[253-253]	253	5805
COV	[254-254]	254	5769
COV	[255-255]	255	5543
COV	[256-256]	256	5415
COV	[257-257]	257	5282
COV	[258-258]	258	5061
COV	[259-259]	259	5011
COV	[260-260]	260	4913
COV	[261-261]	261	4760
COV	[262-262]	262	4658
COV	[263-263]	263	4562
COV	[264-264]	264	4400
COV	[265-265]	265	4335
COV	[266-266]	266	4255
COV	[267-267]	267	4065
COV	[268-268]	268	3927
COV	[269-269]	269	4072
COV	[270-270]	270	3856
COV	[271-271]	271	3759
COV	[272-272]	272	3638
COV	[273-273]	273	3508
COV	[274-274]	274	3463
COV	[275-275]	275	3323
COV	[276-276]	276	3259
COV	[277-277]	277	3137
COV	[278-278]	278	3058
COV	[279-279]	279	3122
COV	[280-280]	280	3085
COV	[281-281]	281	3016
COV	[282-282]	282	2931
COV	[283-283]	283	2865
COV	[284-284]	284	2751
COV	[285-285]	285	2782
COV	[286-286]	286	2769
COV	[287-287]	287	2792
COV	[288-288]	288	2743
COV	[289-289]	289	2666
COV	[290-290]	290	2558
COV	[291-291]	291	2577
COV	[292-292]	292	2422
COV	[293-293]	293	2320
COV	[294-294]	294	2391
COV	[295-295]	295	2305
COV	[296-296]	296	2313
COV	[297-297]	297	2249
COV	[298-298]	298	2237
COV	[299-299]	299	2108
COV	[300-300]	300	1990
COV	[301-301]	301	1989
COV	[302-302]	302	1931
COV	[303-303]	303	1918
COV	[304-304]	304	1953
COV	[305-305]	305	1829
COV	[306-306]	306	1754
COV	[307-307]	307	1751
COV	[308-308]	308	1710
COV	[309-309]	309	1730
COV	[310-310]	310	1630
COV	[311-311]	311	1589
COV	[312-312]	312	1653
COV	[313-313]	313	1631
COV	[314-314]	314	1562
COV	[315-315]	315	1530
COV	[316-316]	316	1555
COV	[317-317]	317	1489
COV	[318-318]	318	1528
COV	[319-319]	319	1502
COV	[320-320]	320	1414
COV	[321-321]	321	1444
COV	[322-322]	322	1470
COV	[323-323]	323	1426
COV	[324-324]	324	1352
COV	[325-325]	325	1375
COV	[326-326]	326	1362
COV	[327-327]	327	1248
COV	[328-328]	328	1326
COV	[329-329]	329	1299
COV	[330-330]	330	1238
COV	[331-331]	331	1239
COV	[332-332]	332	1179
COV	[333-333]	333	1201
COV	[334-334]	334	1144
COV	[335-335]	335	1064
COV	[336-336]	336	1110
COV	[337-337]	337	1049
COV	[338-338]	338	1083
COV	[339-339]	339	1099
COV	[340-340]	340	1063
COV	[341-341]	341	991
COV	[342-342]	342	981
COV	[343-343]	343	972
COV	[344-344]	344	990
COV	[345-345]	345	931
COV	[346-346]	346	950
COV	[347-347]	347	886
COV	[348-348]	348	950
COV	[349-349]	349	886
COV	[350-350]	350	878
COV	[351-351]	351	807
COV	[352-352]	352	754
COV	[353-353]	353	783
COV	[354-354]	354	744
COV	[355-355]	355	764
COV	[356-356]	356	729
COV	[357-357]	357	740
COV	[358-358]	358	735
COV	[359-359]	359	699
COV	[360-360]	360	747
COV	[361-361]	361	704
COV	[362-362]	362	678
COV	[363-363]	363	646
COV	[364-364]	364	675
COV	[365-365]	365	639
COV	[366-366]	366	652
COV	[367-367]	367	632
COV	[368-368]	368	613
COV	[369-369]	369	564
COV	[370-370]	370	585
COV	[371-371]	371	607
COV	[372-372]	372	580
COV	[373-373]	373	559
COV	[374-374]	374	632
COV	[375-375]	375	584
COV	[376-376]	376	586
COV	[377-377]	377	578
COV	[378-378]	378	598
COV	[379-379]	379	575
COV	[380-380]	380	575
COV	[381-381]	381	567
COV	[382-382]	382	509
COV	[383-383]	383	552
COV	[384-384]	384	529
COV	[385-385]	385	534
COV	[386-386]	386	477
COV	[387-387]	387	553
COV	[388-388]	388	485
COV	[389-389]	389	491
COV	[390-390]	390	471
COV	[391-391]	391	468
COV	[392-392]	392	487
COV	[393-393]	393	454
COV	[394-394]	394	454
COV	[395-395]	395	472
COV	[396-396]	396	472
COV	[397-397]	397	449
COV	[398-398]	398	478
COV	[399-399]	399	443
COV	[400-400]	400	415
COV	[401-401]	401	415
COV	[402-402]	402	433
COV	[403-403]	403	420
COV	[404-404]	404	395
COV	[405-405]	405	396
COV	[406-406]	406	359
COV	[407-407]	407	367
COV	[408-408]	408	386
COV	[409-409]	409	347
COV	[410-410]	410	365
COV	[411-411]	411	406
COV	[412-412]	412	350
COV	[413-413]	413	386
COV	[414-414]	414	353
COV	[415-415]	415	389
COV	[416-416]	416	334
COV	[417-417]	417	369
COV	[418-418]	418	345
COV	[419-419]	419	361
COV	[420-420]	420	352
COV	[421-421]	421	360
COV	[422-422]	422	356
COV	[423-423]	423	342
COV	[424-424]	424	296
COV	[425-425]	425	360
COV	[426-426]	426	331
COV	[427-427]	427	336
COV	[428-428]	428	308
COV	[429-429]	429	338
COV	[430-430]	430	310
COV	[431-431]	431	354
COV	[432-432]	432	389
COV	[433-433]	433	329
COV	[434-434]	434	342
COV	[435-435]	435	337
COV	[436-436]	436	324
COV	[437-437]	437	367
COV	[438-438]	438	342
COV	[439-439]	439	324
COV	[440-440]	440	352
COV	[441-441]	441	338
COV	[442-442]	442	353
COV	[443-443]	443	311
COV	[444-444]	444	297
COV	[445-445]	445	307
COV	[446-446]	446	308
COV	[447-447]	447	280
COV	[448-448]	448	280
COV	[449-449]	449	271
COV	[450-450]	450	292
COV	[451-451]	451	261
COV	[452-452]	452	240
COV	[453-453]	453	258
COV	[454-454]	454	247
COV	[455-455]	455	263
COV	[456-456]	456	238
COV	[457-457]	457	273
COV	[458-458]	458	225
COV	[459-459]	459	233
COV	[460-460]	460	243
COV	[461-461]	461	242
COV	[462-462]	462	247
COV	[463-463]	463	267
COV	[464-464]	464	263
COV	[465-465]	465	251
COV	[466-466]	466	291
COV	[467-467]	467	242
COV	[468-468]	468	258
COV	[469-469]	469	243
COV	[470-470]	470	234
COV	[471-471]	471	227
COV	[472-472]	472	248
COV	[473-473]	473	243
COV	[474-474]	474	215
COV	[475-475]	475	212
COV	[476-476]	476	241
COV	[477-477]	477	257
COV	[478-478]	478	222
COV	[479-479]	479	220
COV	[480-480]	480	207
COV	[481-481]	481	222
COV	[482-482]	482	193
COV	[483-483]	483	239
COV	[484-484]	484	235
COV	[485-485]	485	212
COV	[486-486]	486	194
COV	[487-487]	487	216
COV	[488-488]	488	202
COV	[489-489]	489	197
COV	[490-490]	490	193
COV	[491-491]	491	165
COV	[492-492]	492	177
COV	[493-493]	493	196
COV	[494-494]	494	162
COV	[495-495]	495	178
COV	[496-496]	496	155
COV	[497-497]	497	178
COV	[498-498]	498	182
COV	[499-499]	499	189
COV	[500-500]	500	198
COV	[501-501]	501	164
COV	[502-502]	502	188
COV	[503-503]	503	188
COV	[504-504]	504	209
COV	[505-505]	505	157
COV	[506-506]	506	180
COV	[507-507]	507	182
COV	[508-508]	508	185
COV	[509-509]	509	182
COV	[510-510]	510	175
COV	[511-511]	511	162
COV	[512-512]	512	180
COV	[513-513]	513	184
COV	[514-514]	514	173
COV	[515-515]	515	151
COV	[516-516]	516	185
COV	[517-517]	517	174
COV	[518-518]	518	148
COV	[519-519]	519	171
COV	[520-520]	520	156
COV	[521-521]	521	135
COV	[522-522]	522	159
COV	[523-523]	523	152
COV	[524-524]	524	142
COV	[525-525]	525	139
COV	[526-526]	526	139
COV	[527-527]	527	152
COV	[528-528]	528	143
COV	[529-529]	529	131
COV	[530-530]	530	129
COV	[531-531]	531	149
COV	[532-532]	532	125
COV	[533-533]	533	124
COV	[534-534]	534	125
COV	[535-535]	535	130
COV	[536-536]	536	143
COV	[537-537]	537	125
COV	[538-538]	538	131
COV	[539-539]	539	129
COV	[540-540]	540	138
COV	[541-541]	541	168
COV	[542-542]	542	140
COV	[543-543]	543	154
COV	[544-544]	544	131
COV	[545-545]	545	125
COV	[546-546]	546	119
COV	[547-547]	547	127
COV	[548-548]	548	128
COV	[549-549]	549	136
COV	[550-550]	550	155
COV	[551-551]	551	132
COV	[552-552]	552	147
COV	[553-553]	553	114
COV	[554-554]	554	107
COV	[555-555]	555	96
COV	[556-556]	556	133
COV	[557-557]	557	113
COV	[558-558]	558	129
COV	[559-559]	559	102
COV	[560-560]	560	101
COV	[561-561]	561	108
COV	[562-562]	562	104
COV	[563-563]	563	100
COV	[564-564]	564	110
COV	[565-565]	565	95
COV	[566-566]	566	110
COV	[567-567]	567	102
COV	[568-568]	568	101
COV	[569-569]	569	97
COV	[570-570]	570	91
COV	[571-571]	571	98
COV	[572-572]	572	98
COV	[573-573]	573	107
COV	[574-574]	574	101
COV	[575-575]	575	92
COV	[576-576]	576	99
COV	[577-577]	577	85
COV	[578-578]	578	99
COV	[579-579]	579	101
COV	[580-580]	580	95
COV	[581-581]	581	71
COV	[582-582]	582	86
COV	[583-583]	583	102
COV	[584-584]	584	85
COV	[585-585]	585	83
COV	[586-586]	586	82
COV	[587-587]	587	90
COV	[588-588]	588	77
COV	[589-589]	589	87
COV	[590-590]	590	97
COV	[591-591]	591	68
COV	[592-592]	592	82
COV	[593-593]	593	78
COV	[594-594]	594	74
COV	[595-595]	595	74
COV	[596-596]	596	96
COV	[597-597]	597	74
COV	[598-598]	598	101
COV	[599-599]	599	79
COV	[600-600]	600	89
COV	[601-601]	601	87
COV	[602-602]	602	71
COV	[603-603]	603	92
COV	[604-604]	604	83
COV	[605-605]	605	77
COV	[606-606]	606	81
COV	[607-607]	607	80
COV	[608-608]	608	96
COV	[609-609]	609	91
COV	[610-610]	610	94
COV	[611-611]	611	97
COV	[612-612]	612	83
COV	[613-613]	613	89
COV	[614-614]	614	101
COV	[615-615]	615	100
COV	[616-616]	616	91
COV	[617-617]	617	83
COV	[618-618]	618	88
COV	[619-619]	619	88
COV	[620-620]	620	74
COV	[621-621]	621	68
COV	[622-622]	622	82
COV	[623-623]	623	92
COV	[624-624]	624	85
COV	[625-625]	625	80
COV	[626-626]	626	73
COV	[627-627]	627	54
COV	[628-628]	628	68
COV	[629-629]	629	68
COV	[630-630]	630	83
COV	[631-631]	631	67
COV	[632-632]	632	72
COV	[633-633]	633	84
COV	[634-634]	634	68
COV	[635-635]	635	83
COV	[636-636]	636	62
COV	[637-637]	637	73
COV	[638-638]	638	70
COV	[639-639]	639	91
COV	[640-640]	640	90
COV	[641-641]	641	84
COV	[642-642]	642	83
COV	[643-643]	643	73
COV	[644-644]	644	72
COV	[645-645]	645	88
COV	[646-646]	646	91
COV	[647-647]	647	68
COV	[648-648]	648	77
COV	[649-649]	649	80
COV	[650-650]	650	77
COV	[651-651]	651	75
COV	[652-652]	652	56
COV	[653-653]	653	77
COV	[654-654]	654	63
COV	[655-655]	655	67
COV	[656-656]	656	77
COV	[657-657]	657	63
COV	[658-658]	658	59
COV	[659-659]	659	62
COV	[660-660]	660	65
COV	[661-661]	661	66
COV	[662-662]	662	54
COV	[663-663]	663	57
COV	[664-664]	664	59
COV	[665-665]	665	65
COV	[666-666]	666	60
COV	[667-667]	667	59
COV	[668-668]	668	61
COV	[669-669]	669	53
COV	[670-670]	670	56
COV	[671-671]	671	64
COV	[672-672]	672	63
COV	[673-673]	673	65
COV	[674-674]	674	54
COV	[675-675]	675	53
COV	[676-676]	676	63
COV	[677-677]	677	60
COV	[678-678]	678	52
COV	[679-679]	679	52
COV	[680-680]	680	58
COV	[681-681]	681	62
COV	[682-682]	682	58
COV	[683-683]	683	54
COV	[684-684]	684	65
COV	[685-685]	685	58
COV	[686-686]	686	61
COV	[687-687]	687	40
COV	[688-688]	688	52
COV	[689-689]	689	57
COV	[690-690]	690	61
COV	[691-691]	691	56
COV	[692-692]	692	42
COV	[693-693]	693	65
COV	[694-694]	694	42
COV	[695-695]	695	62
COV	[696-696]	696	45
COV	[697-697]	697	53
COV	[698-698]	698	46
COV	[699-699]	699	50
COV	[700-700]	700	44
COV	[701-701]	701	52
COV	[702-702]	702	63
COV	[703-703]	703	40
COV	[704-704]	704	40
COV	[705-705]	705	46
COV	[706-706]	706	49
COV	[707-707]	707	40
COV	[708-708]	708	36
COV	[709-709]	709	36
COV	[710-710]	710	45
COV	[711-711]	711	59
COV	[712-712]	712	39
COV	[713-713]	713	47
COV	[714-714]	714	50
COV	[715-715]	715	59
COV	[716-716]	716	47
COV	[717-717]	717	32
COV	[718-718]	718	37
COV	[719-719]	719	33
COV	[720-720]	720	27
COV	[721-721]	721	37
COV	[722-722]	722	41
COV	[723-723]	723	44
COV	[724-724]	724	41
COV	[725-725]	725	44
COV	[726-726]	726	40
COV	[727-727]	727	34
COV	[728-728]	728	24
COV	[729-729]	729	50
COV	[730-730]	730	39
COV	[731-731]	731	37
COV	[732-732]	732	41
COV	[733-733]	733	54
COV	[734-734]	734	34
COV	[735-735]	735	31
COV	[736-736]	736	42
COV	[737-737]	737	46
COV	[738-738]	738	37
COV	[739-739]	739	30
COV	[740-740]	740	35
COV	[741-741]	741	29
COV	[742-742]	742	37
COV	[743-743]	743	40
COV	[744-744]	744	42
COV	[745-745]	745	33
COV	[746-746]	746	34
COV	[747-747]	747	29
COV	[748-748]	748	39
COV	[749-749]	749	30
COV	[750-750]	750	39
COV	[751-751]	751	30
COV	[752-752]	752	35
COV	[753-753]	753	35
COV	[754-754]	754	27
COV	[755-755]	755	34
COV	[756-756]	756	28
COV	[757-757]	757	30
COV	[758-758]	758	35
COV	[759-759]	759	27
COV	[760-760]	760	25
COV	[761-761]	761	27
COV	[762-762]	762	25
COV	[763-763]	763	26
COV	[764-764]	764	23
COV	[765-765]	765	29
COV	[766-766]	766	24
COV	[767-767]	767	25
COV	[768-768]	768	31
COV	[769-769]	769	26
COV	[770-770]	770	15
COV	[771-771]	771	19
COV	[772-772]	772	24
COV	[773-773]	773	29
COV	[774-774]	774	20
COV	[775-775]	775	21
COV	[776-776]	776	15
COV	[777-777]	777	22
COV	[778-778]	778	29
COV	[779-779]	779	27
COV	[780-780]	780	25
COV	[781-781]	781	24
COV	[782-782]	782	15
COV	[783-783]	783	22
COV	[784-784]	784	31
COV	[785-785]	785	18
COV	[786-786]	786	29
COV	[787-787]	787	26
COV	[788-788]	788	22
COV	[789-789]	789	13
COV	[790-790]	790	19
COV	[791-791]	791	27
COV	[792-792]	792	17
COV	[793-793]	793	25
COV	[794-794]	794	15
COV	[795-795]	795	16
COV	[796-796]	796	22
COV	[797-797]	797	20
COV	[798-798]	798	12
COV	[799-799]	799	14
COV	[800-800]	800	24
COV	[801-801]	801	17
COV	[802-802]	802	18
COV	[803-803]	803	13
COV	[804-804]	804	16
COV	[805-805]	805	18
COV	[806-806]	806	23
COV	[807-807]	807	18
COV	[808-808]	808	17
COV	[809-809]	809	24
COV	[810-810]	810	17
COV	[811-811]	811	18
COV	[812-812]	812	16
COV	[813-813]	813	15
COV	[814-814]	814	25
COV	[815-815]	815	22
COV	[816-816]	816	22
COV	[817-817]	817	15
COV	[818-818]	818	16
COV	[819-819]	819	25
COV	[820-820]	820	25
COV	[821-821]	821	17
COV	[822-822]	822	17
COV	[823-823]	823	10
COV	[824-824]	824	23
COV	[825-825]	825	22
COV	[826-826]	826	22
COV	[827-827]	827	21
COV	[828-828]	828	19
COV	[829-829]	829	21
COV	[830-830]	830	21
COV	[831-831]	831	13
COV	[832-832]	832	20
COV	[833-833]	833	18
COV	[834-834]	834	11
COV	[835-835]	835	15
COV	[836-836]	836	13
COV	[837-837]	837	16
COV	[838-838]	838	11
COV	[839-839]	839	11
COV	[840-840]	840	10
COV	[841-841]	841	13
COV	[842-842]	842	12
COV	[843-843]	843	16
COV	[844-844]	844	13
COV	[845-845]	845	18
COV	[846-846]	846	15
COV	[847-847]	847	12
COV	[848-848]	848	7
COV	[849-849]	849	10
COV	[850-850]	850	16
COV	[851-851]	851	12
COV	[852-852]	852	16
COV	[853-853]	853	13
COV	[854-854]	854	14
COV	[855-855]	855	13
COV	[856-856]	856	14
COV	[857-857]	857	13
COV	[858-858]	858	15
COV	[859-859]	859	6
COV	[860-860]	860	11
COV	[861-861]	861	10
COV	[862-862]	862	9
COV	[863-863]	863	11
COV	[864-864]	864	16
COV	[865-865]	865	6
COV	[866-866]	866	16
COV	[867-867]	867	10
COV	[868-868]	868	15
COV	[869-869]	869	13
COV	[870-870]	870	6
COV	[871-871]	871	16
COV	[872-872]	872	8
COV	[873-873]	873	10
COV	[874-874]	874	8
COV	[875-875]	875	14
COV	[876-876]	876	7
COV	[877-877]	877	20
COV	[878-878]	878	12
COV	[879-879]	879	8
COV	[880-880]	880	10
COV	[881-881]	881	15
COV	[882-882]	882	10
COV	[883-883]	883	10
COV	[884-884]	884	13
COV	[885-885]	885	12
COV	[886-886]	886	18
COV	[887-887]	887	10
COV	[888-888]	888	16
COV	[889-889]	889	15
COV	[890-890]	890	7
COV	[891-891]	891	12
COV	[892-892]	892	11
COV	[893-893]	893	11
COV	[894-894]	894	8
COV	[895-895]	895	11
COV	[896-896]	896	7
COV	[897-897]	897	9
COV	[898-898]	898	10
COV	[899-899]	899	15
COV	[900-900]	900	12
COV	[901-901]	901	6
COV	[902-902]	902	11
COV	[903-903]	903	14
COV	[904-904]	904	12
COV	[905-905]	905	13
COV	[906-906]	906	11
COV	[907-907]	907	19
COV	[908-908]	908	10
COV	[909-909]	909	18
COV	[910-910]	910	16
COV	[911-911]	911	11
COV	[912-912]	912	12
COV	[913-913]	913	15
COV	[914-914]	914	10
COV	[915-915]	915	12
COV	[916-916]	916	9
COV	[917-917]	917	13
COV	[918-918]	918	14
COV	[919-919]	919	12
COV	[920-920]	920	10
COV	[921-921]	921	8
COV	[922-922]	922	10
COV	[923-923]	923	10
COV	[924-924]	924	11
COV	[925-925]	925	9
COV	[926-926]	926	6
COV	[927-927]	927	9
COV	[928-928]	928	11
COV	[929-929]	929	4
COV	[930-930]	930	10
COV	[931-931]	931	13
COV	[932-932]	932	11
COV	[933-933]	933	11
COV	[934-934]	934	14
COV	[935-935]	935	5
COV	[936-936]	936	5
COV	[937-937]	937	16
COV	[938-938]	938	17
COV	[939-939]	939	11
COV	[940-940]	940	16
COV	[941-941]	941	12
COV	[942-942]	942	10
COV	[943-943]	943	9
COV	[944-944]	944	10
COV	[945-945]	945	10
COV	[946-946]	946	8
COV	[947-947]	947	5
COV	[948-948]	948	12
COV	[949-949]	949	5
COV	[950-950]	950	6
COV	[951-951]	951	9
COV	[952-952]	952	19
COV	[953-953]	953	7
COV	[954-954]	954	6
COV	[955-955]	955	6
COV	[956-956]	956	7
COV	[957-957]	957	12
COV	[958-958]	958	7
COV	[959-959]	959	11
COV	[960-960]	960	6
COV	[961-961]	961	12
COV	[962-962]	962	7
COV	[963-963]	963	6
COV	[964-964]	964	7
COV	[965-965]	965	5
COV	[966-966]	966	10
COV	[967-967]	967	9
COV	[968-968]	968	7
COV	[969-969]	969	7
COV	[970-970]	970	11
COV	[971-971]	971	4
COV	[972-972]	972	5
COV	[973-973]	973	7
COV	[974-974]	974	5
COV	[975-975]	975	10
COV	[976-976]	976	4
COV	[977-977]	977	7
COV	[978-978]	978	7
COV	[979-979]	979	6
COV	[980-980]	980	6
COV	[981-981]	981	2
COV	[982-982]	982	15
COV	[983-983]	983	5
COV	[984-984]	984	9
COV	[985-985]	985	6
COV	[986-986]	986	5
COV	[987-987]	987	11
COV	[988-988]	988	5
COV	[989-989]	989	7
COV	[990-990]	990	4
COV	[991-991]	991	6
COV	[992-992]	992	7
COV	[993-993]	993	4
COV	[994-994]	994	9
COV	[995-995]	995	4
COV	[996-996]	996	10
COV	[997-997]	997	12
COV	[998-998]	998	7
COV	[999-999]	999	10
COV	[1000-1000]	1000	8
COV	[1000<]	1000	1818
# GC-depth. Use `grep ^GCD | cut -f 2-` to extract this part. The columns are: GC%, unique sequence percentiles, 10th, 25th, 50th, 75th and 90th depth percentile
GCD	0.0	0.002	0.000	0.000	0.002	0.004	0.004
GCD	6.4	0.003	0.047	0.047	0.047	0.047	0.047
GCD	19.0	0.003	0.448	0.448	0.448	0.448	0.448
GCD	23.0	0.005	0.307	0.307	1.172	4.282	4.282
GCD	24.0	0.007	1.396	1.396	1.529	12.750	12.750
GCD	25.0	0.010	0.118	0.209	0.963	4.156	5.060
GCD	28.0	0.011	0.086	0.086	0.145	0.204	0.204
GCD	29.0	0.018	0.008	0.008	0.421	0.885	1.108
GCD	30.0	0.036	0.031	0.332	0.979	2.178	2.945
GCD	31.0	0.098	0.144	0.452	1.085	1.840	2.664
GCD	32.0	0.237	0.137	0.210	1.077	2.261	3.634
GCD	33.0	0.613	0.137	0.202	1.026	2.471	4.129
GCD	34.0	1.431	0.145	0.190	0.759	2.428	4.372
GCD	35.0	2.940	0.138	0.189	0.299	2.335	4.488
GCD	36.0	5.533	0.149	0.201	0.267	1.879	4.521
GCD	37.0	9.448	0.153	0.204	0.267	1.278	4.070
GCD	38.0	14.891	0.153	0.208	0.271	0.893	3.749
GCD	39.0	21.606	0.165	0.224	0.287	0.535	3.438
GCD	40.0	28.860	0.177	0.236	0.303	0.472	3.281
GCD	41.0	36.137	0.189	0.259	0.330	0.629	3.460
GCD	42.0	43.285	0.204	0.279	0.358	0.625	3.487
GCD	43.0	49.945	0.224	0.303	0.393	0.834	3.503
GCD	44.0	56.044	0.240	0.334	0.432	1.026	4.046
GCD	45.0	61.662	0.259	0.366	0.480	1.122	4.242
GCD	46.0	66.464	0.279	0.411	0.531	1.494	4.962
GCD	47.0	70.634	0.303	0.448	0.578	1.706	5.351
GCD	48.0	74.202	0.334	0.495	0.641	2.104	5.749
GCD	49.0	77.461	0.355	0.543	0.723	2.809	7.142
GCD	50.0	80.248	0.393	0.602	0.810	3.130	7.762
GCD	51.0	82.657	0.429	0.653	0.900	3.517	8.194
GCD	52.0	84.887	0.460	0.719	1.231	4.175	9.467
GCD	53.0	86.902	0.503	0.782	1.553	4.761	9.825
GCD	54.0	88.725	0.562	0.865	1.956	5.781	11.692
GCD	55.0	90.399	0.644	0.944	2.347	6.884	12.876
GCD	56.0	91.908	0.777	1.124	3.206	8.143	15.541
GCD	57.0	93.329	0.850	1.272	3.656	8.270	16.458
GCD	58.0	94.636	0.852	1.430	4.207	10.113	17.397
GCD	59.0	95.874	0.952	1.526	4.431	10.524	18.828
GCD	60.0	96.911	1.014	1.660	4.812	11.435	18.958
GCD	61.0	97.809	1.053	1.753	5.565	11.794	20.485
GCD	62.0	98.488	1.172	1.925	5.308	12.530	22.287
GCD	63.0	99.017	1.178	1.782	5.031	12.179	20.932
GCD	64.0	99.414	1.364	2.282	5.673	11.803	18.585
GCD	65.0	99.702	1.400	2.276	5.430	11.335	19.857
GCD	66.0	99.864	1.427	2.166	5.225	10.830	21.581
GCD	67.0	99.940	1.575	2.340	4.476	9.878	17.708
GCD	68.0	99.982	1.107	2.445	3.725	7.039	14.433
GCD	69.0	99.992	1.543	2.398	5.347	10.195	17.450
GCD	70.0	99.996	0.086	0.193	3.460	6.998	9.051
GCD	71.0	99.999	0.645	0.991	7.114	16.956	18.542
GCD	73.0	99.999	6.244	6.244	6.244	6.244	6.244
GCD	74.0	100.000	12.180	12.180	12.180	12.180	12.180
