## htsjdk.samtools.metrics.StringHeader
# CollectOxoGMetrics --INPUT post_aligned/ERR2828404_fixed_sorted.bam --OUTPUT metrics/ERR2828404_OxoGMetrics.txt --REFERENCE_SEQUENCE ../ref/hg38.p14.fa --MINIMUM_QUALITY_SCORE 20 --MINIMUM_MAPPING_QUALITY 30 --MINIMUM_INSERT_SIZE 60 --MAXIMUM_INSERT_SIZE 600 --INCLUDE_NON_PF_READS true --USE_OQ true --CONTEXT_SIZE 1 --STOP_AFTER 2147483647 --VERBOSITY INFO --QUIET false --VALIDATION_STRINGENCY STRICT --COMPRESSION_LEVEL 2 --MAX_RECORDS_IN_RAM 500000 --CREATE_INDEX false --CREATE_MD5_FILE false --GA4GH_CLIENT_SECRETS client_secrets.json --help false --version false --showHidden false --USE_JDK_DEFLATER false --USE_JDK_INFLATER false
## htsjdk.samtools.metrics.StringHeader
# Started on: Tue Jul 01 11:08:28 EDT 2025

## METRICS CLASS	picard.analysis.CollectOxoGMetrics$CpcgMetrics
SAMPLE_ALIAS	LIBRARY	CONTEXT	TOTAL_SITES	TOTAL_BASES	REF_NONOXO_BASES	REF_OXO_BASES	REF_TOTAL_BASES	ALT_NONOXO_BASES	ALT_OXO_BASES	OXIDATION_ERROR_RATE	OXIDATION_Q	C_REF_REF_BASES	G_REF_REF_BASES	C_REF_ALT_BASES	G_REF_ALT_BASES	C_REF_OXO_ERROR_RATE	C_REF_OXO_Q	G_REF_OXO_ERROR_RATE	G_REF_OXO_Q
ERR2828404	1	CCA	31121142	234118717	117336648	116743572	234080220	18255	20242	0.000008	50.712383	117279522	116800698	21696	16801	0.000041	43.857665	0	100
ERR2828404	1	ACC	19237588	148684098	74337700	74313510	148651210	15985	16903	0.000006	52.094218	75122404	73528806	18055	14833	0.000039	44.134852	0	100
ERR2828404	1	CCC	25554490	213518426	107002497	106474509	213477006	20119	21301	0.000006	52.568179	108762730	104714276	22290	19130	0.000022	46.527617	0	100
ERR2828404	1	GCA	23945846	182120588	90867115	91215542	182082657	17514	20417	0.000016	47.97512	90330298	91752359	21421	16510	0.000057	42.427856	0	100
ERR2828404	1	TCT	32596590	209368566	105168820	104169400	209338220	14632	15714	0.000005	52.866842	106323311	103014909	16961	13385	0.00003	45.289775	0	100
ERR2828404	1	ACG	4533530	51281397	25659354	25603345	51262699	9156	9542	0.000008	51.233725	25502122	25760577	10059	8639	0.000059	42.288737	0	100
ERR2828404	1	CCG	5923733	78048936	38968401	39053714	78022115	12732	14089	0.000017	47.597871	39316729	38705386	15102	11719	0.000081	40.900106	0	100
ERR2828404	1	GCC	22654153	193093178	96565399	96489799	193055198	17579	20401	0.000015	48.352099	97173706	95881492	21800	16180	0.000056	42.551698	0	100
ERR2828404	1	GCG	5051478	65975008	32947698	33002505	65950203	11752	13053	0.00002	47.051022	32840795	33109408	12598	12207	0.000015	48.265141	0	100
ERR2828404	1	ACT	23377403	144395998	72304970	72067985	144372955	11007	12036	0.000007	51.471398	72481948	71891007	13227	9816	0.000046	43.378834	0	100
ERR2828404	1	TCA	28817006	186995476	93655597	93310446	186966043	13551	15882	0.000012	49.042888	93282926	93683117	17292	12141	0.000056	42.536965	0	100
ERR2828404	1	CCT	31357062	231893356	116343228	115515367	231858595	16623	18138	0.000007	51.848757	118205674	113652921	20053	14708	0.00004	43.955427	0	100
ERR2828404	1	TCC	26497636	202078138	101700610	100345931	202046541	15060	16537	0.000007	51.361388	102396896	99649645	18051	13546	0.00004	43.943095	0	100
ERR2828404	1	GCT	23843541	184649747	92404472	92215406	184619878	13692	16177	0.000013	48.710223	92536334	92083544	17496	12373	0.000055	42.621169	0	100
ERR2828404	1	TCG	4020105	48243576	24114488	24117592	48232080	5335	6161	0.000017	47.664594	24109312	24122768	6461	5035	0.000059	42.274178	0	100
ERR2828404	1	ACA	28870714	181707315	90807048	90861517	181668565	18334	20416	0.000011	49.408917	89973585	91694980	21316	17434	0.000047	43.300917	0	100


