# This file was produced by samtools stats (1.21+htslib-1.21) and can be plotted using plot-bamstats
# This file contains statistics for all reads.
# The command line was:  stats post_aligned/ERR2828368_fixed_sorted.bam
# CHK, Checksum	[2]Read Names	[3]Sequences	[4]Qualities
# CHK, CRC32 of reads which passed filtering followed by addition (32bit overflow)
CHK	ad7bd34b	64027a04	1985f4a0
# Summary Numbers. Use `grep ^SN | cut -f 2-` to extract this part.
SN	raw total sequences:	90984654	# excluding supplementary and secondary reads
SN	filtered sequences:	0
SN	sequences:	90984654
SN	is sorted:	1
SN	1st fragments:	45492327
SN	last fragments:	45492327
SN	reads mapped:	89725999
SN	reads mapped and paired:	88700430	# paired-end technology bit set + both mates mapped
SN	reads unmapped:	1258655
SN	reads properly paired:	87717712	# proper-pair bit set
SN	reads paired:	90984654	# paired-end technology bit set
SN	reads duplicated:	0	# PCR or optical duplicate bit set
SN	reads MQ0:	9732743	# mapped and MQ=0
SN	reads QC failed:	0
SN	non-primary alignments:	0
SN	supplementary alignments:	9455
SN	total length:	7151140505	# ignores clipping
SN	total first fragment length:	3610952510	# ignores clipping
SN	total last fragment length:	3540187995	# ignores clipping
SN	bases mapped:	7136543392	# ignores clipping
SN	bases mapped (cigar):	7132842136	# more accurate
SN	bases trimmed:	0
SN	bases duplicated:	0
SN	mismatches:	13896058	# from NM fields
SN	error rate:	1.948180e-03	# mismatches / bases mapped (cigar)
SN	average length:	79
SN	average first fragment length:	79
SN	average last fragment length:	78
SN	maximum length:	81
SN	maximum first fragment length:	81
SN	maximum last fragment length:	81
SN	average quality:	37.8
SN	insert size average:	186.2
SN	insert size standard deviation:	77.1
SN	inward oriented pairs:	43476541
SN	outward oriented pairs:	632831
SN	pairs with other orientation:	9933
SN	pairs on different chromosomes:	230910
SN	percentage of properly paired reads (%):	96.4
# First Fragment Qualities. Use `grep ^FFQ | cut -f 2-` to extract this part.
# Columns correspond to qualities and rows to cycles. First column is the cycle number.
FFQ	1	0	0	0	0	0	0	0	0	0	0	0	0	0	0	0	0	0	0	0	0	0	0	0	0	0	0	0	757292	36732	0	409399	510648	0	0	1433773	590581	1669976	1178657	2142197	10576418	26186654	0
FFQ	2	0	0	0	0	0	0	0	0	0	0	0	0	0	0	59697	52301	541636	0	0	0	0	0	0	0	0	0	0	430143	38098	0	421560	510250	0	0	1282550	406890	1692493	1094961	2162108	10732822	26041519	0
FFQ	3	0	0	0	0	0	0	0	0	0	0	0	0	0	0	62115	54410	555848	0	0	0	0	0	0	0	0	0	0	504153	38577	0	416373	496000	0	0	1293311	454136	1673840	1096049	2109002	10705647	26001918	0
FFQ	4	0	0	0	0	0	0	0	0	0	0	0	0	0	0	64345	56209	569952	0	0	0	0	0	0	0	0	0	0	527142	38528	0	417160	492945	0	0	1305249	468371	1670367	1109253	2129816	10685550	25917630	0
FFQ	5	0	0	0	0	0	0	0	0	0	0	0	0	0	0	63859	56446	567945	0	0	0	0	0	0	0	0	0	0	542316	38585	0	420494	498196	0	0	1321764	476718	1687716	1120323	2151334	10735311	25759030	0
FFQ	6	0	0	4	0	0	0	0	0	0	0	0	0	0	0	67220	59266	607087	0	0	0	0	0	0	0	0	0	0	539804	38038	0	418576	497907	0	0	1322778	476848	1685919	1123908	2161443	10773208	25651346	0
FFQ	7	0	0	0	0	0	0	0	0	0	0	0	0	0	0	66310	59076	609660	0	0	0	0	0	0	0	0	0	0	566575	38246	0	419598	496829	0	0	1324491	481454	1689915	1124197	2159060	10768272	25602604	0
FFQ	8	0	0	0	0	0	0	0	0	0	0	0	0	0	0	67742	59782	615310	0	0	0	0	0	0	0	0	0	0	574463	38386	0	421686	498619	0	0	1335466	491063	1695108	1132889	2178065	10832739	25447558	0
FFQ	9	0	0	0	0	0	0	0	0	0	0	0	0	0	0	71930	63516	654633	0	0	0	0	0	0	0	0	0	0	589317	38472	0	423997	501764	0	0	1343009	491010	1702615	1134782	2191248	10832186	25331533	0
FFQ	10	0	0	1	0	0	0	0	0	0	0	0	0	0	0	66984	59520	615285	0	0	0	0	0	0	0	0	0	0	609732	38802	0	423313	499012	0	0	1346913	510164	1711561	1150245	2208432	10871948	25238812	0
FFQ	11	0	0	19	0	0	0	0	0	0	0	0	0	0	0	68116	61139	620748	0	0	0	0	0	0	0	0	0	0	586355	38831	0	424541	500488	0	0	1351482	504156	1715023	1153641	2222440	10948720	25135986	0
FFQ	12	0	0	73	0	0	0	0	0	0	0	0	0	0	0	70892	62604	637937	0	0	0	0	0	0	0	0	0	0	594596	39343	0	428805	504810	0	0	1355896	504312	1724160	1154110	2222865	10960654	25051327	0
FFQ	13	0	0	85	0	0	0	0	0	0	0	0	0	0	0	76004	66648	676621	0	0	0	0	0	0	0	0	0	0	618105	40149	0	434414	507836	0	0	1367199	513963	1736380	1164013	2233034	10994797	24863828	0
FFQ	14	0	0	0	0	0	0	0	0	0	0	0	0	0	0	70782	62303	643821	0	0	0	0	0	0	0	0	0	0	642346	40400	0	438495	509555	0	0	1385575	534177	1749478	1181559	2258969	11077065	24678922	0
FFQ	15	0	0	1	0	0	0	0	0	0	0	0	0	0	0	72438	63985	656896	0	0	0	0	0	0	0	0	0	0	617514	40481	0	437595	509407	0	0	1381857	524280	1750439	1181050	2259305	11070668	24688257	0
FFQ	16	0	0	32	0	0	0	0	0	0	0	0	0	0	0	69553	61571	639641	0	0	0	0	0	0	0	0	0	0	623114	40193	0	444046	513024	0	0	1394125	526408	1766893	1187899	2283808	11148496	24535742	0
FFQ	17	0	0	509	0	0	0	0	0	0	0	0	0	0	0	71415	63050	652333	0	0	0	0	0	0	0	0	0	0	609682	40621	0	446205	514925	0	0	1394388	523224	1771929	1187472	2284566	11155097	24499290	0
FFQ	18	0	0	0	0	0	0	0	0	0	0	0	0	0	0	72056	63820	653789	0	0	0	0	0	0	0	0	0	0	614790	41586	0	451070	516515	0	0	1404846	526714	1785361	1197035	2296957	11208420	24362179	0
FFQ	19	0	0	0	0	0	0	0	0	0	0	0	0	0	0	72238	63948	654759	0	0	0	0	0	0	0	0	0	0	611154	41514	0	451858	516516	0	0	1407795	527502	1787556	1197903	2304726	11228974	24308855	0
FFQ	20	0	0	0	0	0	0	0	0	0	0	0	0	0	0	73567	64939	664272	0	0	0	0	0	0	0	0	0	0	613481	41906	0	457755	517701	0	0	1412218	528456	1796215	1202302	2309441	11252930	24220315	0
FFQ	21	0	0	0	0	0	0	0	0	0	0	0	0	0	0	74970	66413	675091	0	0	0	0	0	0	0	0	0	0	617816	42714	0	462224	521705	0	0	1419996	530549	1805725	1204004	2313388	11271515	24129429	0
FFQ	22	0	0	0	0	0	0	0	0	0	0	0	0	0	0	72263	63756	656763	0	0	0	0	0	0	0	0	0	0	624866	42971	0	461653	521672	0	0	1423711	535159	1811884	1211454	2328254	11325369	24035796	0
FFQ	23	0	0	0	0	0	0	0	0	0	0	0	0	0	0	73442	65537	666410	0	0	0	0	0	0	0	0	0	0	615221	43413	0	470051	526613	0	0	1437299	538251	1832073	1221649	2342938	11361148	23901125	0
FFQ	24	0	0	1	0	0	0	0	0	0	0	0	0	0	0	73294	65401	668942	0	0	0	0	0	0	0	0	0	0	608686	43135	0	469132	524788	0	0	1433323	533219	1830227	1220755	2347794	11367648	23888740	0
FFQ	25	0	0	22	0	0	0	0	0	0	0	0	0	0	0	75032	66592	684251	0	0	0	0	0	0	0	0	0	0	619626	43912	0	476696	528968	0	0	1451819	541936	1848082	1234634	2371759	11448580	23662758	0
FFQ	26	0	0	295	0	0	0	0	0	0	0	0	0	0	0	75682	67148	682924	0	0	0	0	0	0	0	0	0	0	628126	44377	0	479925	533618	0	0	1459725	547428	1856681	1241765	2384075	11484514	23547744	0
FFQ	27	0	0	0	0	0	0	0	0	0	0	0	0	0	0	76779	67711	692352	0	0	0	0	0	0	0	0	0	0	633540	44661	0	482297	535951	0	0	1469351	551572	1868250	1248098	2386401	11520008	23436516	0
FFQ	28	0	0	1	0	0	0	0	0	0	0	0	0	0	0	77457	68318	696757	0	0	0	0	0	0	0	0	0	0	638074	45583	0	491516	541140	0	0	1487930	558615	1887400	1262177	2403578	11593070	23240887	0
FFQ	29	0	0	51	0	0	0	0	0	0	0	0	0	0	0	78326	69396	703866	0	0	0	0	0	0	0	0	0	0	633307	45876	0	494254	541655	0	0	1489830	560565	1893262	1265418	2416505	11626123	23153153	0
FFQ	30	0	0	0	0	0	0	0	0	0	0	0	0	0	0	79731	70584	717363	0	0	0	0	0	0	0	0	0	0	643110	46438	0	498093	544145	0	0	1499505	564475	1905853	1274556	2428737	11658039	23019800	0
FFQ	31	0	0	0	0	0	0	0	0	0	0	0	0	0	0	79174	69526	708932	0	0	0	0	0	0	0	0	0	0	651598	46950	0	500430	546689	0	0	1504687	568940	1915875	1280012	2442621	11697483	22915812	0
FFQ	32	0	0	0	0	0	0	0	0	0	0	0	0	0	0	80342	71500	726731	0	0	0	0	0	0	0	0	0	0	651480	47536	0	509497	552417	0	0	1520741	574871	1934219	1293895	2459291	11752526	22731737	0
FFQ	33	0	0	0	0	0	0	0	0	0	0	0	0	0	0	79769	70716	720679	0	0	0	0	0	0	0	0	0	0	658707	47981	0	511240	554094	0	0	1532167	577406	1945581	1301252	2472636	11814642	22597932	0
FFQ	34	0	0	0	0	0	0	0	0	0	0	0	0	0	0	81064	72123	732339	0	0	0	0	0	0	0	0	0	0	657430	48213	0	520758	559512	0	0	1545606	579953	1962462	1306207	2483382	11847622	22465655	0
FFQ	35	0	0	0	0	0	0	0	0	0	0	0	0	0	0	81026	72099	733991	0	0	0	0	0	0	0	0	0	0	658881	48821	0	521203	563029	0	0	1557961	588114	1979006	1321893	2506536	11943090	22264224	0
FFQ	36	0	0	36	0	0	0	0	0	0	0	0	0	0	0	83746	73942	750667	0	0	0	0	0	0	0	0	0	0	663392	49277	0	528749	565831	0	0	1565026	588714	1987996	1328122	2515760	11964637	22151597	0
FFQ	37	0	0	19	0	0	0	0	0	0	0	0	0	0	0	83785	74649	762637	0	0	0	0	0	0	0	0	0	0	678004	49742	0	536285	570038	0	0	1577711	593016	2005596	1334930	2524058	11985739	22018401	0
FFQ	38	0	0	551	0	0	0	0	0	0	0	0	0	0	0	83101	74126	752245	0	0	0	0	0	0	0	0	0	0	678914	49947	0	536148	567406	0	0	1581190	602014	2008896	1345704	2541559	12034666	21915524	0
FFQ	39	0	0	13	0	0	0	0	0	0	0	0	0	0	0	85946	76194	769606	0	0	0	0	0	0	0	0	0	0	680646	50749	0	542610	574205	0	0	1595335	607167	2022918	1354744	2558613	12091793	21738259	0
FFQ	40	0	0	0	0	0	0	0	0	0	0	0	0	0	0	85221	75803	767604	0	0	0	0	0	0	0	0	0	0	689064	51515	0	543693	573205	0	0	1597812	609354	2027729	1358014	2560558	12109650	21675976	0
FFQ	41	0	0	3	0	0	0	0	0	0	0	0	0	0	0	84767	75436	764273	0	0	0	0	0	0	0	0	0	0	689166	51295	0	549929	577009	0	0	1611052	614528	2046335	1368235	2578367	12160356	21530846	0
FFQ	42	0	0	52	0	0	0	0	0	0	0	0	0	0	0	85254	75746	770695	0	0	0	0	0	0	0	0	0	0	684624	52054	0	554961	580599	0	0	1618859	614452	2056792	1371338	2582985	12175697	21453575	0
FFQ	43	0	0	0	0	0	0	0	0	0	0	0	0	0	0	89511	79371	804813	0	0	0	0	0	0	0	0	0	0	691441	52965	0	563269	584548	0	0	1630916	614813	2069359	1375696	2587483	12166955	21343037	0
FFQ	44	0	0	0	0	0	0	0	0	0	0	0	0	0	0	89916	80223	806956	0	0	0	0	0	0	0	0	0	0	719938	53740	0	570970	592114	0	0	1654090	633254	2093399	1393627	2615101	12241743	21084880	0
FFQ	45	0	0	0	0	0	0	0	0	0	0	0	0	0	0	89819	80130	805036	0	0	0	0	0	0	0	0	0	0	715667	53548	0	573115	591825	0	0	1663805	638809	2102257	1407166	2631886	12302358	20949882	0
FFQ	46	0	0	2	0	0	0	0	0	0	0	0	0	0	0	90113	80012	812521	0	0	0	0	0	0	0	0	0	0	716042	54183	0	578966	594985	0	0	1669822	640145	2110766	1415638	2641654	12355675	20819921	0
FFQ	47	0	0	180	0	0	0	0	0	0	0	0	0	0	0	90656	80553	820253	0	0	0	0	0	0	0	0	0	0	721144	55037	0	584666	600386	0	0	1682753	644986	2123343	1422672	2652446	12377784	20698528	0
FFQ	48	0	0	17	0	0	0	0	0	0	0	0	0	0	0	92249	82496	832155	0	0	0	0	0	0	0	0	0	0	732726	56162	0	594981	607851	0	0	1708918	656924	2155695	1438741	2674640	12463975	20432314	0
FFQ	49	0	0	0	0	0	0	0	0	0	0	0	0	0	0	93233	83085	842092	0	0	0	0	0	0	0	0	0	0	730668	56245	0	596816	609863	0	0	1708859	653984	2164088	1442879	2676021	12480738	20365565	0
FFQ	50	0	0	5	0	0	0	0	0	0	0	0	0	0	0	93241	82772	834326	0	0	0	0	0	0	0	0	0	0	737549	57224	0	598372	611811	0	0	1722325	660279	2174174	1453929	2689276	12515954	20246752	0
FFQ	51	0	0	0	0	0	0	0	0	0	0	0	0	0	0	95005	84311	850437	0	0	0	0	0	0	0	0	0	0	735803	57613	0	607853	616952	0	0	1732012	661828	2186280	1455445	2697263	12529010	20141632	0
FFQ	52	0	0	0	0	0	0	0	0	0	0	0	0	0	0	96641	86212	870608	0	0	0	0	0	0	0	0	0	0	749443	58695	0	618538	623623	0	0	1750580	669725	2205091	1472428	2715104	12564566	19943276	0
FFQ	53	0	0	0	0	0	0	0	0	0	0	0	0	0	0	98561	87396	879712	0	0	0	0	0	0	0	0	0	0	763125	59548	0	627169	629812	0	0	1771617	681975	2228705	1487542	2734492	12622960	19724854	0
FFQ	54	0	0	0	0	0	0	0	0	0	0	0	0	0	0	98229	88158	881081	0	0	0	0	0	0	0	0	0	0	765476	60132	0	625636	629972	0	0	1777260	686663	2230741	1490510	2742707	12666187	19627499	0
FFQ	55	0	0	0	0	0	0	0	0	0	0	0	0	0	0	97326	87177	877719	0	0	0	0	0	0	0	0	0	0	764259	60042	0	629326	628542	0	0	1779141	686162	2240675	1496100	2748280	12679407	19568201	0
FFQ	56	0	0	0	0	0	0	0	0	0	0	0	0	0	0	101411	90437	911356	0	0	0	0	0	0	0	0	0	0	776365	61381	0	641703	638785	0	0	1793075	692824	2266036	1508093	2760467	12707886	19364114	0
FFQ	57	0	0	1	0	0	0	0	0	0	0	0	0	0	0	102322	90789	916465	0	0	0	0	0	0	0	0	0	0	800789	62648	0	649199	644500	0	0	1821124	707278	2284504	1522231	2775605	12752116	19155908	0
FFQ	58	0	0	1	0	0	0	0	0	0	0	0	0	0	0	103971	91524	930221	0	0	0	0	0	0	0	0	0	0	805586	63407	0	658879	652363	0	0	1842137	717832	2304631	1540173	2801160	12816980	18927766	0
FFQ	59	0	0	71	0	0	0	0	0	0	0	0	0	0	0	103618	93137	931338	0	0	0	0	0	0	0	0	0	0	802570	64512	0	663322	655713	0	0	1852783	722408	2318399	1551929	2812347	12871648	18783008	0
FFQ	60	0	0	0	0	0	0	0	0	0	0	0	0	0	0	104879	92951	938277	0	0	0	0	0	0	0	0	0	0	810948	64545	0	670198	661329	0	0	1869991	725742	2338852	1561050	2818778	12897067	18642124	0
FFQ	61	0	0	32	0	0	0	0	0	0	0	0	0	0	0	106358	94149	954570	0	0	0	0	0	0	0	0	0	0	816124	66203	0	680870	667638	0	0	1885267	733370	2357928	1572541	2830934	12921795	18478636	0
FFQ	62	0	0	667	0	0	0	0	0	0	0	0	0	0	0	106864	95351	961969	0	0	0	0	0	0	0	0	0	0	816003	66225	0	682425	668838	0	0	1893646	738248	2373033	1583710	2844988	12979966	18323846	0
FFQ	63	0	0	0	0	0	0	0	0	0	0	0	0	0	0	110630	97789	981595	0	0	0	0	0	0	0	0	0	0	821991	67375	0	689070	674284	0	0	1900690	739259	2378130	1582551	2846587	12955245	18260003	0
FFQ	64	0	0	0	0	0	0	0	0	0	0	0	0	0	0	109074	97225	978744	0	0	0	0	0	0	0	0	0	0	841902	68264	0	696056	677195	0	0	1919235	752124	2400265	1597747	2865542	12994444	18075392	0
FFQ	65	0	0	0	0	0	0	0	0	0	0	0	0	0	0	110268	98827	986131	0	0	0	0	0	0	0	0	0	0	837306	68782	0	702028	682897	0	0	1934095	758683	2414962	1610046	2881140	13042940	17913001	0
FFQ	66	0	0	0	0	0	0	0	0	0	0	0	0	0	0	115225	102488	1030625	0	0	0	0	0	0	0	0	0	0	852148	70502	0	714998	692423	0	0	1955626	763588	2436063	1620173	2891290	13053589	17709632	0
FFQ	67	0	0	33	0	0	0	0	0	0	0	0	0	0	0	113100	101105	1014024	0	0	0	0	0	0	0	0	0	0	874157	70787	0	716398	692020	0	0	1964768	776073	2445807	1630608	2896400	13071478	17608521	0
FFQ	68	0	0	0	0	0	0	0	0	0	0	0	0	0	0	113584	101677	1026603	0	0	0	0	0	0	0	0	0	0	874822	72259	0	726385	699702	0	0	1985159	787231	2466697	1646230	2912517	13106743	17421854	0
FFQ	69	0	0	1	0	0	0	0	0	0	0	0	0	0	0	116041	103424	1041470	0	0	0	0	0	0	0	0	0	0	875145	73575	0	736828	705855	0	0	1999651	789708	2483952	1659629	2925879	13143677	17252391	0
FFQ	70	0	0	156	0	0	0	0	0	0	0	0	0	0	0	117712	105236	1057970	0	0	0	0	0	0	0	0	0	0	877984	73646	0	741285	709094	0	0	2017145	797707	2500312	1669679	2939445	13207514	17057502	0
FFQ	71	0	0	0	0	0	0	0	0	0	0	0	0	0	0	119190	106922	1075719	0	0	0	0	0	0	0	0	0	0	898830	75364	0	751836	715170	0	0	2027653	804220	2518375	1677296	2944609	13220927	16899963	0
FFQ	72	0	0	54	0	0	0	0	0	0	0	0	0	0	0	119754	107362	1081046	0	0	0	0	0	0	0	0	0	0	916718	76687	0	756373	720118	0	0	2041902	815582	2533684	1687007	2949532	13237805	16755274	0
FFQ	73	0	0	41	0	0	0	0	0	0	0	0	0	0	0	119504	108630	1090643	0	0	0	0	0	0	0	0	0	0	921747	77243	0	766414	726022	0	0	2061598	824643	2550698	1699558	2967786	13232399	16614134	0
FFQ	74	0	0	16	0	0	0	0	0	0	0	0	0	0	0	121439	111048	1109329	0	0	0	0	0	0	0	0	0	0	930639	78974	0	777678	734041	0	0	2081882	830991	2570835	1711531	2978673	13244322	16439339	0
FFQ	75	0	0	0	0	0	0	0	0	0	0	0	0	0	0	125518	115019	1153801	0	0	0	0	0	0	0	0	0	0	940375	80231	0	786365	741365	0	0	2098296	838384	2587358	1722168	2984147	13271797	16233733	0
FFQ	76	0	0	73	0	0	0	0	0	0	0	0	0	0	0	122086	115922	1156066	0	0	0	0	0	0	0	0	0	0	975911	81277	0	796135	748530	0	0	2120598	858453	2609733	1738606	2995517	13275290	16039602	0
FFQ	77	0	0	7	0	0	0	0	0	0	0	0	0	0	0	119265	117443	1162405	0	0	0	0	0	0	0	0	0	0	981883	82668	0	804886	758970	0	0	2150390	875558	2636073	1758166	3012819	13294791	15828092	0
FFQ	78	0	0	0	0	0	0	0	0	0	0	0	0	0	0	108800	115288	1137715	0	0	0	0	0	0	0	0	0	0	959032	82690	0	802657	758510	0	0	2150638	878317	2645668	1769696	3029405	13378732	15704090	0
FFQ	79	0	0	0	0	0	0	0	0	0	0	0	0	0	0	93923	113868	1121803	0	0	0	0	0	0	0	0	0	0	949965	83727	0	819758	767475	0	0	2173293	878864	2666579	1776644	3032188	13402637	15513696	0
FFQ	80	0	0	0	0	0	0	0	0	0	0	0	0	0	0	54773	94414	885339	0	0	0	0	0	0	0	0	0	0	936467	83145	0	819893	766629	0	0	2170934	880897	2667068	1777990	3033439	13387663	15428805	0
FFQ	81	0	0	0	0	0	0	0	0	0	0	0	0	0	0	0	0	0	0	0	0	0	0	0	0	0	0	0	1701757	129960	0	1322159	1368197	0	0	3374270	1267230	3806267	2364409	3245572	12776831	8860474	0
# Last Fragment Qualities. Use `grep ^LFQ | cut -f 2-` to extract this part.
# Columns correspond to qualities and rows to cycles. First column is the cycle number.
LFQ	1	0	0	0	0	0	0	0	0	0	0	0	0	0	0	0	0	0	0	0	0	0	0	0	0	0	0	0	1389395	44531	0	484444	617234	0	0	1768943	815879	1845797	1350410	2283994	10816863	24074837	0
LFQ	2	0	0	3	0	0	0	0	0	0	0	0	0	0	0	96137	85232	887236	0	0	0	0	0	0	0	0	0	0	662863	45984	0	494261	610791	0	0	1536991	512308	1847665	1229552	2277987	10854582	24240106	0
LFQ	3	0	0	20	0	0	0	0	0	0	0	0	0	0	0	102466	92058	939525	0	0	0	0	0	0	0	0	0	0	794872	46045	0	502504	593352	0	0	1540914	568607	1846997	1228613	2257904	10929705	23915517	0
LFQ	4	0	0	1	0	0	0	0	0	0	0	0	0	0	0	105986	93353	946761	0	0	0	0	0	0	0	0	0	0	853695	46311	0	498745	590810	0	0	1564496	602504	1843662	1246954	2282590	10909028	23743537	0
LFQ	5	0	0	39	0	0	0	0	0	0	0	0	0	0	0	103168	91291	937297	0	0	0	0	0	0	0	0	0	0	877330	44535	0	490833	589710	0	0	1567958	614920	1846636	1251127	2308993	10951884	23614331	0
LFQ	6	0	0	0	0	0	0	0	0	0	0	0	0	0	0	107128	95212	961699	0	0	0	0	0	0	0	0	0	0	894835	45811	0	500240	588176	0	0	1573207	613245	1836649	1251703	2280798	10868653	23625435	0
LFQ	7	0	0	1	0	0	0	0	0	0	0	0	0	0	0	100487	88813	911789	0	0	0	0	0	0	0	0	0	0	899596	44205	0	482479	582580	0	0	1564880	622943	1820330	1248323	2257887	10805327	23764454	0
LFQ	8	0	0	7	0	0	0	0	0	0	0	0	0	0	0	109199	97447	981176	0	0	0	0	0	0	0	0	0	0	890441	46356	0	506896	591334	0	0	1583266	612741	1843266	1251615	2285287	10787882	23561980	0
LFQ	9	0	0	39	0	0	0	0	0	0	0	0	0	0	0	101682	90773	909204	0	0	0	0	0	0	0	0	0	0	895941	47117	0	496268	585425	0	0	1582739	633514	1854448	1274662	2336061	10988810	23309408	0
LFQ	10	0	0	54	0	0	0	0	0	0	0	0	0	0	0	96310	87120	900514	0	0	0	0	0	0	0	0	0	0	864354	44599	0	502108	587671	0	0	1582590	614768	1870169	1275714	2358989	11040816	23237461	0
LFQ	11	0	0	29	0	0	0	0	0	0	0	0	0	0	0	97142	87301	893665	0	0	0	0	0	0	0	0	0	0	848226	45166	0	494400	585492	0	0	1576985	615846	1856030	1270725	2324749	11018403	23307750	0
LFQ	12	0	0	24	0	0	0	0	0	0	0	0	0	0	0	96024	85939	879768	0	0	0	0	0	0	0	0	0	0	838794	46198	0	495404	585243	0	0	1574063	608754	1856157	1260899	2308107	11007282	23338048	0
LFQ	13	0	0	87	0	0	0	0	0	0	0	0	0	0	0	97772	87456	895225	0	0	0	0	0	0	0	0	0	0	834385	46049	0	511735	593391	0	0	1594357	615594	1895137	1282059	2414312	11125885	22946758	0
LFQ	14	0	0	211	0	0	0	0	0	0	0	0	0	0	0	96728	85966	867733	0	0	0	0	0	0	0	0	0	0	820749	48173	0	502504	585820	0	0	1579148	611761	1879944	1275730	2352649	11174724	23018548	0
LFQ	15	0	0	171	0	0	0	0	0	0	0	0	0	0	0	99860	90040	884670	0	0	0	0	0	0	0	0	0	0	809588	50410	0	515152	589354	0	0	1588433	605914	1906562	1280685	2388365	11254401	22796887	0
LFQ	16	0	0	731	0	0	0	0	0	0	0	0	0	0	0	101871	90297	896726	0	0	0	0	0	0	0	0	0	0	834443	49166	0	520608	598140	0	0	1608311	615830	1920990	1289955	2372184	11261078	22660543	0
LFQ	17	0	0	2	0	0	0	0	0	0	0	0	0	0	0	102911	90044	911815	0	0	0	0	0	0	0	0	0	0	841121	49067	0	527891	600390	0	0	1628713	623359	1943612	1305573	2401238	11327436	22428965	0
LFQ	18	0	0	3	0	0	0	0	0	0	0	0	0	0	0	102386	91332	929709	0	0	0	0	0	0	0	0	0	0	848176	48194	0	525401	601580	0	0	1622139	622711	1938977	1308101	2425929	11370239	22308286	0
LFQ	19	0	0	38	0	0	0	0	0	0	0	0	0	0	0	103114	92076	926523	0	0	0	0	0	0	0	0	0	0	871524	49262	0	521925	598574	0	0	1626678	635770	1933329	1315677	2421667	11383305	22224838	0
LFQ	20	0	0	106	0	0	0	0	0	0	0	0	0	0	0	100555	88949	903560	0	0	0	0	0	0	0	0	0	0	870424	48985	0	521553	596898	0	0	1623518	642621	1924208	1307894	2389014	11309700	22337187	0
LFQ	21	0	0	5	0	0	0	0	0	0	0	0	0	0	0	101263	90027	904264	0	0	0	0	0	0	0	0	0	0	855934	49481	0	527838	600225	0	0	1631813	638992	1941434	1316159	2422013	11322622	22223597	0
LFQ	22	0	0	0	0	0	0	0	0	0	0	0	0	0	0	101447	89769	897644	0	0	0	0	0	0	0	0	0	0	837608	50805	0	530209	598771	0	0	1628386	630175	1942113	1313056	2417338	11328902	22220506	0
LFQ	23	0	0	2	0	0	0	0	0	0	0	0	0	0	0	104118	94018	929637	0	0	0	0	0	0	0	0	0	0	836232	53448	0	562003	615696	0	0	1676449	638132	2035462	1355749	2559613	11648622	21438058	0
LFQ	24	0	0	44	0	0	0	0	0	0	0	0	0	0	0	104376	93662	930799	0	0	0	0	0	0	0	0	0	0	851165	53481	0	565903	622282	0	0	1697979	652410	2060009	1376605	2574930	11846451	21077925	0
LFQ	25	0	0	45	0	0	0	0	0	0	0	0	0	0	0	104742	93604	935597	0	0	0	0	0	0	0	0	0	0	849486	53832	0	572374	624504	0	0	1714752	658487	2080398	1396397	2580522	11981610	20822888	0
LFQ	26	0	0	0	0	0	0	0	0	0	0	0	0	0	0	108537	97525	967433	0	0	0	0	0	0	0	0	0	0	854212	54997	0	580094	632364	0	0	1730665	662610	2107412	1408184	2597661	12079148	20549041	0
LFQ	27	0	0	8	0	0	0	0	0	0	0	0	0	0	0	108574	97010	963947	0	0	0	0	0	0	0	0	0	0	888418	54939	0	586238	639022	0	0	1748012	675166	2126777	1423766	2613036	12148780	20316887	0
LFQ	28	0	0	0	0	0	0	0	0	0	0	0	0	0	0	105808	94925	948624	0	0	0	0	0	0	0	0	0	0	878507	55449	0	586439	639438	0	0	1756452	686632	2137242	1437192	2623097	12215790	20185706	0
LFQ	29	0	0	0	0	0	0	0	0	0	0	0	0	0	0	109770	99022	976516	0	0	0	0	0	0	0	0	0	0	872889	55844	0	595292	643158	0	0	1770136	683759	2149046	1443975	2636835	12253764	20021978	0
LFQ	30	0	0	2	0	0	0	0	0	0	0	0	0	0	0	108681	97562	965164	0	0	0	0	0	0	0	0	0	0	885115	56611	0	597627	644963	0	0	1776315	688673	2161902	1448414	2646074	12283391	19912051	0
LFQ	31	0	0	30	0	0	0	0	0	0	0	0	0	0	0	111728	100117	991092	0	0	0	0	0	0	0	0	0	0	879758	57015	0	602606	651203	0	0	1791678	696808	2174792	1457769	2655860	12336480	19726353	0
LFQ	32	0	0	80	0	0	0	0	0	0	0	0	0	0	0	107447	96526	955688	0	0	0	0	0	0	0	0	0	0	887475	56997	0	602282	647331	0	0	1792136	695803	2182743	1463877	2664836	12370794	19669311	0
LFQ	33	0	0	237	0	0	0	0	0	0	0	0	0	0	0	109992	98530	975556	0	0	0	0	0	0	0	0	0	0	871809	57620	0	609083	651616	0	0	1796988	696205	2192148	1469301	2668286	12375089	19581577	0
LFQ	34	0	0	629	0	0	0	0	0	0	0	0	0	0	0	111884	100285	990125	0	0	0	0	0	0	0	0	0	0	883264	58370	0	616865	657079	0	0	1811334	700087	2206651	1476337	2679599	12395333	19426933	0
LFQ	35	0	0	13	0	0	0	0	0	0	0	0	0	0	0	113346	100920	995759	0	0	0	0	0	0	0	0	0	0	892972	58721	0	618581	655021	0	0	1814507	703542	2209861	1481506	2686448	12422379	19321988	0
LFQ	36	0	0	0	0	0	0	0	0	0	0	0	0	0	0	112151	99924	984962	0	0	0	0	0	0	0	0	0	0	902223	59026	0	618707	657812	0	0	1825072	712875	2219999	1488968	2692943	12436535	19224339	0
LFQ	37	0	0	0	0	0	0	0	0	0	0	0	0	0	0	114323	101845	1003887	0	0	0	0	0	0	0	0	0	0	893594	59107	0	623386	659629	0	0	1828052	710816	2226242	1490477	2695797	12438880	19149908	0
LFQ	38	0	0	8	0	0	0	0	0	0	0	0	0	0	0	113143	101416	1000916	0	0	0	0	0	0	0	0	0	0	907085	59615	0	628563	661206	0	0	1837488	715752	2239596	1497547	2709986	12465422	19018750	0
LFQ	39	0	0	0	0	0	0	0	0	0	0	0	0	0	0	115140	102859	1013025	0	0	0	0	0	0	0	0	0	0	911786	60876	0	639230	671582	0	0	1863137	725301	2262240	1515680	2725195	12504366	18806136	0
LFQ	40	0	0	37	0	0	0	0	0	0	0	0	0	0	0	118849	104664	1040475	0	0	0	0	0	0	0	0	0	0	921834	61075	0	646214	677424	0	0	1881204	734204	2283837	1529910	2741050	12545648	18589899	0
LFQ	41	0	0	140	0	0	0	0	0	0	0	0	0	0	0	117604	105131	1035455	0	0	0	0	0	0	0	0	0	0	934866	62113	0	650096	678976	0	0	1890119	743047	2293901	1538405	2753515	12599840	18432611	0
LFQ	42	0	0	170	0	0	0	0	0	0	0	0	0	0	0	117622	104896	1034453	0	0	0	0	0	0	0	0	0	0	932045	62771	0	654876	679214	0	0	1897954	745260	2303234	1546090	2761964	12621608	18333003	0
LFQ	43	0	0	0	0	0	0	0	0	0	0	0	0	0	0	116677	104050	1027755	0	0	0	0	0	0	0	0	0	0	924434	62872	0	660656	681830	0	0	1905554	742540	2318737	1549814	2770948	12651552	18236316	0
LFQ	44	0	0	19	0	0	0	0	0	0	0	0	0	0	0	119429	105739	1045033	0	0	0	0	0	0	0	0	0	0	918681	63795	0	666585	688229	0	0	1917590	745693	2332147	1554197	2786169	12679810	18088830	0
LFQ	45	0	0	19	0	0	0	0	0	0	0	0	0	0	0	121323	107211	1061128	0	0	0	0	0	0	0	0	0	0	928923	64513	0	677248	692838	0	0	1933099	749057	2347609	1565890	2793255	12697454	17930974	0
LFQ	46	0	0	3	0	0	0	0	0	0	0	0	0	0	0	122324	108311	1068973	0	0	0	0	0	0	0	0	0	0	935854	65047	0	679596	694992	0	0	1944755	753967	2356713	1575171	2800542	12718237	17804558	0
LFQ	47	0	0	26	0	0	0	0	0	0	0	0	0	0	0	121454	108184	1068858	0	0	0	0	0	0	0	0	0	0	945106	66189	0	684192	697950	0	0	1954663	761157	2373945	1583426	2814402	12740106	17667265	0
LFQ	48	0	0	0	0	0	0	0	0	0	0	0	0	0	0	122334	108814	1069889	0	0	0	0	0	0	0	0	0	0	940358	66168	0	689822	698318	0	0	1959055	763122	2379784	1586940	2817063	12747842	17595524	0
LFQ	49	0	0	5	0	0	0	0	0	0	0	0	0	0	0	124728	111552	1094651	0	0	0	0	0	0	0	0	0	0	947456	67463	0	697512	706223	0	0	1971928	768865	2395424	1596972	2832888	12771429	17415167	0
LFQ	50	0	0	56	0	0	0	0	0	0	0	0	0	0	0	128517	114884	1116856	0	0	0	0	0	0	0	0	0	0	967690	68054	0	702224	708826	0	0	1987672	780323	2409144	1611222	2846395	12814864	17202239	0
LFQ	51	0	0	472	0	0	0	0	0	0	0	0	0	0	0	127005	112600	1103433	0	0	0	0	0	0	0	0	0	0	987774	69017	0	708532	711794	0	0	2001523	789748	2425918	1620321	2852379	12829132	17075639	0
LFQ	52	0	0	4	0	0	0	0	0	0	0	0	0	0	0	129855	115994	1130529	0	0	0	0	0	0	0	0	0	0	986088	70283	0	720072	720086	0	0	2022148	798260	2449595	1633123	2866195	12847094	16882717	0
LFQ	53	0	0	174	0	0	0	0	0	0	0	0	0	0	0	128644	113629	1120693	0	0	0	0	0	0	0	0	0	0	994234	70479	0	721285	720996	0	0	2031134	801363	2457076	1637858	2876016	12876357	16778271	0
LFQ	54	0	0	7	0	0	0	0	0	0	0	0	0	0	0	128794	113403	1110325	0	0	0	0	0	0	0	0	0	0	980399	70406	0	721710	722256	0	0	2032970	805015	2462781	1645766	2884353	12916028	16690197	0
LFQ	55	0	0	6	0	0	0	0	0	0	0	0	0	0	0	129122	114986	1126454	0	0	0	0	0	0	0	0	0	0	977321	70595	0	729952	725738	0	0	2043375	803452	2482180	1651821	2895596	12948238	16541573	0
LFQ	56	0	0	7	0	0	0	0	0	0	0	0	0	0	0	135582	120255	1170048	0	0	0	0	0	0	0	0	0	0	996713	73143	0	743703	736104	0	0	2065900	811262	2500914	1660232	2900953	12955482	16325389	0
LFQ	57	0	0	456	0	0	0	0	0	0	0	0	0	0	0	137982	121616	1187059	0	0	0	0	0	0	0	0	0	0	1033211	74088	0	753121	742820	0	0	2086362	823534	2521110	1673425	2907373	12947849	16140372	0
LFQ	58	0	0	373	0	0	0	0	0	0	0	0	0	0	0	136042	120097	1174995	0	0	0	0	0	0	0	0	0	0	1045897	74728	0	756053	745513	0	0	2107083	843469	2532952	1692111	2925192	12979883	15969930	0
LFQ	59	0	0	65	0	0	0	0	0	0	0	0	0	0	0	139452	122765	1195606	0	0	0	0	0	0	0	0	0	0	1047852	75404	0	763090	751665	0	0	2121465	847518	2555400	1705449	2937294	13019800	15775548	0
LFQ	60	0	0	297	0	0	0	0	0	0	0	0	0	0	0	136355	120955	1174653	0	0	0	0	0	0	0	0	0	0	1046050	76136	0	766638	751751	0	0	2127263	848087	2563016	1713317	2947878	13063238	15675863	0
LFQ	61	0	0	160	0	0	0	0	0	0	0	0	0	0	0	139407	123742	1197521	0	0	0	0	0	0	0	0	0	0	1044443	77477	0	776162	760198	0	0	2146399	858087	2586534	1722237	2954226	13087968	15490167	0
LFQ	62	0	0	0	0	0	0	0	0	0	0	0	0	0	0	140992	125468	1212444	0	0	0	0	0	0	0	0	0	0	1047784	78932	0	782345	762009	0	0	2152994	858113	2594750	1726893	2959360	13094883	15380460	0
LFQ	63	0	0	0	0	0	0	0	0	0	0	0	0	0	0	142366	128347	1221795	0	0	0	0	0	0	0	0	0	0	1064895	79989	0	791736	767979	0	0	2170245	867630	2614431	1740958	2971748	13095946	15211712	0
LFQ	64	0	0	15	0	0	0	0	0	0	0	0	0	0	0	146651	132743	1253331	0	0	0	0	0	0	0	0	0	0	1068040	80684	0	804907	775323	0	0	2185395	869451	2627340	1745230	2969437	13090781	15071487	0
LFQ	65	0	0	0	0	0	0	0	0	0	0	0	0	0	0	147083	136153	1257906	0	0	0	0	0	0	0	0	0	0	1098360	82244	0	812993	779366	0	0	2207197	888029	2647334	1764806	2991388	13116326	14842308	0
LFQ	66	0	0	0	0	0	0	0	0	0	0	0	0	0	0	146998	139425	1254574	0	0	0	0	0	0	0	0	0	0	1104724	82893	0	817939	785813	0	0	2220738	896926	2665953	1772318	3001567	13129949	14701982	0
LFQ	67	0	0	2	0	0	0	0	0	0	0	0	0	0	0	149783	146478	1271347	0	0	0	0	0	0	0	0	0	0	1103861	83819	0	829218	792970	0	0	2238562	901330	2685644	1786270	3007067	13145998	14529359	0
LFQ	68	0	0	108	0	0	0	0	0	0	0	0	0	0	0	147835	150528	1255404	0	0	0	0	0	0	0	0	0	0	1107268	85229	0	829884	793280	0	0	2247931	907404	2693729	1794231	3016968	13167972	14422379	0
LFQ	69	0	0	37	0	0	0	0	0	0	0	0	0	0	0	148542	153776	1256038	0	0	0	0	0	0	0	0	0	0	1101715	85666	0	836063	798555	0	0	2258760	913561	2708025	1802916	3026894	13185973	14291606	0
LFQ	70	0	0	18	0	0	0	0	0	0	0	0	0	0	0	151889	165004	1280794	0	0	0	0	0	0	0	0	0	0	1100814	86704	0	845201	801188	0	0	2264209	909785	2721490	1804223	3024513	13177340	14181587	0
LFQ	71	0	0	519	0	0	0	0	0	0	0	0	0	0	0	149689	168029	1266862	0	0	0	0	0	0	0	0	2	0	1121129	88044	0	852413	808971	0	0	2284377	923495	2739533	1814902	3031867	13188860	14021797	0
LFQ	72	0	0	80	0	0	0	0	0	0	0	0	0	0	0	151141	178132	1279254	0	0	0	0	0	0	0	0	15	0	1114685	89544	0	866973	817861	0	0	2307325	931718	2763600	1828388	3043012	13197151	13835311	0
LFQ	73	0	0	157	0	0	0	0	0	0	0	0	0	0	0	155166	185780	1308151	0	0	0	0	0	0	0	0	199	10	1125720	90708	0	877043	824337	0	0	2325409	939848	2782324	1841141	3053488	13188963	13647726	0
LFQ	74	0	0	26	0	0	0	0	0	0	0	0	0	0	0	155348	193963	1315565	0	0	0	0	0	0	0	0	15	0	1153464	92909	0	886984	833777	0	0	2350426	953751	2800322	1855685	3060326	13194827	13438265	0
LFQ	75	0	0	0	0	0	0	0	0	0	0	0	0	0	0	153132	200734	1309956	0	0	0	0	0	0	0	0	264	15	1156790	93283	0	892597	837511	0	0	2356267	961393	2811907	1863154	3063607	13208292	13313570	0
LFQ	76	0	0	0	0	0	0	0	0	0	0	0	0	0	0	151186	209423	1316661	0	0	0	0	0	0	0	0	404	25	1156695	94519	0	899334	841471	0	0	2369199	970531	2826771	1871660	3074401	13197786	13174128	0
LFQ	77	0	0	0	0	0	0	0	0	0	0	0	0	0	0	146810	217798	1312780	0	0	0	0	0	0	0	0	371	22	1160275	96233	0	913160	849198	0	1	2392011	976688	2853679	1887059	3085322	13206461	12980775	0
LFQ	78	0	0	0	0	0	0	0	0	0	0	0	0	0	3	137380	221753	1326781	0	0	0	0	0	0	1	0	552	24	1168927	97817	0	929329	865828	4	1	2426479	995388	2881065	1906125	3088893	13209919	12725480	0
LFQ	79	0	0	0	0	0	0	0	0	0	0	0	0	0	7	115269	218532	1272572	0	0	0	0	0	0	3	0	850	52	1152576	97414	0	929386	866134	2	3	2431253	1002011	2891330	1917335	3102561	13224512	12570113	0
LFQ	80	0	0	0	0	0	0	0	0	0	0	0	0	45	273	62324	172486	993339	0	0	0	0	0	0	57	0	585	46	1156000	97188	0	942457	874075	88	98	2452897	1009149	2900437	1918484	3086438	13174463	12360767	0
LFQ	81	0	0	0	0	0	0	0	0	0	0	0	0	0	0	0	0	0	0	0	0	0	0	0	209	0	1688	79	2313785	159604	0	1618790	1714770	163	143	3884016	1371186	3948259	2381797	2920261	10707691	6076478	0
# GC Content of first fragments. Use `grep ^GCF | cut -f 2-` to extract this part.
GCF	0.50	23368
GCF	1.26	23361
GCF	1.76	23365
GCF	2.26	23367
GCF	2.76	23380
GCF	3.27	23439
GCF	3.77	23542
GCF	4.27	23655
GCF	4.77	23874
GCF	5.28	23952
GCF	5.78	24048
GCF	6.28	24196
GCF	6.78	24252
GCF	7.29	24408
GCF	7.79	24652
GCF	8.29	24930
GCF	8.79	25106
GCF	9.30	25467
GCF	9.80	25934
GCF	10.30	26144
GCF	10.80	26252
GCF	11.31	27050
GCF	11.81	27394
GCF	12.31	28499
GCF	12.81	28756
GCF	13.32	29142
GCF	13.82	29987
GCF	14.32	31042
GCF	14.82	32602
GCF	15.33	33290
GCF	15.83	35693
GCF	16.33	36304
GCF	16.83	38252
GCF	17.34	43166
GCF	17.84	43816
GCF	18.34	51772
GCF	18.84	53504
GCF	19.35	54271
GCF	19.85	70385
GCF	20.35	71279
GCF	20.85	90276
GCF	21.36	93326
GCF	21.86	94602
GCF	22.36	126024
GCF	22.86	128380
GCF	23.37	165443
GCF	23.87	169989
GCF	24.37	171616
GCF	24.87	228242
GCF	25.38	229568
GCF	25.88	288418
GCF	26.38	294491
GCF	26.88	296668
GCF	27.39	370878
GCF	27.89	373472
GCF	28.39	452966
GCF	28.89	459733
GCF	29.40	547157
GCF	29.90	555177
GCF	30.40	557753
GCF	30.90	652951
GCF	31.41	661675
GCF	31.91	764001
GCF	32.41	772116
GCF	32.91	773751
GCF	33.42	884996
GCF	33.92	892184
GCF	34.42	1002685
GCF	34.92	1011493
GCF	35.43	1014200
GCF	35.93	1123647
GCF	36.43	1132721
GCF	36.93	1237328
GCF	37.44	1246071
GCF	37.94	1248510
GCF	38.44	1346667
GCF	38.94	1354187
GCF	39.45	1434199
GCF	39.95	1444141
GCF	40.45	1445542
GCF	40.95	1510391
GCF	41.46	1515215
GCF	41.96	1563549
GCF	42.46	1567861
GCF	42.96	1604663
GCF	43.47	1605424
GCF	43.97	1609186
GCF	44.47	1637254
GCF	44.97	1640332
GCF	45.48	1652499
GCF	45.98	1654402
GCF	46.48	1656480
GCF	46.98	1662365
GCF	47.49	1663576
GCF	47.99	1665703
GCF	48.49	1666612
GCF	48.99	1668141
GCF	49.50	1681247
GCF	50.00	1691935
GCF	50.50	1707554
GCF	51.01	1710101
GCF	51.51	1711002
GCF	52.01	1728679
GCF	52.51	1731825
GCF	53.02	1751141
GCF	53.52	1753145
GCF	54.02	1754026
GCF	54.52	1771544
GCF	55.03	1775943
GCF	55.53	1794193
GCF	56.03	1796702
GCF	56.53	1796829
GCF	57.04	1788760
GCF	57.54	1789904
GCF	58.04	1766824
GCF	58.54	1765079
GCF	59.05	1709016
GCF	59.55	1707399
GCF	60.05	1701648
GCF	60.55	1621064
GCF	61.06	1614885
GCF	61.56	1516048
GCF	62.06	1513162
GCF	62.56	1504208
GCF	63.07	1384180
GCF	63.57	1373419
GCF	64.07	1241159
GCF	64.57	1237710
GCF	65.08	1226742
GCF	65.58	1085246
GCF	66.08	1073167
GCF	66.58	927120
GCF	67.09	924237
GCF	67.59	911446
GCF	68.09	770160
GCF	68.59	755049
GCF	69.10	626621
GCF	69.60	622478
GCF	70.10	610392
GCF	70.60	499273
GCF	71.11	488752
GCF	71.61	397190
GCF	72.11	393108
GCF	72.61	313637
GCF	73.12	310178
GCF	73.62	302579
GCF	74.12	247515
GCF	74.62	246006
GCF	75.13	196144
GCF	75.63	194205
GCF	76.13	188814
GCF	76.63	157634
GCF	77.14	154561
GCF	77.64	128932
GCF	78.14	127674
GCF	78.64	123931
GCF	79.15	107194
GCF	79.65	106400
GCF	80.15	88505
GCF	80.65	87566
GCF	81.16	85090
GCF	81.66	75704
GCF	82.16	74451
GCF	82.66	67189
GCF	83.17	63333
GCF	83.67	62330
GCF	84.17	57043
GCF	84.67	55794
GCF	85.18	51359
GCF	85.68	48380
GCF	86.18	45447
GCF	86.68	44815
GCF	87.19	44407
GCF	87.69	40867
GCF	88.19	40420
GCF	88.69	37975
GCF	89.20	37845
GCF	89.70	37561
GCF	90.20	35960
GCF	90.70	35019
GCF	91.21	34770
GCF	91.71	34202
GCF	92.21	33782
GCF	92.71	33441
GCF	93.22	33209
GCF	93.72	32995
GCF	94.22	32757
GCF	94.72	32685
GCF	95.23	32552
GCF	95.73	32505
GCF	96.23	32458
GCF	96.73	32436
GCF	97.24	32424
GCF	97.74	32416
GCF	98.99	32415
# GC Content of last fragments. Use `grep ^GCL | cut -f 2-` to extract this part.
GCL	0.50	76885
GCL	1.26	76878
GCL	1.76	76867
GCL	2.26	76859
GCL	2.76	76862
GCL	3.27	76900
GCL	3.77	76956
GCL	4.27	77039
GCL	4.77	77209
GCL	5.28	77254
GCL	5.78	77400
GCL	6.28	77588
GCL	6.78	77832
GCL	7.29	78064
GCL	7.79	78382
GCL	8.29	78705
GCL	8.79	78908
GCL	9.30	79621
GCL	9.80	80596
GCL	10.30	80925
GCL	10.80	81094
GCL	11.31	82522
GCL	11.81	83038
GCL	12.31	85063
GCL	12.81	85435
GCL	13.32	86096
GCL	13.82	87137
GCL	14.32	89833
GCL	14.82	91817
GCL	15.33	92870
GCL	15.83	95931
GCL	16.33	96824
GCL	16.83	101469
GCL	17.34	106947
GCL	17.84	108076
GCL	18.34	117544
GCL	18.84	120314
GCL	19.35	121558
GCL	19.85	142414
GCL	20.35	143651
GCL	20.85	163384
GCL	21.36	168127
GCL	21.86	170099
GCL	22.36	202890
GCL	22.86	206358
GCL	23.37	242333
GCL	23.87	249238
GCL	24.37	251363
GCL	24.87	314754
GCL	25.38	316660
GCL	25.88	375385
GCL	26.38	384031
GCL	26.88	387358
GCL	27.39	461137
GCL	27.89	465082
GCL	28.39	546717
GCL	28.89	556626
GCL	29.40	642354
GCL	29.90	654598
GCL	30.40	658635
GCL	30.90	748783
GCL	31.41	762229
GCL	31.91	860511
GCL	32.41	871380
GCL	32.91	873700
GCL	33.42	995364
GCL	33.92	1005514
GCL	34.42	1110637
GCL	34.92	1123253
GCL	35.43	1127724
GCL	35.93	1234345
GCL	36.43	1247029
GCL	36.93	1342622
GCL	37.44	1357563
GCL	37.94	1361847
GCL	38.44	1454402
GCL	38.94	1464823
GCL	39.45	1537773
GCL	39.95	1556445
GCL	40.45	1559766
GCL	40.95	1617698
GCL	41.46	1626337
GCL	41.96	1670904
GCL	42.46	1676404
GCL	42.96	1714338
GCL	43.47	1716100
GCL	43.97	1722313
GCL	44.47	1745620
GCL	44.97	1751107
GCL	45.48	1764413
GCL	45.98	1768215
GCL	46.48	1772102
GCL	46.98	1768871
GCL	47.49	1772580
GCL	47.99	1775206
GCL	48.49	1777524
GCL	48.99	1781638
GCL	49.50	1788039
GCL	50.00	1818710
GCL	50.50	1824817
GCL	51.01	1829866
GCL	51.51	1832423
GCL	52.01	1849197
GCL	52.51	1856636
GCL	53.02	1871696
GCL	53.52	1879772
GCL	54.02	1882134
GCL	54.52	1895743
GCL	55.03	1902977
GCL	55.53	1916638
GCL	56.03	1921880
GCL	56.53	1923297
GCL	57.04	1916745
GCL	57.54	1921683
GCL	58.04	1894203
GCL	58.54	1892906
GCL	59.05	1843776
GCL	59.55	1842754
GCL	60.05	1838713
GCL	60.55	1764896
GCL	61.06	1756157
GCL	61.56	1664294
GCL	62.06	1660064
GCL	62.56	1648372
GCL	63.07	1537641
GCL	63.57	1522000
GCL	64.07	1398426
GCL	64.57	1392610
GCL	65.08	1373608
GCL	65.58	1242757
GCL	66.08	1225322
GCL	66.58	1085775
GCL	67.09	1081580
GCL	67.59	1061088
GCL	68.09	933914
GCL	68.59	909908
GCL	69.10	790434
GCL	69.60	782665
GCL	70.10	761165
GCL	70.60	657983
GCL	71.11	640870
GCL	71.61	551749
GCL	72.11	544096
GCL	72.61	463616
GCL	73.12	457047
GCL	73.62	443726
GCL	74.12	391615
GCL	74.62	388859
GCL	75.13	332026
GCL	75.63	328709
GCL	76.13	319600
GCL	76.63	289951
GCL	77.14	283539
GCL	77.64	254106
GCL	78.14	251571
GCL	78.64	244982
GCL	79.15	228337
GCL	79.65	226757
GCL	80.15	202274
GCL	80.65	200595
GCL	81.16	195704
GCL	81.66	184497
GCL	82.16	182403
GCL	82.66	174283
GCL	83.17	164420
GCL	83.67	162856
GCL	84.17	157226
GCL	84.67	154949
GCL	85.18	149915
GCL	85.68	142658
GCL	86.18	139288
GCL	86.68	138021
GCL	87.19	137463
GCL	87.69	131158
GCL	88.19	130182
GCL	88.69	125478
GCL	89.20	125281
GCL	89.70	124831
GCL	90.20	121883
GCL	90.70	119931
GCL	91.21	119585
GCL	91.71	118334
GCL	92.21	117434
GCL	92.71	116733
GCL	93.22	116252
GCL	93.72	115864
GCL	94.22	115480
GCL	94.72	115335
GCL	95.23	115075
GCL	95.73	115002
GCL	96.23	114909
GCL	96.73	114864
GCL	97.24	114852
GCL	97.74	114841
GCL	98.24	114838
GCL	99.25	114839
# ACGT content per cycle. Use `grep ^GCC | cut -f 2-` to extract this part. The columns are: cycle; A,C,G,T base counts as a percentage of all A/C/G/T bases [%]; and N and O counts as a percentage of all A/C/G/T bases [%]
GCC	1	25.06	24.65	24.91	25.38	0.00	0.00
GCC	2	25.08	24.63	24.89	25.40	0.00	0.00
GCC	3	25.15	24.56	24.81	25.48	0.00	0.00
GCC	4	25.01	24.70	24.95	25.34	0.00	0.00
GCC	5	25.04	24.68	24.92	25.36	0.00	0.00
GCC	6	25.11	24.61	24.84	25.44	0.00	0.00
GCC	7	24.98	24.74	24.98	25.31	0.00	0.00
GCC	8	25.00	24.71	24.94	25.34	0.00	0.00
GCC	9	25.09	24.63	24.86	25.42	0.00	0.00
GCC	10	24.95	24.76	25.00	25.29	0.00	0.00
GCC	11	24.96	24.76	24.98	25.30	0.00	0.00
GCC	12	25.04	24.69	24.89	25.38	0.00	0.00
GCC	13	24.91	24.81	25.02	25.26	0.00	0.00
GCC	14	24.93	24.80	24.99	25.28	0.00	0.00
GCC	15	25.00	24.72	24.93	25.35	0.00	0.00
GCC	16	24.89	24.83	25.03	25.26	0.00	0.00
GCC	17	24.91	24.82	25.02	25.25	0.00	0.00
GCC	18	24.97	24.74	24.94	25.34	0.00	0.00
GCC	19	24.88	24.84	25.04	25.24	0.00	0.00
GCC	20	24.88	24.85	25.04	25.24	0.00	0.00
GCC	21	24.96	24.76	24.95	25.33	0.00	0.00
GCC	22	24.84	24.88	25.07	25.20	0.00	0.00
GCC	23	24.85	24.88	25.06	25.22	0.00	0.00
GCC	24	24.93	24.78	24.97	25.32	0.00	0.00
GCC	25	24.80	24.91	25.08	25.20	0.00	0.00
GCC	26	24.84	24.89	25.06	25.21	0.00	0.00
GCC	27	24.90	24.82	24.99	25.29	0.00	0.00
GCC	28	24.77	24.94	25.09	25.19	0.00	0.00
GCC	29	24.82	24.91	25.07	25.20	0.00	0.00
GCC	30	24.89	24.83	24.99	25.29	0.00	0.00
GCC	31	24.78	24.94	25.09	25.19	0.00	0.00
GCC	32	24.79	24.94	25.07	25.20	0.00	0.00
GCC	33	24.87	24.85	24.99	25.29	0.00	0.00
GCC	34	24.77	24.96	25.09	25.18	0.00	0.00
GCC	35	24.79	24.94	25.08	25.19	0.00	0.00
GCC	36	24.85	24.87	25.01	25.27	0.00	0.00
GCC	37	24.76	24.97	25.10	25.17	0.00	0.00
GCC	38	24.78	24.95	25.08	25.20	0.00	0.00
GCC	39	24.84	24.88	25.01	25.27	0.00	0.00
GCC	40	24.75	24.98	25.10	25.17	0.00	0.00
GCC	41	24.75	24.97	25.10	25.18	0.00	0.00
GCC	42	24.83	24.89	25.02	25.26	0.00	0.00
GCC	43	24.73	24.99	25.11	25.17	0.00	0.00
GCC	44	24.75	24.98	25.09	25.18	0.00	0.00
GCC	45	24.82	24.91	25.01	25.26	0.00	0.00
GCC	46	24.71	25.01	25.11	25.16	0.00	0.00
GCC	47	24.74	24.99	25.10	25.17	0.00	0.00
GCC	48	24.81	24.91	25.03	25.24	0.00	0.00
GCC	49	24.71	25.01	25.12	25.15	0.00	0.00
GCC	50	24.73	25.00	25.11	25.16	0.00	0.00
GCC	51	24.80	24.93	25.03	25.24	0.00	0.00
GCC	52	24.72	25.01	25.12	25.15	0.00	0.00
GCC	53	24.73	25.00	25.10	25.17	0.00	0.00
GCC	54	24.79	24.92	25.03	25.25	0.00	0.00
GCC	55	24.70	25.03	25.13	25.15	0.00	0.00
GCC	56	24.73	25.00	25.11	25.17	0.00	0.00
GCC	57	24.79	24.93	25.03	25.25	0.00	0.00
GCC	58	24.70	25.02	25.13	25.15	0.00	0.00
GCC	59	24.71	25.00	25.11	25.17	0.00	0.00
GCC	60	24.78	24.94	25.04	25.24	0.00	0.00
GCC	61	24.71	25.02	25.12	25.15	0.00	0.00
GCC	62	24.73	25.01	25.10	25.16	0.00	0.00
GCC	63	24.80	24.93	25.03	25.24	0.00	0.00
GCC	64	24.70	25.03	25.14	25.14	0.00	0.00
GCC	65	24.72	25.01	25.11	25.16	0.00	0.00
GCC	66	24.79	24.94	25.03	25.24	0.00	0.00
GCC	67	24.70	25.03	25.12	25.15	0.00	0.00
GCC	68	24.71	25.02	25.12	25.15	0.00	0.00
GCC	69	24.77	24.95	25.05	25.22	0.00	0.00
GCC	70	24.69	25.03	25.14	25.14	0.00	0.00
GCC	71	24.71	25.03	25.12	25.14	0.00	0.00
GCC	72	24.77	24.96	25.05	25.22	0.00	0.00
GCC	73	24.70	25.02	25.13	25.15	0.00	0.00
GCC	74	24.72	25.02	25.12	25.15	0.00	0.00
GCC	75	24.77	24.96	25.04	25.24	0.00	0.00
GCC	76	24.68	25.04	25.13	25.14	0.00	0.00
GCC	77	24.71	25.02	25.11	25.16	0.00	0.00
GCC	78	24.78	24.94	25.03	25.24	0.00	0.00
GCC	79	24.71	25.02	25.10	25.17	0.00	0.00
GCC	80	24.74	25.00	25.08	25.18	0.00	0.00
GCC	81	24.57	25.16	25.22	25.05	0.00	0.00
# ACGT content per cycle, read oriented. Use `grep ^GCT | cut -f 2-` to extract this part. The columns are: cycle; A,C,G,T base counts as a percentage of all A/C/G/T bases [%]
GCT	1	24.82	25.10	24.46	25.62
GCT	2	25.02	24.94	24.58	25.46
GCT	3	25.09	24.85	24.52	25.54
GCT	4	24.90	25.09	24.56	25.45
GCT	5	25.04	24.97	24.63	25.36
GCT	6	25.06	24.89	24.55	25.49
GCT	7	24.91	25.09	24.63	25.37
GCT	8	25.01	24.98	24.68	25.34
GCT	9	25.07	24.89	24.60	25.43
GCT	10	24.89	25.08	24.68	25.35
GCT	11	25.01	24.97	24.77	25.25
GCT	12	25.06	24.91	24.67	25.36
GCT	13	24.91	25.07	24.76	25.26
GCT	14	25.00	25.01	24.78	25.21
GCT	15	25.02	24.94	24.71	25.33
GCT	16	24.89	25.09	24.76	25.25
GCT	17	24.97	25.03	24.81	25.19
GCT	18	25.01	24.96	24.72	25.31
GCT	19	24.88	25.10	24.79	25.24
GCT	20	24.95	25.03	24.85	25.17
GCT	21	25.04	24.94	24.77	25.25
GCT	22	24.87	25.11	24.84	25.18
GCT	23	24.93	25.04	24.89	25.14
GCT	24	24.98	24.97	24.78	25.27
GCT	25	24.83	25.15	24.85	25.18
GCT	26	24.95	25.04	24.90	25.10
GCT	27	24.98	24.99	24.82	25.22
GCT	28	24.80	25.18	24.86	25.16
GCT	29	24.93	25.07	24.92	25.08
GCT	30	24.98	25.00	24.82	25.20
GCT	31	24.84	25.14	24.89	25.13
GCT	32	24.91	25.09	24.92	25.08
GCT	33	24.97	25.02	24.82	25.19
GCT	34	24.83	25.16	24.89	25.12
GCT	35	24.93	25.06	24.97	25.05
GCT	36	24.95	25.04	24.84	25.16
GCT	37	24.84	25.17	24.90	25.10
GCT	38	24.92	25.09	24.94	25.06
GCT	39	24.96	25.04	24.85	25.15
GCT	40	24.84	25.19	24.89	25.08
GCT	41	24.92	25.10	24.97	25.01
GCT	42	24.94	25.05	24.86	25.15
GCT	43	24.83	25.18	24.92	25.07
GCT	44	24.92	25.10	24.97	25.01
GCT	45	24.96	25.03	24.89	25.12
GCT	46	24.83	25.20	24.93	25.05
GCT	47	24.91	25.11	24.98	25.00
GCT	48	24.95	25.06	24.88	25.11
GCT	49	24.83	25.19	24.95	25.03
GCT	50	24.91	25.10	25.01	24.98
GCT	51	24.97	25.04	24.92	25.07
GCT	52	24.85	25.17	24.97	25.01
GCT	53	24.94	25.08	25.02	24.97
GCT	54	24.98	25.02	24.94	25.06
GCT	55	24.84	25.16	24.99	25.01
GCT	56	24.94	25.08	25.03	24.95
GCT	57	24.99	25.02	24.94	25.05
GCT	58	24.85	25.16	24.99	25.00
GCT	59	24.94	25.07	25.05	24.95
GCT	60	24.98	25.02	24.96	25.04
GCT	61	24.89	25.13	25.01	24.98
GCT	62	24.96	25.06	25.05	24.93
GCT	63	25.00	24.99	24.97	25.03
GCT	64	24.87	25.14	25.02	24.97
GCT	65	24.97	25.07	25.05	24.90
GCT	66	25.02	25.01	24.96	25.01
GCT	67	24.89	25.13	25.02	24.95
GCT	68	24.95	25.08	25.07	24.91
GCT	69	25.00	25.01	24.99	24.99
GCT	70	24.89	25.13	25.04	24.94
GCT	71	24.96	25.07	25.08	24.89
GCT	72	25.01	25.01	25.00	24.98
GCT	73	24.91	25.13	25.03	24.94
GCT	74	24.98	25.08	25.06	24.88
GCT	75	25.03	24.99	25.00	24.97
GCT	76	24.92	25.14	25.04	24.91
GCT	77	25.00	25.07	25.06	24.87
GCT	78	25.05	25.02	24.96	24.98
GCT	79	24.95	25.12	25.00	24.93
GCT	80	25.02	25.07	25.01	24.90
GCT	81	24.73	25.36	25.01	24.90
# ACGT content per cycle for first fragments. Use `grep ^FBC | cut -f 2-` to extract this part. The columns are: cycle; A,C,G,T base counts as a percentage of all A/C/G/T bases [%]; and N and O counts as a percentage of all A/C/G/T bases [%]
FBC	1	25.18	24.59	25.03	25.20	0.00	0.00
FBC	2	25.15	24.61	24.97	25.27	0.00	0.00
FBC	3	25.22	24.55	24.90	25.34	0.00	0.00
FBC	4	25.10	24.64	25.06	25.20	0.00	0.00
FBC	5	25.09	24.66	24.99	25.27	0.00	0.00
FBC	6	25.18	24.58	24.94	25.30	0.00	0.00
FBC	7	25.05	24.69	25.08	25.19	0.00	0.00
FBC	8	25.05	24.70	25.02	25.23	0.00	0.00
FBC	9	25.13	24.62	24.95	25.30	0.00	0.00
FBC	10	25.03	24.71	25.08	25.17	0.00	0.00
FBC	11	25.01	24.75	25.04	25.21	0.00	0.00
FBC	12	25.09	24.68	24.96	25.27	0.00	0.00
FBC	13	24.98	24.76	25.09	25.16	0.00	0.00
FBC	14	24.96	24.78	25.05	25.21	0.00	0.00
FBC	15	25.04	24.72	25.00	25.24	0.00	0.00
FBC	16	24.96	24.78	25.10	25.15	0.00	0.00
FBC	17	24.93	24.82	25.07	25.18	0.00	0.00
FBC	18	25.01	24.73	25.02	25.24	0.00	0.00
FBC	19	24.94	24.81	25.11	25.14	0.00	0.00
FBC	20	24.90	24.84	25.08	25.17	0.00	0.00
FBC	21	25.00	24.76	25.01	25.23	0.00	0.00
FBC	22	24.90	24.86	25.13	25.11	0.00	0.00
FBC	23	24.88	24.87	25.10	25.15	0.00	0.00
FBC	24	24.96	24.78	25.03	25.23	0.00	0.00
FBC	25	24.86	24.88	25.16	25.11	0.00	0.00
FBC	26	24.86	24.89	25.10	25.15	0.00	0.00
FBC	27	24.93	24.82	25.05	25.20	0.00	0.00
FBC	28	24.84	24.90	25.15	25.10	0.00	0.00
FBC	29	24.84	24.91	25.12	25.14	0.00	0.00
FBC	30	24.91	24.83	25.04	25.21	0.00	0.00
FBC	31	24.82	24.91	25.15	25.12	0.00	0.00
FBC	32	24.81	24.93	25.11	25.15	0.00	0.00
FBC	33	24.90	24.84	25.05	25.21	0.00	0.00
FBC	34	24.82	24.92	25.15	25.11	0.00	0.00
FBC	35	24.80	24.94	25.11	25.15	0.00	0.00
FBC	36	24.88	24.87	25.05	25.19	0.00	0.00
FBC	37	24.81	24.94	25.16	25.10	0.00	0.00
FBC	38	24.80	24.94	25.11	25.15	0.00	0.00
FBC	39	24.87	24.87	25.05	25.20	0.00	0.00
FBC	40	24.79	24.95	25.15	25.11	0.00	0.00
FBC	41	24.76	24.96	25.14	25.14	0.00	0.00
FBC	42	24.86	24.89	25.06	25.19	0.00	0.00
FBC	43	24.78	24.96	25.15	25.11	0.00	0.00
FBC	44	24.76	24.97	25.12	25.15	0.00	0.00
FBC	45	24.84	24.91	25.05	25.20	0.00	0.00
FBC	46	24.76	24.98	25.16	25.10	0.00	0.00
FBC	47	24.76	24.98	25.13	25.12	0.00	0.00
FBC	48	24.84	24.91	25.07	25.18	0.00	0.00
FBC	49	24.74	24.99	25.17	25.10	0.00	0.00
FBC	50	24.73	25.01	25.13	25.13	0.00	0.00
FBC	51	24.81	24.93	25.07	25.19	0.00	0.00
FBC	52	24.75	24.99	25.17	25.10	0.00	0.00
FBC	53	24.73	25.01	25.13	25.13	0.00	0.00
FBC	54	24.80	24.92	25.07	25.21	0.00	0.00
FBC	55	24.73	25.01	25.17	25.10	0.00	0.00
FBC	56	24.72	25.00	25.14	25.14	0.00	0.00
FBC	57	24.79	24.94	25.07	25.20	0.00	0.00
FBC	58	24.72	25.00	25.17	25.11	0.00	0.00
FBC	59	24.72	25.02	25.13	25.14	0.00	0.00
FBC	60	24.78	24.95	25.07	25.20	0.00	0.00
FBC	61	24.72	25.00	25.15	25.12	0.00	0.00
FBC	62	24.72	25.02	25.13	25.13	0.00	0.00
FBC	63	24.79	24.94	25.07	25.20	0.00	0.00
FBC	64	24.71	25.02	25.17	25.10	0.00	0.00
FBC	65	24.70	25.02	25.13	25.15	0.00	0.00
FBC	66	24.78	24.96	25.05	25.21	0.00	0.00
FBC	67	24.70	25.04	25.15	25.11	0.00	0.00
FBC	68	24.70	25.03	25.13	25.14	0.00	0.00
FBC	69	24.75	24.96	25.08	25.21	0.00	0.00
FBC	70	24.69	25.02	25.17	25.12	0.00	0.00
FBC	71	24.68	25.05	25.13	25.14	0.00	0.00
FBC	72	24.75	24.98	25.07	25.20	0.00	0.00
FBC	73	24.69	25.02	25.16	25.13	0.00	0.00
FBC	74	24.69	25.04	25.13	25.14	0.00	0.00
FBC	75	24.74	24.98	25.06	25.22	0.00	0.00
FBC	76	24.67	25.04	25.16	25.13	0.00	0.00
FBC	77	24.68	25.04	25.13	25.15	0.00	0.00
FBC	78	24.76	24.95	25.07	25.22	0.00	0.00
FBC	79	24.70	25.01	25.14	25.14	0.00	0.00
FBC	80	24.71	25.00	25.11	25.18	0.00	0.00
FBC	81	24.67	25.04	25.21	25.08	0.00	0.00
# ACGT raw counters for first fragments. Use `grep ^FTC | cut -f 2-` to extract this part. The columns are: A,C,G,T,N base counters
FTC	897301651	898733661	906058691	908855382	3125
# ACGT content per cycle for last fragments. Use `grep ^LBC | cut -f 2-` to extract this part. The columns are: cycle; A,C,G,T base counts as a percentage of all A/C/G/T bases [%]; and N and O counts as a percentage of all A/C/G/T bases [%]
LBC	1	24.93	24.72	24.79	25.56	0.00	0.00
LBC	2	25.01	24.64	24.81	25.54	0.00	0.00
LBC	3	25.08	24.57	24.72	25.62	0.00	0.00
LBC	4	24.91	24.75	24.85	25.49	0.00	0.00
LBC	5	24.99	24.70	24.85	25.46	0.00	0.00
LBC	6	25.05	24.63	24.74	25.58	0.00	0.00
LBC	7	24.90	24.79	24.87	25.43	0.00	0.00
LBC	8	24.95	24.72	24.87	25.46	0.00	0.00
LBC	9	25.04	24.64	24.78	25.54	0.00	0.00
LBC	10	24.86	24.81	24.92	25.41	0.00	0.00
LBC	11	24.92	24.76	24.93	25.39	0.00	0.00
LBC	12	25.00	24.69	24.81	25.49	0.00	0.00
LBC	13	24.84	24.85	24.95	25.36	0.00	0.00
LBC	14	24.89	24.81	24.94	25.36	0.00	0.00
LBC	15	24.97	24.72	24.86	25.46	0.00	0.00
LBC	16	24.81	24.87	24.96	25.36	0.00	0.00
LBC	17	24.88	24.83	24.96	25.33	0.00	0.00
LBC	18	24.94	24.74	24.86	25.45	0.00	0.00
LBC	19	24.81	24.87	24.98	25.34	0.00	0.00
LBC	20	24.85	24.85	24.99	25.31	0.00	0.00
LBC	21	24.92	24.76	24.89	25.43	0.00	0.00
LBC	22	24.78	24.91	25.00	25.30	0.00	0.00
LBC	23	24.82	24.88	25.01	25.28	0.00	0.00
LBC	24	24.90	24.78	24.91	25.41	0.00	0.00
LBC	25	24.75	24.95	25.01	25.29	0.00	0.00
LBC	26	24.82	24.89	25.01	25.28	0.00	0.00
LBC	27	24.87	24.82	24.92	25.39	0.00	0.00
LBC	28	24.71	24.99	25.03	25.27	0.00	0.00
LBC	29	24.79	24.92	25.03	25.26	0.00	0.00
LBC	30	24.86	24.83	24.93	25.38	0.00	0.00
LBC	31	24.73	24.97	25.02	25.27	0.00	0.00
LBC	32	24.77	24.95	25.04	25.25	0.00	0.00
LBC	33	24.85	24.85	24.94	25.36	0.00	0.00
LBC	34	24.72	24.99	25.03	25.26	0.00	0.00
LBC	35	24.77	24.94	25.05	25.23	0.00	0.00
LBC	36	24.82	24.87	24.96	25.34	0.00	0.00
LBC	37	24.71	25.00	25.04	25.25	0.00	0.00
LBC	38	24.76	24.95	25.05	25.24	0.00	0.00
LBC	39	24.81	24.89	24.96	25.34	0.00	0.00
LBC	40	24.71	25.01	25.04	25.23	0.00	0.00
LBC	41	24.75	24.98	25.06	25.22	0.00	0.00
LBC	42	24.81	24.89	24.97	25.33	0.00	0.00
LBC	43	24.68	25.02	25.07	25.23	0.00	0.00
LBC	44	24.74	24.99	25.06	25.22	0.00	0.00
LBC	45	24.79	24.92	24.96	25.32	0.00	0.00
LBC	46	24.67	25.05	25.06	25.22	0.00	0.00
LBC	47	24.72	25.00	25.07	25.21	0.00	0.00
LBC	48	24.79	24.92	25.00	25.30	0.00	0.00
LBC	49	24.68	25.04	25.07	25.20	0.00	0.00
LBC	50	24.73	25.00	25.09	25.19	0.00	0.00
LBC	51	24.79	24.93	24.99	25.29	0.00	0.00
LBC	52	24.68	25.04	25.07	25.20	0.00	0.00
LBC	53	24.73	24.99	25.06	25.22	0.00	0.00
LBC	54	24.79	24.92	25.00	25.29	0.00	0.00
LBC	55	24.66	25.06	25.08	25.20	0.00	0.00
LBC	56	24.73	25.00	25.08	25.19	0.00	0.00
LBC	57	24.79	24.92	24.99	25.29	0.00	0.00
LBC	58	24.68	25.04	25.08	25.20	0.00	0.00
LBC	59	24.71	24.99	25.09	25.20	0.00	0.00
LBC	60	24.78	24.94	25.00	25.29	0.00	0.00
LBC	61	24.70	25.03	25.08	25.19	0.00	0.00
LBC	62	24.74	24.99	25.08	25.19	0.00	0.00
LBC	63	24.81	24.92	24.99	25.28	0.00	0.00
LBC	64	24.69	25.03	25.10	25.18	0.00	0.00
LBC	65	24.73	25.00	25.10	25.17	0.00	0.00
LBC	66	24.81	24.92	25.01	25.27	0.00	0.00
LBC	67	24.70	25.03	25.09	25.19	0.00	0.00
LBC	68	24.72	25.01	25.12	25.15	0.00	0.00
LBC	69	24.79	24.94	25.03	25.24	0.00	0.00
LBC	70	24.69	25.04	25.10	25.17	0.00	0.00
LBC	71	24.73	25.02	25.10	25.14	0.00	0.00
LBC	72	24.78	24.93	25.03	25.25	0.00	0.00
LBC	73	24.70	25.03	25.10	25.17	0.00	0.00
LBC	74	24.75	25.00	25.10	25.15	0.00	0.00
LBC	75	24.79	24.94	25.01	25.26	0.00	0.00
LBC	76	24.69	25.05	25.10	25.16	0.00	0.00
LBC	77	24.75	25.00	25.08	25.17	0.00	0.00
LBC	78	24.80	24.93	25.00	25.26	0.00	0.00
LBC	79	24.72	25.02	25.07	25.20	0.00	0.00
LBC	80	24.77	24.99	25.05	25.18	0.00	0.00
LBC	81	24.47	25.28	25.23	25.03	0.00	0.00
# ACGT raw counters for last fragments. Use `grep ^LTC | cut -f 2-` to extract this part. The columns are: A,C,G,T,N base counters
LTC	877938662	881822847	884869401	895550958	6127
# Insert sizes. Use `grep ^IS | cut -f 2-` to extract this part. The columns are: insert size, pairs total, inward oriented pairs, outward oriented pairs, other pairs
IS	0	0	0	0	0
IS	1	2	0	1	1
IS	2	72	0	72	0
IS	3	106	0	106	0
IS	4	96	0	96	0
IS	5	112	0	112	0
IS	6	106	0	106	0
IS	7	129	0	129	0
IS	8	130	0	129	1
IS	9	155	0	155	0
IS	10	179	0	179	0
IS	11	165	0	165	0
IS	12	188	0	188	0
IS	13	189	0	189	0
IS	14	207	0	207	0
IS	15	219	0	219	0
IS	16	211	0	211	0
IS	17	215	0	214	1
IS	18	232	0	231	1
IS	19	847	258	589	0
IS	20	681	213	468	0
IS	21	438	94	343	1
IS	22	392	49	343	0
IS	23	373	42	331	0
IS	24	363	17	345	1
IS	25	346	18	328	0
IS	26	292	15	276	1
IS	27	351	24	327	0
IS	28	388	13	373	2
IS	29	401	36	364	1
IS	30	396	22	374	0
IS	31	422	24	397	1
IS	32	423	34	388	1
IS	33	454	19	435	0
IS	34	438	35	403	0
IS	35	476	36	440	0
IS	36	466	32	434	0
IS	37	542	46	496	0
IS	38	582	38	543	1
IS	39	562	40	518	4
IS	40	599	49	549	1
IS	41	628	46	580	2
IS	42	706	44	661	1
IS	43	780	69	709	2
IS	44	770	62	707	1
IS	45	819	49	770	0
IS	46	887	46	840	1
IS	47	996	69	925	2
IS	48	1154	90	1064	0
IS	49	1293	97	1195	1
IS	50	1451	102	1349	0
IS	51	1583	110	1470	3
IS	52	1802	135	1667	0
IS	53	2088	128	1960	0
IS	54	2388	176	2210	2
IS	55	2715	170	2545	0
IS	56	3219	213	3005	1
IS	57	3554	241	3312	1
IS	58	4169	211	3957	1
IS	59	4709	245	4464	0
IS	60	5332	265	5065	2
IS	61	6267	309	5957	1
IS	62	7288	365	6922	1
IS	63	8516	437	8078	1
IS	64	9773	475	9297	1
IS	65	11236	509	10724	3
IS	66	12934	583	12351	0
IS	67	14825	615	14208	2
IS	68	17000	766	16233	1
IS	69	19420	868	18551	1
IS	70	22003	967	21033	3
IS	71	25159	1093	24066	0
IS	72	28173	1320	26852	1
IS	73	31735	1466	30267	2
IS	74	36096	1635	34461	0
IS	75	39752	1821	37930	1
IS	76	44854	2077	42776	1
IS	77	49510	2413	47093	4
IS	78	55027	2751	52276	0
IS	79	60101	3463	56637	1
IS	80	65825	6380	59445	0
IS	81	71514	31605	39907	2
IS	82	77810	77703	103	4
IS	83	85307	85252	53	2
IS	84	91487	91462	23	2
IS	85	98358	98335	19	4
IS	86	106322	106308	12	2
IS	87	112717	112702	14	1
IS	88	120774	120768	4	2
IS	89	128124	128114	6	4
IS	90	135149	135141	7	1
IS	91	143391	143386	3	2
IS	92	150691	150686	4	1
IS	93	157595	157593	2	0
IS	94	165509	165506	2	1
IS	95	171791	171791	0	0
IS	96	179198	179196	0	2
IS	97	186264	186263	1	0
IS	98	192789	192789	0	0
IS	99	199370	199367	1	2
IS	100	206172	206167	2	3
IS	101	213290	213289	1	0
IS	102	218362	218360	2	0
IS	103	223936	223933	2	1
IS	104	229467	229465	1	1
IS	105	234132	234126	2	4
IS	106	239590	239584	4	2
IS	107	244148	244148	0	0
IS	108	248805	248802	1	2
IS	109	252361	252358	3	0
IS	110	256727	256725	1	1
IS	111	259406	259405	0	1
IS	112	262095	262093	0	2
IS	113	266306	266303	3	0
IS	114	269091	269087	2	2
IS	115	271855	271852	2	1
IS	116	274167	274165	1	1
IS	117	275602	275601	0	1
IS	118	278159	278159	0	0
IS	119	280682	280679	1	2
IS	120	283207	283203	0	4
IS	121	284502	284500	1	1
IS	122	286259	286257	1	1
IS	123	286946	286942	3	1
IS	124	287397	287397	0	0
IS	125	288506	288504	1	1
IS	126	288497	288493	1	3
IS	127	289899	289899	0	0
IS	128	291998	291997	0	1
IS	129	291519	291516	1	2
IS	130	290172	290172	0	0
IS	131	290834	290831	1	2
IS	132	290534	290533	0	1
IS	133	290987	290985	1	1
IS	134	291283	291281	1	1
IS	135	290914	290910	0	4
IS	136	289371	289371	0	0
IS	137	289114	289113	0	1
IS	138	288669	288667	1	1
IS	139	288081	288079	1	1
IS	140	287653	287651	1	1
IS	141	286394	286393	0	1
IS	142	284970	284965	2	3
IS	143	284538	284536	2	0
IS	144	283018	283018	0	0
IS	145	282190	282187	2	1
IS	146	282275	282275	0	0
IS	147	280242	280239	1	2
IS	148	278793	278792	0	1
IS	149	278523	278516	3	4
IS	150	276702	276700	1	1
IS	151	274692	274691	0	1
IS	152	273926	273920	2	4
IS	153	272984	272978	3	3
IS	154	270097	270097	0	0
IS	155	268146	268145	0	1
IS	156	267762	267762	0	0
IS	157	265753	265752	0	1
IS	158	264382	264380	0	2
IS	159	262913	262911	1	1
IS	160	261381	261380	0	1
IS	161	259619	259618	0	1
IS	162	257135	257133	0	2
IS	163	255686	255682	2	2
IS	164	254906	254905	0	1
IS	165	252074	252070	2	2
IS	166	250516	250513	1	2
IS	167	248366	248363	2	1
IS	168	246299	246298	0	1
IS	169	245183	245178	3	2
IS	170	243751	243748	1	2
IS	171	241529	241528	0	1
IS	172	239265	239262	0	3
IS	173	238517	238516	0	1
IS	174	235697	235696	1	0
IS	175	232882	232881	0	1
IS	176	232310	232305	2	3
IS	177	230486	230484	1	1
IS	178	228178	228178	0	0
IS	179	226503	226499	3	1
IS	180	225265	225265	0	0
IS	181	222691	222688	2	1
IS	182	220870	220867	0	3
IS	183	218811	218809	0	2
IS	184	216076	216074	2	0
IS	185	214376	214372	3	1
IS	186	212843	212838	3	2
IS	187	210940	210937	0	3
IS	188	209013	209012	1	0
IS	189	206752	206750	2	0
IS	190	204489	204485	4	0
IS	191	202915	202914	0	1
IS	192	201257	201256	0	1
IS	193	199507	199504	2	1
IS	194	196981	196978	1	2
IS	195	195759	195758	0	1
IS	196	193376	193376	0	0
IS	197	191077	191076	1	0
IS	198	189395	189393	2	0
IS	199	187454	187452	1	1
IS	200	185389	185384	0	5
IS	201	183214	183212	1	1
IS	202	182520	182519	1	0
IS	203	180859	180853	5	1
IS	204	178026	178022	2	2
IS	205	176487	176483	3	1
IS	206	174248	174244	4	0
IS	207	172602	172600	2	0
IS	208	170561	170560	1	0
IS	209	168868	168866	1	1
IS	210	168046	168045	1	0
IS	211	165198	165195	3	0
IS	212	163120	163118	2	0
IS	213	161552	161549	1	2
IS	214	160225	160225	0	0
IS	215	157537	157533	3	1
IS	216	157043	157042	1	0
IS	217	154882	154881	0	1
IS	218	153538	153536	1	1
IS	219	151227	151223	2	2
IS	220	149510	149509	0	1
IS	221	148676	148671	4	1
IS	222	146535	146532	0	3
IS	223	144085	144083	1	1
IS	224	143163	143161	0	2
IS	225	141654	141650	2	2
IS	226	139546	139543	2	1
IS	227	137567	137565	0	2
IS	228	136042	136041	1	0
IS	229	135138	135138	0	0
IS	230	133878	133874	3	1
IS	231	131785	131780	4	1
IS	232	130296	130295	1	0
IS	233	129115	129114	1	0
IS	234	127279	127276	2	1
IS	235	125841	125840	0	1
IS	236	125076	125075	0	1
IS	237	123568	123566	2	0
IS	238	121342	121337	4	1
IS	239	119558	119556	1	1
IS	240	117857	117855	1	1
IS	241	116890	116887	2	1
IS	242	115742	115742	0	0
IS	243	114438	114438	0	0
IS	244	113130	113127	2	1
IS	245	111547	111547	0	0
IS	246	109942	109937	3	2
IS	247	109344	109343	1	0
IS	248	107107	107106	1	0
IS	249	105986	105984	1	1
IS	250	104460	104456	4	0
IS	251	103891	103889	1	1
IS	252	102082	102081	1	0
IS	253	101025	101024	0	1
IS	254	99365	99363	1	1
IS	255	99223	99221	1	1
IS	256	97553	97550	2	1
IS	257	95394	95392	1	1
IS	258	94684	94683	1	0
IS	259	93725	93725	0	0
IS	260	92170	92166	3	1
IS	261	91412	91411	1	0
IS	262	90159	90156	1	2
IS	263	89813	89810	0	3
IS	264	88537	88535	1	1
IS	265	86699	86698	0	1
IS	266	86045	86044	1	0
IS	267	84854	84854	0	0
IS	268	83646	83645	1	0
IS	269	82662	82661	1	0
IS	270	81708	81708	0	0
IS	271	81198	81197	0	1
IS	272	79608	79608	0	0
IS	273	79031	79031	0	0
IS	274	77383	77382	0	1
IS	275	76277	76275	1	1
IS	276	75176	75175	1	0
IS	277	74811	74810	1	0
IS	278	73968	73968	0	0
IS	279	72849	72849	0	0
IS	280	72404	72402	2	0
IS	281	70957	70957	0	0
IS	282	70087	70087	0	0
IS	283	69752	69752	0	0
IS	284	68266	68265	1	0
IS	285	67847	67846	1	0
IS	286	66855	66855	0	0
IS	287	66150	66149	1	0
IS	288	65265	65265	0	0
IS	289	64653	64652	1	0
IS	290	63543	63542	1	0
IS	291	63078	63076	2	0
IS	292	62263	62263	0	0
IS	293	61316	61315	0	1
IS	294	60865	60864	0	1
IS	295	60327	60326	0	1
IS	296	58900	58899	1	0
IS	297	58327	58327	0	0
IS	298	57786	57785	1	0
IS	299	56662	56661	0	1
IS	300	56450	56450	0	0
IS	301	55632	55630	0	2
IS	302	54791	54791	0	0
IS	303	53945	53943	1	1
IS	304	53599	53599	0	0
IS	305	53139	53137	1	1
IS	306	52462	52462	0	0
IS	307	51385	51385	0	0
IS	308	50739	50739	0	0
IS	309	50541	50539	1	1
IS	310	49282	49281	0	1
IS	311	48440	48440	0	0
IS	312	48277	48275	0	2
IS	313	47649	47647	1	1
IS	314	47538	47538	0	0
IS	315	46490	46488	1	1
IS	316	45897	45896	0	1
IS	317	45604	45603	0	1
IS	318	44736	44736	0	0
IS	319	44201	44201	0	0
IS	320	44023	44023	0	0
IS	321	42824	42824	0	0
IS	322	42563	42562	1	0
IS	323	42110	42108	1	1
IS	324	41667	41666	1	0
IS	325	41123	41123	0	0
IS	326	41103	41101	2	0
IS	327	40143	40141	0	2
IS	328	39623	39623	0	0
IS	329	39013	39011	1	1
IS	330	38773	38773	0	0
IS	331	37991	37990	0	1
IS	332	37910	37909	0	1
IS	333	37294	37294	0	0
IS	334	36887	36886	1	0
IS	335	36320	36318	1	1
IS	336	35849	35849	0	0
IS	337	35389	35387	1	1
IS	338	34813	34811	1	1
IS	339	34681	34680	1	0
IS	340	34135	34133	2	0
IS	341	33712	33710	2	0
IS	342	33256	33255	0	1
IS	343	32933	32931	2	0
IS	344	32218	32217	0	1
IS	345	31963	31963	0	0
IS	346	31444	31444	0	0
IS	347	31519	31519	0	0
IS	348	30586	30586	0	0
IS	349	30440	30440	0	0
IS	350	30001	30001	0	0
IS	351	29749	29749	0	0
IS	352	29183	29182	1	0
IS	353	28925	28923	2	0
IS	354	28776	28775	0	1
IS	355	28423	28421	0	2
IS	356	27997	27996	1	0
IS	357	27345	27345	0	0
IS	358	27032	27031	1	0
IS	359	27384	27383	1	0
IS	360	26441	26438	3	0
IS	361	26408	26408	0	0
IS	362	25907	25906	1	0
IS	363	25644	25643	1	0
IS	364	25501	25500	1	0
IS	365	24987	24984	1	2
IS	366	24895	24893	2	0
IS	367	24328	24327	1	0
IS	368	24184	24181	1	2
IS	369	23841	23841	0	0
IS	370	23536	23536	0	0
IS	371	23261	23261	0	0
IS	372	22939	22937	2	0
IS	373	22914	22912	2	0
IS	374	22402	22402	0	0
IS	375	21904	21903	1	0
IS	376	22068	22066	2	0
IS	377	21448	21443	5	0
IS	378	21235	21233	1	1
IS	379	20837	20835	1	1
IS	380	21231	21231	0	0
IS	381	20174	20174	0	0
IS	382	20366	20365	1	0
IS	383	20011	20010	1	0
IS	384	19564	19564	0	0
IS	385	19601	19599	2	0
IS	386	19091	19090	1	0
IS	387	18872	18872	0	0
IS	388	18757	18755	2	0
IS	389	18239	18238	1	0
IS	390	17851	17848	1	2
IS	391	17829	17826	3	0
IS	392	17790	17790	0	0
IS	393	17743	17742	1	0
IS	394	17368	17367	1	0
IS	395	17315	17314	1	0
IS	396	16858	16858	0	0
IS	397	16689	16688	0	1
IS	398	16717	16715	1	1
IS	399	16311	16311	0	0
IS	400	16035	16034	1	0
IS	401	16084	16083	1	0
IS	402	15733	15731	2	0
IS	403	15520	15519	1	0
IS	404	15402	15402	0	0
IS	405	15168	15167	1	0
IS	406	14741	14741	0	0
IS	407	14800	14799	1	0
IS	408	14625	14622	1	2
IS	409	14604	14604	0	0
IS	410	14121	14120	1	0
IS	411	13956	13955	0	1
IS	412	14026	14025	1	0
IS	413	13743	13742	1	0
IS	414	13630	13627	3	0
IS	415	13306	13306	0	0
IS	416	12961	12960	1	0
IS	417	12961	12961	0	0
IS	418	12956	12956	0	0
IS	419	12770	12770	0	0
IS	420	12412	12411	1	0
IS	421	12399	12399	0	0
IS	422	12252	12252	0	0
IS	423	11966	11965	1	0
IS	424	11991	11990	0	1
IS	425	11943	11941	1	1
IS	426	11576	11576	0	0
IS	427	11488	11486	2	0
IS	428	11506	11504	1	1
IS	429	11312	11312	0	0
IS	430	11262	11262	0	0
IS	431	10966	10965	1	0
IS	432	10841	10841	0	0
IS	433	10525	10524	1	0
IS	434	10605	10605	0	0
IS	435	10510	10506	3	1
IS	436	10212	10212	0	0
IS	437	10170	10167	3	0
IS	438	10031	10028	3	0
IS	439	10018	10016	1	1
IS	440	9759	9758	1	0
IS	441	9729	9726	3	0
IS	442	9628	9628	0	0
IS	443	9421	9421	0	0
IS	444	9373	9371	1	1
IS	445	9194	9193	1	0
IS	446	9148	9147	1	0
IS	447	9193	9192	1	0
IS	448	8935	8932	3	0
IS	449	8742	8741	1	0
IS	450	8661	8660	0	1
IS	451	8577	8576	0	1
IS	452	8553	8552	1	0
IS	453	8356	8356	0	0
IS	454	8374	8373	1	0
IS	455	8011	8011	0	0
IS	456	8189	8188	1	0
IS	457	7905	7905	0	0
IS	458	7850	7850	0	0
IS	459	7667	7666	1	0
IS	460	7627	7624	3	0
IS	461	7498	7498	0	0
IS	462	7534	7532	2	0
IS	463	7346	7343	3	0
IS	464	7221	7221	0	0
IS	465	7367	7365	2	0
IS	466	7090	7089	1	0
IS	467	7080	7077	2	1
IS	468	6976	6976	0	0
IS	469	6773	6772	0	1
IS	470	6929	6928	1	0
IS	471	6630	6629	1	0
IS	472	6457	6457	0	0
IS	473	6640	6637	2	1
IS	474	6334	6331	3	0
IS	475	6391	6390	1	0
IS	476	6170	6169	1	0
IS	477	6198	6193	5	0
IS	478	6015	6014	0	1
IS	479	6028	6025	2	1
IS	480	5903	5902	1	0
IS	481	5874	5872	2	0
IS	482	5662	5659	2	1
IS	483	5786	5784	2	0
# Read lengths. Use `grep ^RL | cut -f 2-` to extract this part. The columns are: read length, count
RL	1	135928
RL	2	28248
RL	3	39528
RL	4	50861
RL	5	63946
RL	6	65762
RL	7	62612
RL	8	61666
RL	9	62142
RL	10	60367
RL	11	60506
RL	12	59810
RL	13	59443
RL	14	59170
RL	15	59247
RL	16	58575
RL	17	58542
RL	18	58703
RL	19	58928
RL	20	59464
RL	21	58906
RL	22	59891
RL	23	59303
RL	24	59201
RL	25	59995
RL	26	59843
RL	27	60263
RL	28	60233
RL	29	60597
RL	30	60956
RL	31	61909
RL	32	61270
RL	33	61738
RL	34	61663
RL	35	62410
RL	36	62475
RL	37	62069
RL	38	63133
RL	39	63829
RL	40	64106
RL	41	64573
RL	42	64931
RL	43	66015
RL	44	66053
RL	45	66356
RL	46	67178
RL	47	67433
RL	48	68478
RL	49	69444
RL	50	70224
RL	51	70158
RL	52	70896
RL	53	71016
RL	54	71895
RL	55	73146
RL	56	73763
RL	57	74908
RL	58	75773
RL	59	76948
RL	60	77085
RL	61	77937
RL	62	78230
RL	63	80952
RL	64	81425
RL	65	82430
RL	66	83182
RL	67	85374
RL	68	86260
RL	69	88207
RL	70	90583
RL	71	93475
RL	72	95858
RL	73	100840
RL	74	105361
RL	75	113036
RL	76	125934
RL	77	159072
RL	78	316652
RL	79	997183
RL	80	6873107
RL	81	77316045
# Read lengths - first fragments. Use `grep ^FRL | cut -f 2-` to extract this part. The columns are: read length, count
FRL	1	25299
FRL	2	5649
FRL	3	8862
FRL	4	12480
FRL	5	16685
FRL	6	17065
FRL	7	17411
FRL	8	18864
FRL	9	19288
FRL	10	19039
FRL	11	19301
FRL	12	19308
FRL	13	19629
FRL	14	19274
FRL	15	19628
FRL	16	19839
FRL	17	19568
FRL	18	19840
FRL	19	19800
FRL	20	19959
FRL	21	19968
FRL	22	20401
FRL	23	20085
FRL	24	20418
FRL	25	20640
FRL	26	20540
FRL	27	20984
FRL	28	20916
FRL	29	21158
FRL	30	21700
FRL	31	21946
FRL	32	21981
FRL	33	22476
FRL	34	22452
FRL	35	22382
FRL	36	22882
FRL	37	22619
FRL	38	23193
FRL	39	23600
FRL	40	23601
FRL	41	23914
FRL	42	23506
FRL	43	24226
FRL	44	24648
FRL	45	24858
FRL	46	25058
FRL	47	25543
FRL	48	25708
FRL	49	26147
FRL	50	26545
FRL	51	26914
FRL	52	27062
FRL	53	27217
FRL	54	27894
FRL	55	28424
FRL	56	28454
FRL	57	28848
FRL	58	29828
FRL	59	30072
FRL	60	30316
FRL	61	30636
FRL	62	30580
FRL	63	31990
FRL	64	32103
FRL	65	32736
FRL	66	33091
FRL	67	33816
FRL	68	34237
FRL	69	34839
FRL	70	36313
FRL	71	37176
FRL	72	37838
FRL	73	40323
FRL	74	42180
FRL	75	44758
FRL	76	50383
FRL	77	62178
FRL	78	126818
FRL	79	406964
FRL	80	2770330
FRL	81	40217126
# Read lengths - last fragments. Use `grep ^LRL | cut -f 2-` to extract this part. The columns are: read length, count
LRL	1	110629
LRL	2	22599
LRL	3	30666
LRL	4	38381
LRL	5	47261
LRL	6	48697
LRL	7	45201
LRL	8	42802
LRL	9	42854
LRL	10	41328
LRL	11	41205
LRL	12	40502
LRL	13	39814
LRL	14	39896
LRL	15	39619
LRL	16	38736
LRL	17	38974
LRL	18	38863
LRL	19	39128
LRL	20	39505
LRL	21	38938
LRL	22	39490
LRL	23	39218
LRL	24	38783
LRL	25	39355
LRL	26	39303
LRL	27	39279
LRL	28	39317
LRL	29	39439
LRL	30	39256
LRL	31	39963
LRL	32	39289
LRL	33	39262
LRL	34	39211
LRL	35	40028
LRL	36	39593
LRL	37	39450
LRL	38	39940
LRL	39	40229
LRL	40	40505
LRL	41	40659
LRL	42	41425
LRL	43	41789
LRL	44	41405
LRL	45	41498
LRL	46	42120
LRL	47	41890
LRL	48	42770
LRL	49	43297
LRL	50	43679
LRL	51	43244
LRL	52	43834
LRL	53	43799
LRL	54	44001
LRL	55	44722
LRL	56	45309
LRL	57	46060
LRL	58	45945
LRL	59	46876
LRL	60	46769
LRL	61	47301
LRL	62	47650
LRL	63	48962
LRL	64	49322
LRL	65	49694
LRL	66	50091
LRL	67	51558
LRL	68	52023
LRL	69	53368
LRL	70	54270
LRL	71	56299
LRL	72	58020
LRL	73	60517
LRL	74	63181
LRL	75	68278
LRL	76	75551
LRL	77	96894
LRL	78	189834
LRL	79	590219
LRL	80	4102777
LRL	81	37098919
# Mapping qualities for reads !(UNMAP|SECOND|SUPPL|QCFAIL|DUP). Use `grep ^MAPQ | cut -f 2-` to extract this part. The columns are: mapq, count
MAPQ	0	9732743
MAPQ	1	19714
MAPQ	2	8319
MAPQ	3	34681
MAPQ	4	10880
MAPQ	5	11194
MAPQ	6	15311
MAPQ	7	20748
MAPQ	8	13817
MAPQ	9	40017
MAPQ	10	14561
MAPQ	11	29531
MAPQ	12	13380
MAPQ	13	19265
MAPQ	14	10750
MAPQ	15	34382
MAPQ	16	13884
MAPQ	17	19502
MAPQ	18	17533
MAPQ	19	26670
MAPQ	20	38214
MAPQ	21	50536
MAPQ	22	60791
MAPQ	23	51863
MAPQ	24	83419
MAPQ	25	162191
MAPQ	26	4290
MAPQ	27	457640
MAPQ	28	25526
MAPQ	29	6356
MAPQ	30	25635
MAPQ	31	17237
MAPQ	32	4620
MAPQ	33	32494
MAPQ	34	9198
MAPQ	35	6568
MAPQ	36	12152
MAPQ	37	17201
MAPQ	38	4555
MAPQ	39	41605
MAPQ	40	682719
MAPQ	41	17241
MAPQ	42	30754
MAPQ	43	41887
MAPQ	44	22912
MAPQ	45	68802
MAPQ	46	75125
MAPQ	47	38872
MAPQ	48	98660
MAPQ	49	127411
MAPQ	50	70518
MAPQ	51	452250
MAPQ	52	55049
MAPQ	53	25159
MAPQ	54	62302
MAPQ	55	34764
MAPQ	56	26907
MAPQ	57	115069
MAPQ	58	36901
MAPQ	59	11345
MAPQ	60	76412379
# Indel distribution. Use `grep ^ID | cut -f 2-` to extract this part. The columns are: length, number of insertions, number of deletions
ID	1	102210	158875
ID	2	28453	42422
ID	3	15571	19694
ID	4	13237	17406
ID	5	7263	5442
ID	6	3513	5642
ID	7	1383	1603
ID	8	1548	2436
ID	9	956	1514
ID	10	1022	1599
ID	11	327	738
ID	12	731	1471
ID	13	257	448
ID	14	277	585
ID	15	202	609
ID	16	150	421
ID	17	56	230
ID	18	63	380
ID	19	38	109
ID	20	32	152
ID	21	18	130
ID	22	5	149
ID	23	13	73
ID	24	0	79
ID	25	0	15
ID	26	0	32
ID	27	0	42
ID	28	0	5
ID	29	0	2
ID	30	0	20
ID	31	0	2
ID	32	0	2
ID	34	0	3
ID	35	0	1
# Indels per cycle. Use `grep ^IC | cut -f 2-` to extract this part. The columns are: cycle, number of insertions (fwd), .. (rev) , number of deletions (fwd), .. (rev)
IC	2	0	0	0	1
IC	3	0	0	529	780
IC	4	450	573	717	877
IC	5	571	749	776	948
IC	6	647	858	848	1040
IC	7	812	983	1024	1245
IC	8	828	1026	1232	1464
IC	9	944	1081	1286	1506
IC	10	1002	1142	1367	1587
IC	11	1089	1248	1395	1598
IC	12	1063	1144	1519	1608
IC	13	1235	1199	1574	1729
IC	14	1194	1202	1761	1708
IC	15	1277	1287	1719	1833
IC	16	1249	1293	1811	1836
IC	17	1320	1369	1758	1809
IC	18	1345	1349	1880	1867
IC	19	1373	1314	1934	1927
IC	20	1358	1357	1968	2000
IC	21	1450	1332	1928	1991
IC	22	1370	1443	2017	2005
IC	23	1426	1404	2067	2029
IC	24	1426	1400	2144	2037
IC	25	1452	1429	2098	2039
IC	26	1419	1447	2133	1990
IC	27	1514	1396	2070	2068
IC	28	1460	1346	2145	2054
IC	29	1458	1388	2070	1974
IC	30	1476	1436	2070	1898
IC	31	1464	1399	2210	2005
IC	32	1530	1440	2130	2033
IC	33	1509	1455	2189	2011
IC	34	1464	1400	2109	1990
IC	35	1489	1401	2104	1941
IC	36	1496	1442	2216	2063
IC	37	1448	1361	2091	2049
IC	38	1478	1309	2087	1947
IC	39	1394	1353	2198	1950
IC	40	1484	1341	2159	2010
IC	41	1428	1379	2145	1881
IC	42	1426	1375	2115	2013
IC	43	1379	1291	2089	1972
IC	44	1432	1215	2085	1964
IC	45	1437	1294	2064	1933
IC	46	1392	1235	2079	1920
IC	47	1405	1331	2066	1974
IC	48	1434	1307	2060	1882
IC	49	1309	1279	2093	1892
IC	50	1340	1250	2079	1947
IC	51	1380	1253	2070	1920
IC	52	1335	1258	2069	1835
IC	53	1276	1301	1998	1757
IC	54	1298	1257	1959	1846
IC	55	1317	1216	2037	1771
IC	56	1309	1234	1940	1697
IC	57	1244	1203	1859	1671
IC	58	1272	1194	1964	1823
IC	59	1241	1158	1849	1784
IC	60	1285	1063	1944	1717
IC	61	1228	1164	1904	1594
IC	62	1230	1120	1928	1668
IC	63	1157	1104	1801	1667
IC	64	1186	1045	1779	1590
IC	65	1111	1018	1831	1627
IC	66	1153	963	1799	1526
IC	67	1120	935	1617	1485
IC	68	1017	855	1631	1445
IC	69	1031	847	1600	1426
IC	70	962	821	1564	1310
IC	71	974	753	1447	1266
IC	72	828	744	1454	1205
IC	73	783	651	1323	1088
IC	74	741	621	1352	1020
IC	75	651	507	1185	975
IC	76	666	493	1126	857
IC	77	527	413	962	659
IC	78	454	360	672	405
# Coverage distribution. Use `grep ^COV | cut -f 2-` to extract this part.
COV	[1-1]	1	497962793
COV	[2-2]	2	197083788
COV	[3-3]	3	63954846
COV	[4-4]	4	29040770
COV	[5-5]	5	14528803
COV	[6-6]	6	9179184
COV	[7-7]	7	6654757
COV	[8-8]	8	5345236
COV	[9-9]	9	4541324
COV	[10-10]	10	3985399
COV	[11-11]	11	3578267
COV	[12-12]	12	3247788
COV	[13-13]	13	2999421
COV	[14-14]	14	2773272
COV	[15-15]	15	2590136
COV	[16-16]	16	2421660
COV	[17-17]	17	2285380
COV	[18-18]	18	2169734
COV	[19-19]	19	2056958
COV	[20-20]	20	1959808
COV	[21-21]	21	1874720
COV	[22-22]	22	1794009
COV	[23-23]	23	1728105
COV	[24-24]	24	1667031
COV	[25-25]	25	1610003
COV	[26-26]	26	1557720
COV	[27-27]	27	1508413
COV	[28-28]	28	1466262
COV	[29-29]	29	1427830
COV	[30-30]	30	1388065
COV	[31-31]	31	1358307
COV	[32-32]	32	1326338
COV	[33-33]	33	1298729
COV	[34-34]	34	1267518
COV	[35-35]	35	1243797
COV	[36-36]	36	1216606
COV	[37-37]	37	1194508
COV	[38-38]	38	1172968
COV	[39-39]	39	1153576
COV	[40-40]	40	1132379
COV	[41-41]	41	1113378
COV	[42-42]	42	1096558
COV	[43-43]	43	1076841
COV	[44-44]	44	1060780
COV	[45-45]	45	1045989
COV	[46-46]	46	1026088
COV	[47-47]	47	1013619
COV	[48-48]	48	996013
COV	[49-49]	49	979506
COV	[50-50]	50	965481
COV	[51-51]	51	950687
COV	[52-52]	52	935503
COV	[53-53]	53	922627
COV	[54-54]	54	906391
COV	[55-55]	55	894681
COV	[56-56]	56	877641
COV	[57-57]	57	863443
COV	[58-58]	58	848944
COV	[59-59]	59	833187
COV	[60-60]	60	818638
COV	[61-61]	61	804632
COV	[62-62]	62	789698
COV	[63-63]	63	777506
COV	[64-64]	64	763189
COV	[65-65]	65	748393
COV	[66-66]	66	734484
COV	[67-67]	67	719097
COV	[68-68]	68	705933
COV	[69-69]	69	692523
COV	[70-70]	70	678369
COV	[71-71]	71	666051
COV	[72-72]	72	652871
COV	[73-73]	73	638533
COV	[74-74]	74	624870
COV	[75-75]	75	612251
COV	[76-76]	76	601633
COV	[77-77]	77	588283
COV	[78-78]	78	574380
COV	[79-79]	79	561340
COV	[80-80]	80	549776
COV	[81-81]	81	537610
COV	[82-82]	82	525308
COV	[83-83]	83	514636
COV	[84-84]	84	504341
COV	[85-85]	85	491939
COV	[86-86]	86	480580
COV	[87-87]	87	469444
COV	[88-88]	88	457892
COV	[89-89]	89	446462
COV	[90-90]	90	436041
COV	[91-91]	91	424968
COV	[92-92]	92	414643
COV	[93-93]	93	404519
COV	[94-94]	94	395427
COV	[95-95]	95	385140
COV	[96-96]	96	375956
COV	[97-97]	97	366753
COV	[98-98]	98	357677
COV	[99-99]	99	348437
COV	[100-100]	100	340345
COV	[101-101]	101	332027
COV	[102-102]	102	322989
COV	[103-103]	103	315866
COV	[104-104]	104	308951
COV	[105-105]	105	299642
COV	[106-106]	106	291031
COV	[107-107]	107	283501
COV	[108-108]	108	274722
COV	[109-109]	109	267496
COV	[110-110]	110	259794
COV	[111-111]	111	252157
COV	[112-112]	112	245572
COV	[113-113]	113	239281
COV	[114-114]	114	232892
COV	[115-115]	115	226450
COV	[116-116]	116	219983
COV	[117-117]	117	214369
COV	[118-118]	118	208599
COV	[119-119]	119	202749
COV	[120-120]	120	196392
COV	[121-121]	121	191481
COV	[122-122]	122	185922
COV	[123-123]	123	181344
COV	[124-124]	124	174956
COV	[125-125]	125	171248
COV	[126-126]	126	164522
COV	[127-127]	127	160570
COV	[128-128]	128	155589
COV	[129-129]	129	151168
COV	[130-130]	130	147413
COV	[131-131]	131	142865
COV	[132-132]	132	139245
COV	[133-133]	133	135915
COV	[134-134]	134	131649
COV	[135-135]	135	127891
COV	[136-136]	136	125022
COV	[137-137]	137	120962
COV	[138-138]	138	118021
COV	[139-139]	139	114548
COV	[140-140]	140	111245
COV	[141-141]	141	108657
COV	[142-142]	142	105320
COV	[143-143]	143	103231
COV	[144-144]	144	100005
COV	[145-145]	145	97647
COV	[146-146]	146	94311
COV	[147-147]	147	91532
COV	[148-148]	148	89708
COV	[149-149]	149	86787
COV	[150-150]	150	84362
COV	[151-151]	151	82077
COV	[152-152]	152	79367
COV	[153-153]	153	77478
COV	[154-154]	154	74829
COV	[155-155]	155	73151
COV	[156-156]	156	70870
COV	[157-157]	157	69372
COV	[158-158]	158	67248
COV	[159-159]	159	65757
COV	[160-160]	160	63564
COV	[161-161]	161	61713
COV	[162-162]	162	60340
COV	[163-163]	163	58632
COV	[164-164]	164	57063
COV	[165-165]	165	55671
COV	[166-166]	166	54372
COV	[167-167]	167	52532
COV	[168-168]	168	51402
COV	[169-169]	169	49832
COV	[170-170]	170	48565
COV	[171-171]	171	47150
COV	[172-172]	172	45927
COV	[173-173]	173	43979
COV	[174-174]	174	42061
COV	[175-175]	175	41855
COV	[176-176]	176	40970
COV	[177-177]	177	39457
COV	[178-178]	178	38536
COV	[179-179]	179	37447
COV	[180-180]	180	36450
COV	[181-181]	181	35590
COV	[182-182]	182	34625
COV	[183-183]	183	33544
COV	[184-184]	184	32754
COV	[185-185]	185	31948
COV	[186-186]	186	31020
COV	[187-187]	187	30279
COV	[188-188]	188	29295
COV	[189-189]	189	28445
COV	[190-190]	190	27917
COV	[191-191]	191	27066
COV	[192-192]	192	26292
COV	[193-193]	193	25781
COV	[194-194]	194	24792
COV	[195-195]	195	24744
COV	[196-196]	196	23873
COV	[197-197]	197	23132
COV	[198-198]	198	22829
COV	[199-199]	199	22054
COV	[200-200]	200	21038
COV	[201-201]	201	20799
COV	[202-202]	202	20347
COV	[203-203]	203	19850
COV	[204-204]	204	19439
COV	[205-205]	205	18615
COV	[206-206]	206	18262
COV	[207-207]	207	17990
COV	[208-208]	208	17188
COV	[209-209]	209	16731
COV	[210-210]	210	16531
COV	[211-211]	211	16076
COV	[212-212]	212	15842
COV	[213-213]	213	15398
COV	[214-214]	214	15161
COV	[215-215]	215	14578
COV	[216-216]	216	14239
COV	[217-217]	217	13894
COV	[218-218]	218	13362
COV	[219-219]	219	13401
COV	[220-220]	220	12937
COV	[221-221]	221	12698
COV	[222-222]	222	12424
COV	[223-223]	223	12020
COV	[224-224]	224	11782
COV	[225-225]	225	11628
COV	[226-226]	226	11391
COV	[227-227]	227	10875
COV	[228-228]	228	10600
COV	[229-229]	229	10344
COV	[230-230]	230	10109
COV	[231-231]	231	9992
COV	[232-232]	232	9869
COV	[233-233]	233	9660
COV	[234-234]	234	9117
COV	[235-235]	235	9049
COV	[236-236]	236	8774
COV	[237-237]	237	8476
COV	[238-238]	238	8408
COV	[239-239]	239	8232
COV	[240-240]	240	8021
COV	[241-241]	241	7752
COV	[242-242]	242	7718
COV	[243-243]	243	7506
COV	[244-244]	244	7349
COV	[245-245]	245	7154
COV	[246-246]	246	7094
COV	[247-247]	247	6859
COV	[248-248]	248	6659
COV	[249-249]	249	6693
COV	[250-250]	250	6517
COV	[251-251]	251	6470
COV	[252-252]	252	6233
COV	[253-253]	253	5941
COV	[254-254]	254	5882
COV	[255-255]	255	5681
COV	[256-256]	256	5482
COV	[257-257]	257	5232
COV	[258-258]	258	5209
COV	[259-259]	259	5141
COV	[260-260]	260	5244
COV	[261-261]	261	4941
COV	[262-262]	262	4976
COV	[263-263]	263	4712
COV	[264-264]	264	4725
COV	[265-265]	265	4642
COV	[266-266]	266	4457
COV	[267-267]	267	4316
COV	[268-268]	268	4189
COV	[269-269]	269	4197
COV	[270-270]	270	4041
COV	[271-271]	271	4005
COV	[272-272]	272	3951
COV	[273-273]	273	3910
COV	[274-274]	274	3788
COV	[275-275]	275	3756
COV	[276-276]	276	3708
COV	[277-277]	277	3701
COV	[278-278]	278	3552
COV	[279-279]	279	3534
COV	[280-280]	280	3412
COV	[281-281]	281	3322
COV	[282-282]	282	3250
COV	[283-283]	283	3202
COV	[284-284]	284	3113
COV	[285-285]	285	2955
COV	[286-286]	286	2985
COV	[287-287]	287	2817
COV	[288-288]	288	2964
COV	[289-289]	289	2846
COV	[290-290]	290	2758
COV	[291-291]	291	2608
COV	[292-292]	292	2665
COV	[293-293]	293	2484
COV	[294-294]	294	2571
COV	[295-295]	295	2440
COV	[296-296]	296	2372
COV	[297-297]	297	2379
COV	[298-298]	298	2277
COV	[299-299]	299	2203
COV	[300-300]	300	2313
COV	[301-301]	301	2174
COV	[302-302]	302	2138
COV	[303-303]	303	2095
COV	[304-304]	304	2008
COV	[305-305]	305	1988
COV	[306-306]	306	1975
COV	[307-307]	307	1950
COV	[308-308]	308	1860
COV	[309-309]	309	1892
COV	[310-310]	310	1718
COV	[311-311]	311	1783
COV	[312-312]	312	1692
COV	[313-313]	313	1724
COV	[314-314]	314	1666
COV	[315-315]	315	1694
COV	[316-316]	316	1769
COV	[317-317]	317	1656
COV	[318-318]	318	1729
COV	[319-319]	319	1608
COV	[320-320]	320	1590
COV	[321-321]	321	1527
COV	[322-322]	322	1524
COV	[323-323]	323	1494
COV	[324-324]	324	1450
COV	[325-325]	325	1391
COV	[326-326]	326	1308
COV	[327-327]	327	1352
COV	[328-328]	328	1377
COV	[329-329]	329	1223
COV	[330-330]	330	1219
COV	[331-331]	331	1186
COV	[332-332]	332	1187
COV	[333-333]	333	1117
COV	[334-334]	334	1086
COV	[335-335]	335	1100
COV	[336-336]	336	1054
COV	[337-337]	337	1051
COV	[338-338]	338	1067
COV	[339-339]	339	971
COV	[340-340]	340	1072
COV	[341-341]	341	953
COV	[342-342]	342	991
COV	[343-343]	343	989
COV	[344-344]	344	922
COV	[345-345]	345	871
COV	[346-346]	346	909
COV	[347-347]	347	828
COV	[348-348]	348	865
COV	[349-349]	349	854
COV	[350-350]	350	787
COV	[351-351]	351	818
COV	[352-352]	352	848
COV	[353-353]	353	775
COV	[354-354]	354	800
COV	[355-355]	355	786
COV	[356-356]	356	740
COV	[357-357]	357	762
COV	[358-358]	358	732
COV	[359-359]	359	723
COV	[360-360]	360	724
COV	[361-361]	361	647
COV	[362-362]	362	698
COV	[363-363]	363	669
COV	[364-364]	364	609
COV	[365-365]	365	606
COV	[366-366]	366	658
COV	[367-367]	367	614
COV	[368-368]	368	681
COV	[369-369]	369	685
COV	[370-370]	370	683
COV	[371-371]	371	599
COV	[372-372]	372	572
COV	[373-373]	373	603
COV	[374-374]	374	593
COV	[375-375]	375	559
COV	[376-376]	376	578
COV	[377-377]	377	550
COV	[378-378]	378	511
COV	[379-379]	379	515
COV	[380-380]	380	438
COV	[381-381]	381	484
COV	[382-382]	382	508
COV	[383-383]	383	491
COV	[384-384]	384	446
COV	[385-385]	385	489
COV	[386-386]	386	437
COV	[387-387]	387	469
COV	[388-388]	388	488
COV	[389-389]	389	467
COV	[390-390]	390	429
COV	[391-391]	391	427
COV	[392-392]	392	445
COV	[393-393]	393	460
COV	[394-394]	394	426
COV	[395-395]	395	430
COV	[396-396]	396	404
COV	[397-397]	397	394
COV	[398-398]	398	424
COV	[399-399]	399	395
COV	[400-400]	400	379
COV	[401-401]	401	412
COV	[402-402]	402	388
COV	[403-403]	403	386
COV	[404-404]	404	381
COV	[405-405]	405	385
COV	[406-406]	406	354
COV	[407-407]	407	346
COV	[408-408]	408	329
COV	[409-409]	409	352
COV	[410-410]	410	355
COV	[411-411]	411	357
COV	[412-412]	412	328
COV	[413-413]	413	354
COV	[414-414]	414	361
COV	[415-415]	415	351
COV	[416-416]	416	323
COV	[417-417]	417	382
COV	[418-418]	418	365
COV	[419-419]	419	350
COV	[420-420]	420	352
COV	[421-421]	421	323
COV	[422-422]	422	315
COV	[423-423]	423	310
COV	[424-424]	424	338
COV	[425-425]	425	342
COV	[426-426]	426	324
COV	[427-427]	427	329
COV	[428-428]	428	334
COV	[429-429]	429	331
COV	[430-430]	430	339
COV	[431-431]	431	360
COV	[432-432]	432	348
COV	[433-433]	433	321
COV	[434-434]	434	356
COV	[435-435]	435	330
COV	[436-436]	436	348
COV	[437-437]	437	318
COV	[438-438]	438	333
COV	[439-439]	439	347
COV	[440-440]	440	304
COV	[441-441]	441	370
COV	[442-442]	442	324
COV	[443-443]	443	328
COV	[444-444]	444	344
COV	[445-445]	445	334
COV	[446-446]	446	334
COV	[447-447]	447	361
COV	[448-448]	448	345
COV	[449-449]	449	313
COV	[450-450]	450	311
COV	[451-451]	451	314
COV	[452-452]	452	305
COV	[453-453]	453	316
COV	[454-454]	454	325
COV	[455-455]	455	271
COV	[456-456]	456	283
COV	[457-457]	457	281
COV	[458-458]	458	241
COV	[459-459]	459	253
COV	[460-460]	460	239
COV	[461-461]	461	269
COV	[462-462]	462	295
COV	[463-463]	463	271
COV	[464-464]	464	257
COV	[465-465]	465	258
COV	[466-466]	466	233
COV	[467-467]	467	229
COV	[468-468]	468	254
COV	[469-469]	469	281
COV	[470-470]	470	267
COV	[471-471]	471	275
COV	[472-472]	472	258
COV	[473-473]	473	270
COV	[474-474]	474	292
COV	[475-475]	475	244
COV	[476-476]	476	247
COV	[477-477]	477	228
COV	[478-478]	478	243
COV	[479-479]	479	231
COV	[480-480]	480	255
COV	[481-481]	481	249
COV	[482-482]	482	239
COV	[483-483]	483	241
COV	[484-484]	484	229
COV	[485-485]	485	252
COV	[486-486]	486	236
COV	[487-487]	487	227
COV	[488-488]	488	230
COV	[489-489]	489	211
COV	[490-490]	490	199
COV	[491-491]	491	211
COV	[492-492]	492	224
COV	[493-493]	493	203
COV	[494-494]	494	191
COV	[495-495]	495	189
COV	[496-496]	496	218
COV	[497-497]	497	199
COV	[498-498]	498	219
COV	[499-499]	499	194
COV	[500-500]	500	227
COV	[501-501]	501	223
COV	[502-502]	502	207
COV	[503-503]	503	205
COV	[504-504]	504	202
COV	[505-505]	505	174
COV	[506-506]	506	204
COV	[507-507]	507	209
COV	[508-508]	508	157
COV	[509-509]	509	175
COV	[510-510]	510	171
COV	[511-511]	511	177
COV	[512-512]	512	191
COV	[513-513]	513	171
COV	[514-514]	514	154
COV	[515-515]	515	147
COV	[516-516]	516	162
COV	[517-517]	517	148
COV	[518-518]	518	123
COV	[519-519]	519	155
COV	[520-520]	520	135
COV	[521-521]	521	147
COV	[522-522]	522	141
COV	[523-523]	523	141
COV	[524-524]	524	137
COV	[525-525]	525	138
COV	[526-526]	526	138
COV	[527-527]	527	122
COV	[528-528]	528	133
COV	[529-529]	529	153
COV	[530-530]	530	119
COV	[531-531]	531	124
COV	[532-532]	532	125
COV	[533-533]	533	124
COV	[534-534]	534	132
COV	[535-535]	535	119
COV	[536-536]	536	131
COV	[537-537]	537	120
COV	[538-538]	538	142
COV	[539-539]	539	130
COV	[540-540]	540	115
COV	[541-541]	541	121
COV	[542-542]	542	118
COV	[543-543]	543	106
COV	[544-544]	544	141
COV	[545-545]	545	139
COV	[546-546]	546	130
COV	[547-547]	547	102
COV	[548-548]	548	77
COV	[549-549]	549	106
COV	[550-550]	550	93
COV	[551-551]	551	100
COV	[552-552]	552	93
COV	[553-553]	553	100
COV	[554-554]	554	92
COV	[555-555]	555	82
COV	[556-556]	556	94
COV	[557-557]	557	98
COV	[558-558]	558	80
COV	[559-559]	559	76
COV	[560-560]	560	98
COV	[561-561]	561	87
COV	[562-562]	562	82
COV	[563-563]	563	109
COV	[564-564]	564	85
COV	[565-565]	565	110
COV	[566-566]	566	90
COV	[567-567]	567	92
COV	[568-568]	568	93
COV	[569-569]	569	94
COV	[570-570]	570	91
COV	[571-571]	571	104
COV	[572-572]	572	91
COV	[573-573]	573	92
COV	[574-574]	574	66
COV	[575-575]	575	103
COV	[576-576]	576	75
COV	[577-577]	577	84
COV	[578-578]	578	81
COV	[579-579]	579	82
COV	[580-580]	580	72
COV	[581-581]	581	91
COV	[582-582]	582	76
COV	[583-583]	583	79
COV	[584-584]	584	86
COV	[585-585]	585	80
COV	[586-586]	586	84
COV	[587-587]	587	83
COV	[588-588]	588	86
COV	[589-589]	589	80
COV	[590-590]	590	72
COV	[591-591]	591	75
COV	[592-592]	592	88
COV	[593-593]	593	59
COV	[594-594]	594	68
COV	[595-595]	595	61
COV	[596-596]	596	59
COV	[597-597]	597	66
COV	[598-598]	598	54
COV	[599-599]	599	57
COV	[600-600]	600	57
COV	[601-601]	601	53
COV	[602-602]	602	68
COV	[603-603]	603	63
COV	[604-604]	604	74
COV	[605-605]	605	59
COV	[606-606]	606	64
COV	[607-607]	607	60
COV	[608-608]	608	70
COV	[609-609]	609	63
COV	[610-610]	610	57
COV	[611-611]	611	70
COV	[612-612]	612	63
COV	[613-613]	613	64
COV	[614-614]	614	62
COV	[615-615]	615	58
COV	[616-616]	616	50
COV	[617-617]	617	52
COV	[618-618]	618	47
COV	[619-619]	619	49
COV	[620-620]	620	56
COV	[621-621]	621	56
COV	[622-622]	622	55
COV	[623-623]	623	47
COV	[624-624]	624	64
COV	[625-625]	625	51
COV	[626-626]	626	43
COV	[627-627]	627	64
COV	[628-628]	628	58
COV	[629-629]	629	48
COV	[630-630]	630	48
COV	[631-631]	631	49
COV	[632-632]	632	45
COV	[633-633]	633	50
COV	[634-634]	634	42
COV	[635-635]	635	45
COV	[636-636]	636	44
COV	[637-637]	637	58
COV	[638-638]	638	40
COV	[639-639]	639	46
COV	[640-640]	640	52
COV	[641-641]	641	47
COV	[642-642]	642	36
COV	[643-643]	643	46
COV	[644-644]	644	44
COV	[645-645]	645	42
COV	[646-646]	646	37
COV	[647-647]	647	41
COV	[648-648]	648	38
COV	[649-649]	649	56
COV	[650-650]	650	31
COV	[651-651]	651	39
COV	[652-652]	652	42
COV	[653-653]	653	47
COV	[654-654]	654	47
COV	[655-655]	655	38
COV	[656-656]	656	43
COV	[657-657]	657	34
COV	[658-658]	658	47
COV	[659-659]	659	41
COV	[660-660]	660	41
COV	[661-661]	661	38
COV	[662-662]	662	23
COV	[663-663]	663	39
COV	[664-664]	664	46
COV	[665-665]	665	32
COV	[666-666]	666	42
COV	[667-667]	667	37
COV	[668-668]	668	43
COV	[669-669]	669	35
COV	[670-670]	670	35
COV	[671-671]	671	52
COV	[672-672]	672	39
COV	[673-673]	673	39
COV	[674-674]	674	42
COV	[675-675]	675	48
COV	[676-676]	676	46
COV	[677-677]	677	35
COV	[678-678]	678	41
COV	[679-679]	679	49
COV	[680-680]	680	53
COV	[681-681]	681	48
COV	[682-682]	682	55
COV	[683-683]	683	38
COV	[684-684]	684	48
COV	[685-685]	685	35
COV	[686-686]	686	35
COV	[687-687]	687	35
COV	[688-688]	688	38
COV	[689-689]	689	44
COV	[690-690]	690	43
COV	[691-691]	691	37
COV	[692-692]	692	39
COV	[693-693]	693	35
COV	[694-694]	694	34
COV	[695-695]	695	34
COV	[696-696]	696	37
COV	[697-697]	697	38
COV	[698-698]	698	35
COV	[699-699]	699	39
COV	[700-700]	700	46
COV	[701-701]	701	35
COV	[702-702]	702	44
COV	[703-703]	703	36
COV	[704-704]	704	32
COV	[705-705]	705	41
COV	[706-706]	706	38
COV	[707-707]	707	45
COV	[708-708]	708	40
COV	[709-709]	709	40
COV	[710-710]	710	32
COV	[711-711]	711	42
COV	[712-712]	712	39
COV	[713-713]	713	34
COV	[714-714]	714	32
COV	[715-715]	715	39
COV	[716-716]	716	31
COV	[717-717]	717	39
COV	[718-718]	718	36
COV	[719-719]	719	43
COV	[720-720]	720	31
COV	[721-721]	721	28
COV	[722-722]	722	30
COV	[723-723]	723	33
COV	[724-724]	724	38
COV	[725-725]	725	28
COV	[726-726]	726	32
COV	[727-727]	727	28
COV	[728-728]	728	31
COV	[729-729]	729	22
COV	[730-730]	730	26
COV	[731-731]	731	34
COV	[732-732]	732	33
COV	[733-733]	733	30
COV	[734-734]	734	29
COV	[735-735]	735	38
COV	[736-736]	736	32
COV	[737-737]	737	43
COV	[738-738]	738	30
COV	[739-739]	739	39
COV	[740-740]	740	44
COV	[741-741]	741	33
COV	[742-742]	742	39
COV	[743-743]	743	33
COV	[744-744]	744	50
COV	[745-745]	745	40
COV	[746-746]	746	33
COV	[747-747]	747	29
COV	[748-748]	748	40
COV	[749-749]	749	37
COV	[750-750]	750	28
COV	[751-751]	751	33
COV	[752-752]	752	27
COV	[753-753]	753	33
COV	[754-754]	754	27
COV	[755-755]	755	31
COV	[756-756]	756	31
COV	[757-757]	757	34
COV	[758-758]	758	30
COV	[759-759]	759	33
COV	[760-760]	760	33
COV	[761-761]	761	40
COV	[762-762]	762	37
COV	[763-763]	763	30
COV	[764-764]	764	41
COV	[765-765]	765	43
COV	[766-766]	766	37
COV	[767-767]	767	39
COV	[768-768]	768	34
COV	[769-769]	769	36
COV	[770-770]	770	25
COV	[771-771]	771	29
COV	[772-772]	772	36
COV	[773-773]	773	35
COV	[774-774]	774	38
COV	[775-775]	775	24
COV	[776-776]	776	43
COV	[777-777]	777	33
COV	[778-778]	778	32
COV	[779-779]	779	24
COV	[780-780]	780	28
COV	[781-781]	781	27
COV	[782-782]	782	28
COV	[783-783]	783	35
COV	[784-784]	784	26
COV	[785-785]	785	24
COV	[786-786]	786	30
COV	[787-787]	787	48
COV	[788-788]	788	41
COV	[789-789]	789	39
COV	[790-790]	790	33
COV	[791-791]	791	38
COV	[792-792]	792	34
COV	[793-793]	793	43
COV	[794-794]	794	31
COV	[795-795]	795	40
COV	[796-796]	796	22
COV	[797-797]	797	24
COV	[798-798]	798	31
COV	[799-799]	799	30
COV	[800-800]	800	27
COV	[801-801]	801	31
COV	[802-802]	802	25
COV	[803-803]	803	32
COV	[804-804]	804	30
COV	[805-805]	805	30
COV	[806-806]	806	44
COV	[807-807]	807	32
COV	[808-808]	808	29
COV	[809-809]	809	29
COV	[810-810]	810	34
COV	[811-811]	811	23
COV	[812-812]	812	31
COV	[813-813]	813	33
COV	[814-814]	814	19
COV	[815-815]	815	28
COV	[816-816]	816	30
COV	[817-817]	817	27
COV	[818-818]	818	27
COV	[819-819]	819	33
COV	[820-820]	820	27
COV	[821-821]	821	32
COV	[822-822]	822	26
COV	[823-823]	823	23
COV	[824-824]	824	23
COV	[825-825]	825	28
COV	[826-826]	826	21
COV	[827-827]	827	19
COV	[828-828]	828	22
COV	[829-829]	829	27
COV	[830-830]	830	24
COV	[831-831]	831	26
COV	[832-832]	832	24
COV	[833-833]	833	31
COV	[834-834]	834	24
COV	[835-835]	835	30
COV	[836-836]	836	24
COV	[837-837]	837	37
COV	[838-838]	838	25
COV	[839-839]	839	20
COV	[840-840]	840	14
COV	[841-841]	841	24
COV	[842-842]	842	27
COV	[843-843]	843	27
COV	[844-844]	844	37
COV	[845-845]	845	28
COV	[846-846]	846	19
COV	[847-847]	847	16
COV	[848-848]	848	24
COV	[849-849]	849	24
COV	[850-850]	850	15
COV	[851-851]	851	24
COV	[852-852]	852	21
COV	[853-853]	853	19
COV	[854-854]	854	16
COV	[855-855]	855	22
COV	[856-856]	856	21
COV	[857-857]	857	17
COV	[858-858]	858	23
COV	[859-859]	859	15
COV	[860-860]	860	29
COV	[861-861]	861	20
COV	[862-862]	862	28
COV	[863-863]	863	15
COV	[864-864]	864	18
COV	[865-865]	865	18
COV	[866-866]	866	18
COV	[867-867]	867	17
COV	[868-868]	868	22
COV	[869-869]	869	20
COV	[870-870]	870	28
COV	[871-871]	871	19
COV	[872-872]	872	19
COV	[873-873]	873	19
COV	[874-874]	874	17
COV	[875-875]	875	18
COV	[876-876]	876	19
COV	[877-877]	877	8
COV	[878-878]	878	23
COV	[879-879]	879	16
COV	[880-880]	880	17
COV	[881-881]	881	10
COV	[882-882]	882	24
COV	[883-883]	883	20
COV	[884-884]	884	18
COV	[885-885]	885	9
COV	[886-886]	886	13
COV	[887-887]	887	23
COV	[888-888]	888	10
COV	[889-889]	889	18
COV	[890-890]	890	9
COV	[891-891]	891	14
COV	[892-892]	892	15
COV	[893-893]	893	9
COV	[894-894]	894	12
COV	[895-895]	895	8
COV	[896-896]	896	16
COV	[897-897]	897	7
COV	[898-898]	898	9
COV	[899-899]	899	14
COV	[900-900]	900	14
COV	[901-901]	901	10
COV	[902-902]	902	14
COV	[903-903]	903	12
COV	[904-904]	904	7
COV	[905-905]	905	14
COV	[906-906]	906	16
COV	[907-907]	907	9
COV	[908-908]	908	8
COV	[909-909]	909	11
COV	[910-910]	910	5
COV	[911-911]	911	8
COV	[912-912]	912	18
COV	[913-913]	913	17
COV	[914-914]	914	13
COV	[915-915]	915	18
COV	[916-916]	916	12
COV	[917-917]	917	10
COV	[918-918]	918	13
COV	[919-919]	919	12
COV	[920-920]	920	14
COV	[921-921]	921	8
COV	[922-922]	922	6
COV	[923-923]	923	15
COV	[924-924]	924	12
COV	[925-925]	925	9
COV	[926-926]	926	8
COV	[927-927]	927	15
COV	[928-928]	928	13
COV	[929-929]	929	10
COV	[930-930]	930	16
COV	[931-931]	931	3
COV	[932-932]	932	12
COV	[933-933]	933	14
COV	[934-934]	934	8
COV	[935-935]	935	5
COV	[936-936]	936	14
COV	[937-937]	937	8
COV	[938-938]	938	8
COV	[939-939]	939	9
COV	[940-940]	940	9
COV	[941-941]	941	8
COV	[942-942]	942	16
COV	[943-943]	943	22
COV	[944-944]	944	11
COV	[945-945]	945	16
COV	[946-946]	946	10
COV	[947-947]	947	12
COV	[948-948]	948	9
COV	[949-949]	949	12
COV	[950-950]	950	9
COV	[951-951]	951	14
COV	[952-952]	952	14
COV	[953-953]	953	10
COV	[954-954]	954	9
COV	[955-955]	955	5
COV	[956-956]	956	11
COV	[957-957]	957	11
COV	[958-958]	958	12
COV	[959-959]	959	10
COV	[960-960]	960	7
COV	[961-961]	961	8
COV	[962-962]	962	6
COV	[963-963]	963	10
COV	[964-964]	964	9
COV	[965-965]	965	8
COV	[966-966]	966	3
COV	[967-967]	967	5
COV	[968-968]	968	12
COV	[969-969]	969	10
COV	[970-970]	970	8
COV	[971-971]	971	10
COV	[972-972]	972	7
COV	[973-973]	973	3
COV	[974-974]	974	13
COV	[975-975]	975	9
COV	[976-976]	976	6
COV	[977-977]	977	7
COV	[978-978]	978	8
COV	[979-979]	979	7
COV	[980-980]	980	12
COV	[981-981]	981	9
COV	[982-982]	982	9
COV	[983-983]	983	7
COV	[984-984]	984	4
COV	[985-985]	985	5
COV	[986-986]	986	7
COV	[987-987]	987	7
COV	[988-988]	988	11
COV	[989-989]	989	2
COV	[990-990]	990	4
COV	[991-991]	991	8
COV	[992-992]	992	3
COV	[993-993]	993	3
COV	[994-994]	994	7
COV	[995-995]	995	4
COV	[996-996]	996	9
COV	[997-997]	997	6
COV	[998-998]	998	2
COV	[999-999]	999	2
COV	[1000-1000]	1000	8
COV	[1000<]	1000	2170
# GC-depth. Use `grep ^GCD | cut -f 2-` to extract this part. The columns are: GC%, unique sequence percentiles, 10th, 25th, 50th, 75th and 90th depth percentile
GCD	0.0	0.005	0.000	0.003	0.004	0.004	0.004
GCD	0.7	0.005	0.008	0.008	0.008	0.008	0.008
GCD	6.0	0.006	0.004	0.004	0.004	0.004	0.004
GCD	10.0	0.007	0.004	0.004	0.004	0.004	0.004
GCD	12.0	0.007	0.008	0.008	0.008	0.008	0.008
GCD	15.0	0.009	0.008	0.008	0.012	0.024	0.024
GCD	20.0	0.010	0.004	0.004	0.004	0.004	0.004
GCD	22.0	0.012	0.004	0.004	0.094	0.204	0.204
GCD	23.0	0.012	0.700	0.700	0.700	0.700	0.700
GCD	24.0	0.013	0.719	0.719	0.719	0.719	0.719
GCD	25.0	0.018	0.004	0.012	0.179	0.887	3.069
GCD	26.0	0.020	0.149	0.149	0.216	11.369	11.369
GCD	28.0	0.024	0.012	0.080	0.263	0.998	1.552
GCD	29.0	0.030	0.004	0.043	0.503	1.293	1.568
GCD	30.0	0.056	0.020	0.141	0.959	1.340	3.164
GCD	31.0	0.119	0.039	0.206	0.865	1.757	3.147
GCD	32.0	0.267	0.113	0.259	1.106	2.100	3.531
GCD	33.0	0.649	0.153	0.212	1.079	2.598	4.225
GCD	34.0	1.483	0.153	0.208	0.959	2.617	4.834
GCD	35.0	3.065	0.161	0.204	0.314	2.325	4.625
GCD	36.0	5.746	0.161	0.212	0.283	1.957	4.444
GCD	37.0	9.727	0.157	0.216	0.275	1.409	4.118
GCD	38.0	15.173	0.161	0.220	0.279	0.896	3.800
GCD	39.0	21.932	0.169	0.228	0.295	0.487	3.366
GCD	40.0	29.253	0.189	0.248	0.314	0.497	3.473
GCD	41.0	36.632	0.204	0.267	0.342	0.558	3.576
GCD	42.0	43.711	0.228	0.291	0.373	0.692	3.667
GCD	43.0	50.308	0.248	0.318	0.405	0.837	3.849
GCD	44.0	56.376	0.255	0.342	0.444	1.159	4.205
GCD	45.0	61.793	0.279	0.369	0.476	1.193	4.494
GCD	46.0	66.599	0.295	0.401	0.527	1.552	5.099
GCD	47.0	70.668	0.322	0.440	0.582	1.821	5.470
GCD	48.0	74.163	0.346	0.472	0.641	2.370	6.250
GCD	49.0	77.287	0.362	0.511	0.713	2.761	7.096
GCD	50.0	80.116	0.413	0.578	0.813	3.246	7.744
GCD	51.0	82.559	0.440	0.641	0.955	3.875	8.737
GCD	52.0	84.769	0.444	0.684	1.187	4.331	9.550
GCD	53.0	86.765	0.460	0.733	1.434	4.657	10.764
GCD	54.0	88.591	0.519	0.831	1.945	5.834	11.086
GCD	55.0	90.256	0.597	0.955	2.607	7.157	12.568
GCD	56.0	91.787	0.692	1.085	2.979	8.237	14.548
GCD	57.0	93.203	0.813	1.222	3.596	8.717	15.599
GCD	58.0	94.517	0.849	1.403	3.757	9.388	17.229
GCD	59.0	95.749	0.898	1.533	4.382	10.328	19.088
GCD	60.0	96.790	0.955	1.544	4.771	10.846	18.518
GCD	61.0	97.653	1.069	1.831	5.808	12.434	21.555
GCD	62.0	98.380	1.126	1.846	5.309	11.509	20.532
GCD	63.0	98.943	1.120	1.875	5.215	11.809	19.372
GCD	64.0	99.358	1.248	2.121	5.315	10.515	18.706
GCD	65.0	99.673	1.381	2.142	4.948	11.070	20.399
GCD	66.0	99.845	1.487	2.224	5.235	11.326	21.716
GCD	67.0	99.942	1.272	2.142	3.853	7.001	13.514
GCD	68.0	99.975	1.100	1.945	2.955	6.021	20.636
GCD	69.0	99.990	0.759	2.507	4.651	6.766	15.831
GCD	70.0	99.993	0.008	0.780	4.844	9.057	9.373
GCD	71.0	99.997	0.196	0.389	1.757	13.291	24.499
GCD	72.0	99.997	0.008	0.008	0.008	0.008	0.008
GCD	73.0	99.998	23.811	23.811	23.811	23.811	23.811
GCD	74.0	99.999	8.088	8.088	12.980	17.873	17.873
GCD	76.0	100.000	0.067	0.067	0.067	0.067	0.067
