chr1	248956422	8494353	100198
chr10	133797422	3528584	41274
chr11	135086622	4867487	58617
chr11_KI270721v1_random	100316	2294	27
chr12	133275309	4481395	53241
chr13	114364328	1578669	17737
chr14	107043718	2647841	31213
chr14_GL000009v2_random	201709	2594	29
chr14_GL000225v1_random	211173	15219	318
chr14_KI270722v1_random	194050	1579	15
chr14_GL000194v1_random	191469	7552	90
chr14_KI270723v1_random	38115	1576	31
chr14_KI270724v1_random	39555	954	19
chr14_KI270725v1_random	172810	1490	20
chr14_KI270726v1_random	43739	379	10
chr15	101991189	2952285	34934
chr15_KI270727v1_random	448248	4223	51
chr16	90338345	3856476	47843
chr16_KI270728v1_random	1872759	29300	420
chr17	83257441	4742527	58788
chr17_GL000205v2_random	185591	772	14
chr17_KI270729v1_random	280839	3413	44
chr17_KI270730v1_random	112551	1167	9
chr18	80373285	1386068	16211
chr19	58617616	5172077	66242
chr1_KI270706v1_random	175055	2007	15
chr1_KI270707v1_random	32032	201	2
chr1_KI270708v1_random	127682	379	5
chr1_KI270709v1_random	66860	2154	27
chr1_KI270710v1_random	40176	116	1
chr1_KI270711v1_random	42210	3256	40
chr1_KI270712v1_random	176043	3270	46
chr1_KI270713v1_random	40745	5413	80
chr1_KI270714v1_random	41717	1719	26
chr2	242193529	6124651	70790
chr20	64444167	2256910	27699
chr21	46709983	953595	11276
chr22	50818468	2103400	26331
chr22_KI270731v1_random	150754	8353	101
chr22_KI270732v1_random	41543	710	14
chr22_KI270733v1_random	179772	18544	271
chr22_KI270734v1_random	165050	10977	142
chr22_KI270735v1_random	42811	612	5
chr22_KI270736v1_random	181920	1573	30
chr22_KI270737v1_random	103838	297	6
chr22_KI270738v1_random	99375	199	4
chr22_KI270739v1_random	73985	97	2
chr2_KI270715v1_random	161471	325	6
chr2_KI270716v1_random	153799	247	1
chr3	198295559	4885808	56798
chr3_GL000221v1_random	155397	2564	29
chr4	190214555	3358922	37932
chr4_GL000008v2_random	209709	1870	26
chr5	181538259	3779837	43340
chr5_GL000208v1_random	92689	317	0
chr6	170805979	3743848	42790
chr7	159345973	4335001	51941
chr8	145138636	2946923	34047
chr9	138394717	3641944	43513
chr9_KI270717v1_random	40062	604	3
chr9_KI270718v1_random	38054	723	6
chr9_KI270719v1_random	176845	3937	36
chr9_KI270720v1_random	39050	1631	14
chr1_KI270762v1_alt	354444	16513	195
chr1_KI270766v1_alt	256271	6320	71
chr1_KI270760v1_alt	109528	608	2
chr1_KI270765v1_alt	185285	1392	14
chr1_GL383518v1_alt	182439	9345	131
chr1_GL383519v1_alt	110268	21361	259
chr1_GL383520v2_alt	366580	2296	33
chr1_KI270764v1_alt	50258	154	3
chr1_KI270763v1_alt	911658	10632	122
chr1_KI270759v1_alt	425601	6008	60
chr1_KI270761v1_alt	165834	4628	52
chr2_KI270770v1_alt	136240	438	4
chr2_KI270773v1_alt	70887	1163	13
chr2_KI270774v1_alt	223625	4217	55
chr2_KI270769v1_alt	120616	3202	35
chr2_GL383521v1_alt	143390	446	7
chr2_KI270772v1_alt	133041	1622	22
chr2_KI270775v1_alt	138019	308	0
chr2_KI270771v1_alt	110395	163	2
chr2_KI270768v1_alt	110099	866	6
chr2_GL582966v2_alt	96131	3097	32
chr2_GL383522v1_alt	123821	4375	55
chr2_KI270776v1_alt	174166	5744	71
chr2_KI270767v1_alt	161578	871	13
chr3_JH636055v2_alt	173151	3057	32
chr3_KI270783v1_alt	109187	209	1
chr3_KI270780v1_alt	224108	1978	26
chr3_GL383526v1_alt	180671	1195	12
chr3_KI270777v1_alt	173649	2919	37
chr3_KI270778v1_alt	248252	352	3
chr3_KI270781v1_alt	113034	1240	20
chr3_KI270779v1_alt	205312	48234	373
chr3_KI270782v1_alt	162429	2480	42
chr3_KI270784v1_alt	184404	2686	36
chr4_KI270790v1_alt	220246	503	6
chr4_GL383528v1_alt	376187	558	8
chr4_KI270787v1_alt	111943	252	5
chr4_GL000257v2_alt	586476	8118	77
chr4_KI270788v1_alt	158965	260	3
chr4_GL383527v1_alt	164536	3148	31
chr4_KI270785v1_alt	119912	224	3
chr4_KI270789v1_alt	205944	732	11
chr4_KI270786v1_alt	244096	568	14
chr5_KI270793v1_alt	126136	1569	19
chr5_KI270792v1_alt	179043	7476	93
chr5_KI270791v1_alt	195710	9021	117
chr5_GL383532v1_alt	82728	117	1
chr5_GL949742v1_alt	226852	396	5
chr5_KI270794v1_alt	164558	2243	33
chr5_GL339449v2_alt	1612928	23514	289
chr5_GL383530v1_alt	101241	202	1
chr5_KI270796v1_alt	172708	297	3
chr5_GL383531v1_alt	173459	301	4
chr5_KI270795v1_alt	131892	1980	21
chr6_GL000250v2_alt	4672374	38507	511
chr6_KI270800v1_alt	175808	785	7
chr6_KI270799v1_alt	152148	198	0
chr6_GL383533v1_alt	124736	794	8
chr6_KI270801v1_alt	870480	7770	74
chr6_KI270802v1_alt	75005	383	3
chr6_KB021644v2_alt	185823	656	8
chr6_KI270797v1_alt	197536	4104	43
chr6_KI270798v1_alt	271782	6382	72
chr7_KI270804v1_alt	157952	654	11
chr7_KI270809v1_alt	209586	6338	88
chr7_KI270806v1_alt	158166	2616	35
chr7_GL383534v2_alt	119183	4705	39
chr7_KI270803v1_alt	1111570	56757	692
chr7_KI270808v1_alt	271455	2237	30
chr7_KI270807v1_alt	126434	885	10
chr7_KI270805v1_alt	209988	1446	15
chr8_KI270818v1_alt	145606	1334	11
chr8_KI270812v1_alt	282736	1831	21
chr8_KI270811v1_alt	292436	1810	19
chr8_KI270821v1_alt	985506	14433	155
chr8_KI270813v1_alt	300230	11053	112
chr8_KI270822v1_alt	624492	7189	87
chr8_KI270814v1_alt	141812	731	9
chr8_KI270810v1_alt	374415	784	9
chr8_KI270819v1_alt	133535	3372	37
chr8_KI270820v1_alt	36640	383	1
chr8_KI270817v1_alt	158983	4188	58
chr8_KI270816v1_alt	305841	27733	356
chr8_KI270815v1_alt	132244	2698	26
chr9_GL383539v1_alt	162988	385	2
chr9_GL383540v1_alt	71551	2082	28
chr9_GL383541v1_alt	171286	2451	26
chr9_GL383542v1_alt	60032	484	8
chr9_KI270823v1_alt	439082	2755	29
chr10_GL383545v1_alt	179254	2063	22
chr10_KI270824v1_alt	181496	1438	12
chr10_GL383546v1_alt	309802	5811	65
chr10_KI270825v1_alt	188315	7165	87
chr11_KI270832v1_alt	210133	20655	277
chr11_KI270830v1_alt	177092	2619	32
chr11_KI270831v1_alt	296895	10801	130
chr11_KI270829v1_alt	204059	2670	34
chr11_GL383547v1_alt	154407	229	2
chr11_JH159136v1_alt	200998	4592	42
chr11_JH159137v1_alt	191409	2626	29
chr11_KI270827v1_alt	67707	406	8
chr11_KI270826v1_alt	186169	750	10
chr12_GL877875v1_alt	167313	5024	54
chr12_GL877876v1_alt	408271	7828	84
chr12_KI270837v1_alt	40090	2287	39
chr12_GL383549v1_alt	120804	224	3
chr12_KI270835v1_alt	238139	4703	47
chr12_GL383550v2_alt	169178	1133	21
chr12_GL383552v1_alt	138655	477	3
chr12_GL383553v2_alt	152874	2466	25
chr12_KI270834v1_alt	119498	10528	119
chr12_GL383551v1_alt	184319	431	8
chr12_KI270833v1_alt	76061	2812	26
chr12_KI270836v1_alt	56134	372	6
chr13_KI270840v1_alt	191684	1157	15
chr13_KI270839v1_alt	180306	1123	17
chr13_KI270843v1_alt	103832	158	1
chr13_KI270841v1_alt	169134	240	1
chr13_KI270838v1_alt	306913	3105	38
chr13_KI270842v1_alt	37287	567	3
chr14_KI270844v1_alt	322166	4886	47
chr14_KI270847v1_alt	1511111	39353	455
chr14_KI270845v1_alt	180703	2673	24
chr14_KI270846v1_alt	1351393	51073	663
chr15_KI270852v1_alt	478999	4111	42
chr15_KI270851v1_alt	263054	8738	105
chr15_KI270848v1_alt	327382	7698	90
chr15_GL383554v1_alt	296527	5752	85
chr15_KI270849v1_alt	244917	3317	57
chr15_GL383555v2_alt	388773	5947	66
chr15_KI270850v1_alt	430880	14108	178
chr16_KI270854v1_alt	134193	4812	64
chr16_KI270856v1_alt	63982	1099	13
chr16_KI270855v1_alt	232857	13075	177
chr16_KI270853v1_alt	2659700	92456	1219
chr16_GL383556v1_alt	192462	6581	76
chr16_GL383557v1_alt	89672	2396	35
chr17_GL383563v3_alt	375691	4245	42
chr17_KI270862v1_alt	391357	7443	109
chr17_KI270861v1_alt	196688	20005	247
chr17_KI270857v1_alt	2877074	99805	1235
chr17_JH159146v1_alt	278131	13311	148
chr17_JH159147v1_alt	70345	1403	14
chr17_GL383564v2_alt	133151	8132	97
chr17_GL000258v2_alt	1821992	23470	320
chr17_GL383565v1_alt	223995	434	13
chr17_KI270858v1_alt	235827	516	4
chr17_KI270859v1_alt	108763	487	7
chr17_GL383566v1_alt	90219	541	4
chr17_KI270860v1_alt	178921	5537	77
chr18_KI270864v1_alt	111737	169	1
chr18_GL383567v1_alt	289831	1316	13
chr18_GL383570v1_alt	164789	462	5
chr18_GL383571v1_alt	198278	1718	12
chr18_GL383568v1_alt	104552	213	1
chr18_GL383569v1_alt	167950	588	9
chr18_GL383572v1_alt	159547	2017	16
chr18_KI270863v1_alt	167999	3818	49
chr19_KI270868v1_alt	61734	4467	62
chr19_KI270865v1_alt	52969	4582	48
chr19_GL383573v1_alt	385657	3961	43
chr19_GL383575v2_alt	170222	2313	24
chr19_GL383576v1_alt	188024	2200	27
chr19_GL383574v1_alt	155864	2300	25
chr19_KI270866v1_alt	43156	2223	21
chr19_KI270867v1_alt	233762	4181	41
chr19_GL949746v1_alt	987716	23860	284
chr20_GL383577v2_alt	128386	628	12
chr20_KI270869v1_alt	118774	4202	57
chr20_KI270871v1_alt	58661	2007	18
chr20_KI270870v1_alt	183433	8184	121
chr21_GL383578v2_alt	63917	115	2
chr21_KI270874v1_alt	166743	338	1
chr21_KI270873v1_alt	143900	644	8
chr21_GL383579v2_alt	201197	358	3
chr21_GL383580v2_alt	74653	1803	19
chr21_GL383581v2_alt	116689	4073	37
chr21_KI270872v1_alt	82692	6435	69
chr22_KI270875v1_alt	259914	9133	94
chr22_KI270878v1_alt	186262	3306	41
chr22_KI270879v1_alt	304135	20812	275
chr22_KI270876v1_alt	263666	3604	36
chr22_KI270877v1_alt	101331	2343	36
chr22_GL383583v2_alt	96924	1277	8
chr22_GL383582v2_alt	162811	2918	39
chrX_KI270880v1_alt	284869	1758	38
chrX_KI270881v1_alt	144206	771	9
chr19_KI270882v1_alt	248807	1606	15
chr19_KI270883v1_alt	170399	1085	10
chr19_KI270884v1_alt	157053	582	12
chr19_KI270885v1_alt	171027	1666	14
chr19_KI270886v1_alt	204239	930	10
chr19_KI270887v1_alt	209512	1966	15
chr19_KI270888v1_alt	155532	895	6
chr19_KI270889v1_alt	170698	1347	13
chr19_KI270890v1_alt	184499	978	12
chr19_KI270891v1_alt	170680	1228	15
chr1_KI270892v1_alt	162212	4576	54
chr2_KI270894v1_alt	214158	3351	44
chr2_KI270893v1_alt	161218	654	12
chr3_KI270895v1_alt	162896	7782	113
chr4_KI270896v1_alt	378547	2875	33
chr5_KI270897v1_alt	1144418	14562	187
chr5_KI270898v1_alt	130957	2026	30
chr6_GL000251v2_alt	4795265	100065	1228
chr7_KI270899v1_alt	190869	1133	15
chr8_KI270901v1_alt	136959	607	7
chr8_KI270900v1_alt	318687	3010	34
chr11_KI270902v1_alt	106711	16365	240
chr11_KI270903v1_alt	214625	2996	62
chr12_KI270904v1_alt	572349	12514	148
chr15_KI270906v1_alt	196384	3123	52
chr15_KI270905v1_alt	5161414	67111	805
chr17_KI270907v1_alt	137721	1280	18
chr17_KI270910v1_alt	157099	4156	56
chr17_KI270909v1_alt	325800	9456	117
chr17_JH159148v1_alt	88070	2335	30
chr17_KI270908v1_alt	1423190	40474	477
chr18_KI270912v1_alt	174061	537	9
chr18_KI270911v1_alt	157710	1758	11
chr19_GL949747v2_alt	729520	10502	148
chr22_KB663609v1_alt	74013	2284	30
chrX_KI270913v1_alt	274009	3085	46
chr19_KI270914v1_alt	205194	786	19
chr19_KI270915v1_alt	170665	1493	17
chr19_KI270916v1_alt	184516	1191	12
chr19_KI270917v1_alt	190932	1500	8
chr19_KI270918v1_alt	123111	881	11
chr19_KI270919v1_alt	170701	1191	11
chr19_KI270920v1_alt	198005	1133	12
chr19_KI270921v1_alt	282224	1902	18
chr19_KI270922v1_alt	187935	1369	23
chr19_KI270923v1_alt	189352	811	9
chr3_KI270924v1_alt	166540	17371	179
chr4_KI270925v1_alt	555799	2239	27
chr6_GL000252v2_alt	4604811	103007	1272
chr8_KI270926v1_alt	229282	3096	39
chr11_KI270927v1_alt	218612	15131	201
chr19_GL949748v2_alt	1064304	6396	93
chr22_KI270928v1_alt	176103	3399	41
chr19_KI270929v1_alt	186203	1279	14
chr19_KI270930v1_alt	200773	901	14
chr19_KI270931v1_alt	170148	1175	15
chr19_KI270932v1_alt	215732	865	7
chr19_KI270933v1_alt	170537	903	17
chr19_GL000209v2_alt	177381	959	18
chr3_KI270934v1_alt	163458	7780	112
chr6_GL000253v2_alt	4677643	68306	862
chr19_GL949749v2_alt	1091841	6581	96
chr3_KI270935v1_alt	197351	7864	102
chr6_GL000254v2_alt	4827813	97273	1204
chr19_GL949750v2_alt	1066390	6214	106
chr3_KI270936v1_alt	164170	7908	125
chr6_GL000255v2_alt	4606388	87256	1105
chr19_GL949751v2_alt	1002683	6973	104
chr3_KI270937v1_alt	165607	7290	107
chr6_GL000256v2_alt	4929269	89982	1037
chr19_GL949752v1_alt	987100	25568	319
chr6_KI270758v1_alt	76752	459	10
chr19_GL949753v2_alt	796479	14973	195
chr19_KI270938v1_alt	1066800	27023	362
chrM	16569	32673	381
chrUn_KI270302v1	2274	2	0
chrUn_KI270304v1	2165	9	0
chrUn_KI270303v1	1942	11	0
chrUn_KI270305v1	1472	10	0
chrUn_KI270322v1	21476	25	0
chrUn_KI270320v1	4416	35	1
chrUn_KI270310v1	1201	17	0
chrUn_KI270316v1	1444	2	0
chrUn_KI270315v1	2276	7	0
chrUn_KI270312v1	998	0	0
chrUn_KI270311v1	12399	20	0
chrUn_KI270317v1	37690	3	0
chrUn_KI270412v1	1179	7	0
chrUn_KI270411v1	2646	8	0
chrUn_KI270414v1	2489	7	0
chrUn_KI270419v1	1029	3	0
chrUn_KI270418v1	2145	10	0
chrUn_KI270420v1	2321	4	0
chrUn_KI270424v1	2140	0	0
chrUn_KI270417v1	2043	6	0
chrUn_KI270422v1	1445	22	0
chrUn_KI270423v1	981	10	0
chrUn_KI270425v1	1884	2	0
chrUn_KI270429v1	1361	8	0
chrUn_KI270442v1	392061	7211	95
chrUn_KI270466v1	1233	298	3
chrUn_KI270465v1	1774	10	0
chrUn_KI270467v1	3920	1089	10
chrUn_KI270435v1	92983	364	3
chrUn_KI270438v1	112505	14316	149
chrUn_KI270468v1	4055	21	0
chrUn_KI270510v1	2415	29	0
chrUn_KI270509v1	2318	13	0
chrUn_KI270518v1	2186	22	0
chrUn_KI270508v1	1951	18	0
chrUn_KI270516v1	1300	16	0
chrUn_KI270512v1	22689	120	0
chrUn_KI270519v1	138126	614	7
chrUn_KI270522v1	5674	10	0
chrUn_KI270511v1	8127	26	1
chrUn_KI270515v1	6361	41	0
chrUn_KI270507v1	5353	33	1
chrUn_KI270517v1	3253	16	0
chrUn_KI270529v1	1899	7	1
chrUn_KI270528v1	2983	0	0
chrUn_KI270530v1	2168	2	0
chrUn_KI270539v1	993	11	0
chrUn_KI270538v1	91309	409	4
chrUn_KI270544v1	1202	2	0
chrUn_KI270548v1	1599	0	0
chrUn_KI270583v1	1400	6	0
chrUn_KI270587v1	2969	2	0
chrUn_KI270580v1	1553	8	0
chrUn_KI270581v1	7046	19	0
chrUn_KI270579v1	31033	60	1
chrUn_KI270589v1	44474	204	1
chrUn_KI270590v1	4685	42	0
chrUn_KI270584v1	4513	42	0
chrUn_KI270582v1	6504	27	0
chrUn_KI270588v1	6158	36	0
chrUn_KI270593v1	3041	13	0
chrUn_KI270591v1	5796	60	2
chrUn_KI270330v1	1652	199	3
chrUn_KI270329v1	1040	4	0
chrUn_KI270334v1	1368	7	0
chrUn_KI270333v1	2699	389	6
chrUn_KI270335v1	1048	7	0
chrUn_KI270338v1	1428	8	0
chrUn_KI270340v1	1428	20	0
chrUn_KI270336v1	1026	123	2
chrUn_KI270337v1	1121	367	1
chrUn_KI270363v1	1803	0	0
chrUn_KI270364v1	2855	1	0
chrUn_KI270362v1	3530	7	0
chrUn_KI270366v1	8320	20	0
chrUn_KI270378v1	1048	0	0
chrUn_KI270379v1	1045	0	0
chrUn_KI270389v1	1298	12	0
chrUn_KI270390v1	2387	0	0
chrUn_KI270387v1	1537	10	0
chrUn_KI270395v1	1143	9	0
chrUn_KI270396v1	1880	16	0
chrUn_KI270388v1	1216	2	0
chrUn_KI270394v1	970	4	0
chrUn_KI270386v1	1788	1	0
chrUn_KI270391v1	1484	4	0
chrUn_KI270383v1	1750	1	1
chrUn_KI270393v1	1308	3	0
chrUn_KI270384v1	1658	4	0
chrUn_KI270392v1	971	2	0
chrUn_KI270381v1	1930	3	0
chrUn_KI270385v1	990	4	0
chrUn_KI270382v1	4215	6	0
chrUn_KI270376v1	1136	0	0
chrUn_KI270374v1	2656	6	0
chrUn_KI270372v1	1650	0	0
chrUn_KI270373v1	1451	4	0
chrUn_KI270375v1	2378	4	0
chrUn_KI270371v1	2805	0	0
chrUn_KI270448v1	7992	36	0
chrUn_KI270521v1	7642	21	0
chrUn_GL000195v1	182896	864	5
chrUn_GL000219v1	179198	2940	34
chrUn_GL000220v1	161802	16846	284
chrUn_GL000224v1	179693	7944	63
chrUn_KI270741v1	157432	991	9
chrUn_GL000226v1	15008	302	1
chrUn_GL000213v1	164239	2400	33
chrUn_KI270743v1	210658	1214	19
chrUn_KI270744v1	168472	12027	136
chrUn_KI270745v1	41891	1709	27
chrUn_KI270746v1	66486	4949	31
chrUn_KI270747v1	198735	797	8
chrUn_KI270748v1	93321	410	4
chrUn_KI270749v1	158759	979	18
chrUn_KI270750v1	148850	2317	30
chrUn_KI270751v1	150742	2168	30
chrUn_KI270752v1	27745	0	0
chrUn_KI270753v1	62944	443	5
chrUn_KI270754v1	40191	2285	29
chrUn_KI270755v1	36723	41	1
chrUn_KI270756v1	79590	394	8
chrUn_KI270757v1	71251	396	3
chrUn_GL000214v1	137718	2336	36
chrUn_KI270742v1	186739	2858	25
chrUn_GL000216v2	176608	5522	96
chrUn_GL000218v1	161147	6297	62
chrX	156040895	1916321	22536
chrY	57227415	251653	2944
chrY_KI270740v1_random	37240	54	0
chr1_KQ031383v1_fix	467143	16258	171
chr1_KQ983255v1_alt	278659	8225	95
chr1_KN538361v1_fix	305542	14036	181
chr1_KQ458383v1_alt	349938	11522	175
chr1_KN196473v1_fix	166200	6033	74
chr1_KZ208904v1_alt	166136	4176	58
chr1_KN196472v1_fix	186494	1704	27
chr1_KZ208905v1_alt	140355	133	2
chr1_KQ458382v1_alt	141019	297	4
chr1_KV880763v1_alt	551020	5783	59
chr1_KN196474v1_fix	122022	1591	21
chr1_KN538360v1_fix	460100	4737	58
chr1_KZ208906v1_fix	330031	6733	95
chr1_KQ458384v1_alt	212205	4762	62
chr2_KQ031384v1_fix	481245	13930	164
chr2_KZ208907v1_alt	181658	332	4
chr2_KQ983256v1_alt	535088	11859	143
chr2_KZ208908v1_alt	140361	1835	17
chr2_KN538363v1_fix	365499	13408	170
chr2_KN538362v1_fix	208149	1728	22
chr3_KV766192v1_fix	411654	3215	42
chr3_KN196475v1_fix	451168	17773	181
chr3_KQ031385v1_fix	373699	4991	65
chr3_KN538364v1_fix	415308	2319	42
chr3_KZ208909v1_alt	175849	409	3
chr3_KQ031386v1_fix	165718	281	2
chr3_KN196476v1_fix	305979	1029	5
chr4_KQ090013v1_alt	90922	1026	6
chr4_KQ090014v1_alt	163749	211	0
chr4_KQ090015v1_alt	236512	2701	24
chr4_KV766193v1_alt	420675	7683	85
chr4_KQ983257v1_fix	230434	6208	92
chr4_KQ983258v1_alt	205407	5305	91
chr5_KZ208910v1_alt	135987	437	6
chr5_KN196477v1_alt	139087	371	4
chr5_KV575243v1_alt	362221	18112	236
chr5_KV575244v1_fix	673059	28757	387
chr6_KZ208911v1_fix	242796	6363	70
chr6_KQ090017v1_alt	82315	433	4
chr6_KQ031387v1_fix	320750	445	3
chr6_KN196478v1_fix	268330	333	5
chr6_KQ090016v1_fix	245716	4161	40
chr6_KV766194v1_fix	139427	5690	75
chr7_KV880764v1_fix	142129	2567	37
chr7_KV880765v1_fix	468267	6878	68
chr7_KZ208912v1_fix	589656	18290	210
chr7_KZ208913v1_alt	680662	42665	452
chr7_KQ031388v1_fix	179932	1392	21
chr8_KZ208915v1_fix	6367528	106498	1279
chr8_KV880767v1_fix	265876	974	12
chr8_KV880766v1_fix	156998	365	4
chr8_KZ208914v1_fix	165120	19431	260
chr9_KQ090018v1_alt	163882	442	5
chr9_KQ090019v1_alt	134099	200	1
chr9_KN196479v1_fix	330164	22245	267
chr10_KN538367v1_fix	420164	712	10
chr10_KQ090020v1_alt	185507	248	2
chr10_KN196480v1_fix	277797	5643	82
chr10_KQ090021v1_fix	264545	2488	27
chr10_KN538366v1_fix	85284	462	7
chr10_KN538365v1_fix	14347	28	0
chr11_KQ759759v1_fix	196940	17506	237
chr11_KN538368v1_alt	203552	2918	25
chr11_KV766195v1_fix	140877	1786	26
chr11_KQ090022v1_fix	181958	2401	21
chr11_KN196481v1_fix	108875	14483	162
chr12_KQ090023v1_alt	109323	993	6
chr12_KZ208916v1_fix	1046838	23538	272
chr12_KN538369v1_fix	541038	9761	120
chr12_KN196482v1_fix	211377	346	2
chr12_KZ208918v1_alt	174808	299	4
chr12_KQ759760v1_fix	315610	379	5
chr12_KZ208917v1_fix	64689	1633	14
chr12_KN538370v1_fix	86533	4724	51
chr13_KN538372v1_fix	356766	11043	146
chr13_KQ090024v1_alt	168146	269	5
chr13_KN196483v1_fix	35455	163	2
chr13_KN538373v1_fix	148762	346	2
chr13_KQ090025v1_alt	123480	846	11
chr13_KN538371v1_fix	206320	4197	60
chr14_KZ208920v1_fix	690932	66741	823
chr14_KZ208919v1_alt	171798	1519	24
chr15_KN538374v1_fix	4998962	72919	886
chr15_KQ031389v1_alt	2365364	16687	191
chr16_KQ090026v1_alt	59016	2705	38
chr16_KV880768v1_fix	1927115	80847	1062
chr16_KQ090027v1_alt	267463	4296	56
chr16_KZ208921v1_alt	78609	6642	83
chr16_KQ031390v1_alt	169136	291	7
chr17_KV766196v1_fix	281919	5554	61
chr17_KV575245v1_fix	154723	23037	301
chr17_KV766198v1_alt	276292	26884	352
chr17_KV766197v1_alt	246895	433	6
chr18_KQ458385v1_alt	205101	1867	22
chr18_KQ090028v1_fix	407387	4716	60
chr18_KZ208922v1_fix	93070	424	5
chr19_KQ458386v1_fix	405389	31446	413
chr19_KN196484v1_fix	370917	35641	422
chr19_KV575246v1_alt	163926	963	15
chr19_KV575247v1_alt	170206	871	22
chr19_KV575248v1_alt	168131	780	17
chr19_KV575249v1_alt	293522	2209	29
chr19_KV575250v1_alt	241058	1811	20
chr19_KV575251v1_alt	159285	1106	16
chr19_KV575252v1_alt	178197	836	17
chr19_KV575253v1_alt	166713	1086	8
chr19_KV575254v1_alt	99845	687	8
chr19_KV575255v1_alt	161095	1045	17
chr19_KV575256v1_alt	223118	1421	18
chr19_KV575257v1_alt	100553	367	4
chr19_KV575259v1_alt	171263	1184	10
chr19_KV575260v1_alt	145691	577	4
chr19_KV575258v1_alt	156965	844	14
chr22_KN196485v1_alt	156562	2163	25
chr22_KQ458387v1_alt	155930	2417	34
chr22_KQ458388v1_alt	174749	4651	69
chr22_KN196486v1_alt	153027	4173	38
chr22_KQ759761v1_alt	145162	3380	45
chr22_KQ759762v1_fix	101037	3980	56
chrX_KV766199v1_alt	188004	199	4
chrY_KZ208923v1_fix	48370	72	0
chrY_KZ208924v1_fix	209722	429	6
chrY_KN196487v1_fix	101150	11223	116
chr1_KZ559100v1_fix	44955	372	9
chr3_KZ559104v1_fix	105527	369	4
chr3_KZ559105v1_alt	195063	4178	36
chr3_KZ559103v1_alt	302885	3366	47
chr3_KZ559102v1_alt	197752	936	8
chr3_KZ559101v1_alt	164041	267	4
chr7_KZ559106v1_alt	172555	315	3
chr8_KZ559107v1_alt	103072	1992	18
chr11_KZ559109v1_fix	279644	15867	203
chr11_KZ559108v1_fix	305244	3049	24
chr11_KZ559111v1_alt	181167	3015	36
chr11_KZ559110v1_alt	301637	4236	49
chr12_KZ559112v1_alt	154139	437	7
chr16_KZ559113v1_fix	480415	5115	66
chr17_KZ559114v1_alt	116753	485	12
chr18_KZ559116v1_alt	163186	196	5
chr18_KZ559115v1_fix	230843	762	4
chr2_ML143342v1_fix	84043	304	5
chr2_ML143341v1_fix	145975	1047	11
chr3_ML143343v1_alt	215443	1945	27
chr4_ML143344v1_fix	235734	2892	40
chr4_ML143347v1_fix	176674	1576	26
chr4_ML143346v1_fix	53476	71	1
chr4_ML143348v1_fix	125549	182	1
chr4_ML143345v1_fix	341066	6751	63
chr4_ML143349v1_fix	276109	390	7
chr5_ML143350v1_fix	89956	4218	36
chr6_ML143351v1_fix	73265	90	0
chr7_ML143352v1_fix	254759	2775	43
chr9_ML143353v1_fix	25408	167	2
chr10_ML143354v1_fix	454963	3774	50
chr10_ML143355v1_fix	292944	10479	125
chr11_ML143358v1_fix	270122	10529	153
chr11_ML143360v1_fix	170928	6811	74
chr11_ML143359v1_fix	217075	9742	105
chr11_ML143357v1_fix	165419	578	3
chr11_ML143356v1_fix	45257	43	0
chr12_ML143362v1_fix	192531	12947	156
chr12_ML143361v1_fix	297568	9338	109
chr13_ML143366v1_fix	409912	2773	24
chr13_ML143363v1_fix	7309	0	0
chr13_ML143364v1_fix	158944	1512	17
chr13_ML143365v1_fix	65394	3168	48
chr14_ML143367v1_fix	399183	1686	16
chr14_ML143368v1_alt	264228	364	6
chr15_ML143372v1_fix	396515	1968	20
chr15_ML143371v1_fix	5500449	86947	1003
chr15_ML143370v1_fix	369264	15686	174
chr15_ML143369v1_fix	97763	4454	53
chr16_ML143373v1_fix	270967	11441	129
chr17_ML143374v1_fix	137908	18743	252
chr17_ML143375v1_fix	56695	3210	46
chr19_ML143376v1_fix	493165	35833	464
chr21_ML143377v1_fix	519485	23611	347
chr22_ML143380v1_fix	412368	4795	48
chr22_ML143378v1_fix	461303	2347	20
chr22_ML143379v1_fix	12295	86	2
chrX_ML143385v1_fix	17435	25	1
chrX_ML143382v1_fix	28824	237	2
chrX_ML143383v1_fix	68192	63	2
chrX_ML143381v1_fix	403128	2753	28
chrX_ML143384v1_fix	14678	10	0
chr1_MU273333v1_fix	1572686	108519	1324
chr1_MU273330v1_alt	516764	19747	213
chr1_MU273335v1_fix	211934	16879	213
chr1_MU273336v1_fix	250447	4039	40
chr1_MU273331v1_alt	847441	11316	100
chr1_MU273334v1_fix	210426	5735	65
chr1_MU273332v1_alt	335159	14216	158
chr2_MU273344v1_fix	244725	12735	130
chr2_MU273345v1_fix	174385	299	2
chr2_MU273343v1_fix	489404	14992	157
chr2_MU273340v1_alt	284971	8762	93
chr2_MU273337v1_alt	431782	14532	160
chr2_MU273342v1_fix	955087	26225	273
chr2_MU273339v1_alt	500581	23258	320
chr2_MU273338v1_alt	535251	8971	102
chr2_MU273341v1_fix	120381	3894	41
chr3_MU273347v1_fix	301310	6249	79
chr3_MU273348v1_fix	475876	6423	82
chr3_MU273346v1_fix	469342	5911	69
chr4_MU273351v1_fix	205691	1611	13
chr4_MU273349v1_alt	308682	5344	56
chr4_MU273350v1_fix	113364	255	1
chr5_MU273354v1_fix	2101585	25203	349
chr5_MU273353v1_fix	208405	2320	38
chr5_MU273356v1_alt	302485	3523	40
chr5_MU273355v1_fix	508332	67420	835
chr5_MU273352v1_fix	34400	522	4
chr6_MU273357v1_alt	383128	8409	118
chr7_MU273358v1_alt	464417	1078	9
chr8_MU273362v1_fix	429744	3087	33
chr8_MU273359v1_fix	150302	567	11
chr8_MU273361v1_fix	106905	5637	59
chr8_MU273363v1_fix	207371	6590	90
chr8_MU273360v1_fix	39290	805	14
chr9_MU273366v1_fix	569668	3823	53
chr9_MU273364v1_fix	340717	1899	31
chr9_MU273365v1_fix	482250	16960	174
chr10_MU273367v1_fix	196262	7727	95
chr11_KQ759759v2_fix	204999	30963	413
chr11_MU273369v1_fix	434831	9496	133
chr11_MU273371v1_fix	122722	2011	21
chr11_MU273370v1_fix	344606	6502	64
chr11_MU273368v1_alt	261194	2818	34
chr12_MU273372v1_fix	104537	11810	156
chr14_MU273373v1_fix	722645	32751	358
chr15_MU273375v1_alt	204007	10762	134
chr15_MU273374v1_fix	1154574	27166	339
chr16_MU273376v1_fix	87715	13256	181
chr16_MU273377v1_fix	334997	16380	211
chr17_MU273380v1_fix	538541	15216	161
chr17_MU273378v1_alt	372839	20462	239
chr17_MU273383v1_fix	172609	7038	97
chr17_MU273379v1_fix	234878	13572	183
chr17_MU273382v1_fix	187626	11513	164
chr17_MU273381v1_fix	144689	3110	49
chr19_MU273386v1_fix	226166	9676	131
chr19_MU273387v1_alt	89211	9040	111
chr19_MU273384v1_fix	333754	50130	605
chr19_MU273385v1_fix	137818	8144	90
chr20_MU273388v1_fix	273725	3704	38
chr20_MU273389v1_fix	355731	10840	150
chr21_MU273390v1_fix	336752	9283	104
chr21_MU273391v1_fix	1020778	8752	91
chr21_MU273392v1_fix	189707	9512	124
chr22_KQ759762v2_fix	101040	3919	51
chrX_MU273397v1_alt	330493	14105	194
chrX_MU273393v1_fix	68810	1007	11
chrX_MU273394v1_fix	140567	3215	30
chrX_MU273396v1_alt	294119	603	5
chrX_MU273395v1_alt	619716	11841	144
chrY_MU273398v1_fix	865743	18334	202
*	0	0	204780
