chr1	248956422	8183371	81193
chr10	133797422	3426141	33805
chr11	135086622	4768422	48073
chr11_KI270721v1_random	100316	2413	29
chr12	133275309	4276973	42794
chr13	114364328	1562753	15046
chr14	107043718	2589367	25404
chr14_GL000009v2_random	201709	2626	19
chr14_GL000225v1_random	211173	13233	255
chr14_KI270722v1_random	194050	2077	10
chr14_GL000194v1_random	191469	5057	59
chr14_KI270723v1_random	38115	1882	22
chr14_KI270724v1_random	39555	888	12
chr14_KI270725v1_random	172810	1345	9
chr14_KI270726v1_random	43739	447	6
chr15	101991189	2848862	28317
chr15_KI270727v1_random	448248	4776	49
chr16	90338345	3609229	37237
chr16_KI270728v1_random	1872759	16114	212
chr17	83257441	4441729	46032
chr17_GL000205v2_random	185591	1051	9
chr17_KI270729v1_random	280839	3153	25
chr17_KI270730v1_random	112551	989	16
chr18	80373285	1366949	13246
chr19	58617616	4650579	49801
chr1_KI270706v1_random	175055	2007	24
chr1_KI270707v1_random	32032	172	2
chr1_KI270708v1_random	127682	308	6
chr1_KI270709v1_random	66860	1996	15
chr1_KI270710v1_random	40176	69	0
chr1_KI270711v1_random	42210	3822	31
chr1_KI270712v1_random	176043	2957	32
chr1_KI270713v1_random	40745	8427	84
chr1_KI270714v1_random	41717	2582	36
chr2	242193529	6004161	58142
chr20	64444167	2158125	22047
chr21	46709983	943580	9563
chr22	50818468	2003523	21028
chr22_KI270731v1_random	150754	6464	75
chr22_KI270732v1_random	41543	734	5
chr22_KI270733v1_random	179772	27863	315
chr22_KI270734v1_random	165050	8674	101
chr22_KI270735v1_random	42811	549	4
chr22_KI270736v1_random	181920	1978	21
chr22_KI270737v1_random	103838	323	2
chr22_KI270738v1_random	99375	179	0
chr22_KI270739v1_random	73985	51	0
chr2_KI270715v1_random	161471	142	6
chr2_KI270716v1_random	153799	241	2
chr3	198295559	4781811	46132
chr3_GL000221v1_random	155397	2680	20
chr4	190214555	3295677	31234
chr4_GL000008v2_random	209709	2288	29
chr5	181538259	3708981	36024
chr5_GL000208v1_random	92689	191	1
chr6	170805979	3658745	35695
chr7	159345973	4141296	41709
chr8	145138636	2883906	28221
chr9	138394717	3517138	35847
chr9_KI270717v1_random	40062	383	2
chr9_KI270718v1_random	38054	511	6
chr9_KI270719v1_random	176845	3842	29
chr9_KI270720v1_random	39050	1441	18
chr1_KI270762v1_alt	354444	18059	186
chr1_KI270766v1_alt	256271	5631	59
chr1_KI270760v1_alt	109528	749	4
chr1_KI270765v1_alt	185285	1294	17
chr1_GL383518v1_alt	182439	8586	90
chr1_GL383519v1_alt	110268	19587	221
chr1_GL383520v2_alt	366580	2433	22
chr1_KI270764v1_alt	50258	159	3
chr1_KI270763v1_alt	911658	10657	107
chr1_KI270759v1_alt	425601	6348	54
chr1_KI270761v1_alt	165834	4603	51
chr2_KI270770v1_alt	136240	405	5
chr2_KI270773v1_alt	70887	1307	13
chr2_KI270774v1_alt	223625	4133	36
chr2_KI270769v1_alt	120616	3485	33
chr2_GL383521v1_alt	143390	566	2
chr2_KI270772v1_alt	133041	1604	20
chr2_KI270775v1_alt	138019	340	5
chr2_KI270771v1_alt	110395	165	1
chr2_KI270768v1_alt	110099	834	11
chr2_GL582966v2_alt	96131	3327	35
chr2_GL383522v1_alt	123821	4020	46
chr2_KI270776v1_alt	174166	5910	76
chr2_KI270767v1_alt	161578	797	7
chr3_JH636055v2_alt	173151	2592	29
chr3_KI270783v1_alt	109187	240	1
chr3_KI270780v1_alt	224108	1737	15
chr3_GL383526v1_alt	180671	1207	10
chr3_KI270777v1_alt	173649	2948	29
chr3_KI270778v1_alt	248252	287	1
chr3_KI270781v1_alt	113034	1069	8
chr3_KI270779v1_alt	205312	30609	226
chr3_KI270782v1_alt	162429	2402	29
chr3_KI270784v1_alt	184404	2871	25
chr4_KI270790v1_alt	220246	465	7
chr4_GL383528v1_alt	376187	483	4
chr4_KI270787v1_alt	111943	271	1
chr4_GL000257v2_alt	586476	8270	71
chr4_KI270788v1_alt	158965	272	3
chr4_GL383527v1_alt	164536	3320	29
chr4_KI270785v1_alt	119912	264	3
chr4_KI270789v1_alt	205944	675	8
chr4_KI270786v1_alt	244096	395	11
chr5_KI270793v1_alt	126136	1725	18
chr5_KI270792v1_alt	179043	7422	93
chr5_KI270791v1_alt	195710	9068	94
chr5_GL383532v1_alt	82728	154	2
chr5_GL949742v1_alt	226852	434	5
chr5_KI270794v1_alt	164558	2337	24
chr5_GL339449v2_alt	1612928	21574	256
chr5_GL383530v1_alt	101241	191	1
chr5_KI270796v1_alt	172708	290	0
chr5_GL383531v1_alt	173459	290	3
chr5_KI270795v1_alt	131892	2029	19
chr6_GL000250v2_alt	4672374	37350	399
chr6_KI270800v1_alt	175808	778	9
chr6_KI270799v1_alt	152148	182	2
chr6_GL383533v1_alt	124736	759	7
chr6_KI270801v1_alt	870480	8131	84
chr6_KI270802v1_alt	75005	320	0
chr6_KB021644v2_alt	185823	818	9
chr6_KI270797v1_alt	197536	4200	45
chr6_KI270798v1_alt	271782	6449	58
chr7_KI270804v1_alt	157952	840	6
chr7_KI270809v1_alt	209586	5641	52
chr7_KI270806v1_alt	158166	2536	18
chr7_GL383534v2_alt	119183	4909	57
chr7_KI270803v1_alt	1111570	59771	599
chr7_KI270808v1_alt	271455	2304	24
chr7_KI270807v1_alt	126434	932	15
chr7_KI270805v1_alt	209988	1505	19
chr8_KI270818v1_alt	145606	1457	8
chr8_KI270812v1_alt	282736	1856	22
chr8_KI270811v1_alt	292436	1932	17
chr8_KI270821v1_alt	985506	14683	154
chr8_KI270813v1_alt	300230	15430	166
chr8_KI270822v1_alt	624492	7161	56
chr8_KI270814v1_alt	141812	1077	10
chr8_KI270810v1_alt	374415	718	9
chr8_KI270819v1_alt	133535	3831	35
chr8_KI270820v1_alt	36640	459	5
chr8_KI270817v1_alt	158983	4054	49
chr8_KI270816v1_alt	305841	28709	315
chr8_KI270815v1_alt	132244	2140	25
chr9_GL383539v1_alt	162988	376	3
chr9_GL383540v1_alt	71551	2114	20
chr9_GL383541v1_alt	171286	2313	17
chr9_GL383542v1_alt	60032	355	3
chr9_KI270823v1_alt	439082	2691	18
chr10_GL383545v1_alt	179254	1992	22
chr10_KI270824v1_alt	181496	1277	17
chr10_GL383546v1_alt	309802	5811	46
chr10_KI270825v1_alt	188315	6895	74
chr11_KI270832v1_alt	210133	20497	195
chr11_KI270830v1_alt	177092	2366	43
chr11_KI270831v1_alt	296895	10770	106
chr11_KI270829v1_alt	204059	2536	28
chr11_GL383547v1_alt	154407	242	4
chr11_JH159136v1_alt	200998	4093	36
chr11_JH159137v1_alt	191409	2790	27
chr11_KI270827v1_alt	67707	353	3
chr11_KI270826v1_alt	186169	862	8
chr12_GL877875v1_alt	167313	5438	70
chr12_GL877876v1_alt	408271	7838	62
chr12_KI270837v1_alt	40090	2490	44
chr12_GL383549v1_alt	120804	263	4
chr12_KI270835v1_alt	238139	4556	43
chr12_GL383550v2_alt	169178	1180	11
chr12_GL383552v1_alt	138655	423	6
chr12_GL383553v2_alt	152874	2412	30
chr12_KI270834v1_alt	119498	10367	98
chr12_GL383551v1_alt	184319	481	3
chr12_KI270833v1_alt	76061	2914	28
chr12_KI270836v1_alt	56134	237	4
chr13_KI270840v1_alt	191684	1134	9
chr13_KI270839v1_alt	180306	1197	13
chr13_KI270843v1_alt	103832	140	0
chr13_KI270841v1_alt	169134	227	1
chr13_KI270838v1_alt	306913	3204	24
chr13_KI270842v1_alt	37287	672	4
chr14_KI270844v1_alt	322166	4605	33
chr14_KI270847v1_alt	1511111	38713	400
chr14_KI270845v1_alt	180703	3028	43
chr14_KI270846v1_alt	1351393	58534	579
chr15_KI270852v1_alt	478999	4831	52
chr15_KI270851v1_alt	263054	8057	78
chr15_KI270848v1_alt	327382	7046	65
chr15_GL383554v1_alt	296527	5738	45
chr15_KI270849v1_alt	244917	3041	33
chr15_GL383555v2_alt	388773	5840	61
chr15_KI270850v1_alt	430880	16605	178
chr16_KI270854v1_alt	134193	4309	45
chr16_KI270856v1_alt	63982	1071	14
chr16_KI270855v1_alt	232857	11923	128
chr16_KI270853v1_alt	2659700	77606	888
chr16_GL383556v1_alt	192462	6464	65
chr16_GL383557v1_alt	89672	1978	18
chr17_GL383563v3_alt	375691	4298	49
chr17_KI270862v1_alt	391357	6518	69
chr17_KI270861v1_alt	196688	17946	206
chr17_KI270857v1_alt	2877074	95663	986
chr17_JH159146v1_alt	278131	15156	147
chr17_JH159147v1_alt	70345	1712	14
chr17_GL383564v2_alt	133151	8175	76
chr17_GL000258v2_alt	1821992	21963	253
chr17_GL383565v1_alt	223995	478	3
chr17_KI270858v1_alt	235827	503	6
chr17_KI270859v1_alt	108763	430	6
chr17_GL383566v1_alt	90219	535	4
chr17_KI270860v1_alt	178921	5919	64
chr18_KI270864v1_alt	111737	141	1
chr18_GL383567v1_alt	289831	1818	9
chr18_GL383570v1_alt	164789	403	9
chr18_GL383571v1_alt	198278	1898	9
chr18_GL383568v1_alt	104552	197	2
chr18_GL383569v1_alt	167950	486	9
chr18_GL383572v1_alt	159547	2023	18
chr18_KI270863v1_alt	167999	3792	45
chr19_KI270868v1_alt	61734	3880	44
chr19_KI270865v1_alt	52969	4368	50
chr19_GL383573v1_alt	385657	3621	34
chr19_GL383575v2_alt	170222	2016	19
chr19_GL383576v1_alt	188024	2017	22
chr19_GL383574v1_alt	155864	2133	25
chr19_KI270866v1_alt	43156	2040	23
chr19_KI270867v1_alt	233762	4103	45
chr19_GL949746v1_alt	987716	22791	263
chr20_GL383577v2_alt	128386	595	9
chr20_KI270869v1_alt	118774	4273	47
chr20_KI270871v1_alt	58661	1976	23
chr20_KI270870v1_alt	183433	8346	80
chr21_GL383578v2_alt	63917	138	2
chr21_KI270874v1_alt	166743	307	2
chr21_KI270873v1_alt	143900	513	9
chr21_GL383579v2_alt	201197	330	2
chr21_GL383580v2_alt	74653	1678	15
chr21_GL383581v2_alt	116689	3354	32
chr21_KI270872v1_alt	82692	6412	68
chr22_KI270875v1_alt	259914	9561	96
chr22_KI270878v1_alt	186262	3516	51
chr22_KI270879v1_alt	304135	15630	162
chr22_KI270876v1_alt	263666	3479	35
chr22_KI270877v1_alt	101331	2084	27
chr22_GL383583v2_alt	96924	1334	11
chr22_GL383582v2_alt	162811	2430	31
chrX_KI270880v1_alt	284869	1638	25
chrX_KI270881v1_alt	144206	1765	14
chr19_KI270882v1_alt	248807	668	9
chr19_KI270883v1_alt	170399	1112	10
chr19_KI270884v1_alt	157053	565	4
chr19_KI270885v1_alt	171027	1838	7
chr19_KI270886v1_alt	204239	740	14
chr19_KI270887v1_alt	209512	1298	6
chr19_KI270888v1_alt	155532	1257	14
chr19_KI270889v1_alt	170698	1662	19
chr19_KI270890v1_alt	184499	471	5
chr19_KI270891v1_alt	170680	1332	11
chr1_KI270892v1_alt	162212	4699	49
chr2_KI270894v1_alt	214158	2406	27
chr2_KI270893v1_alt	161218	718	13
chr3_KI270895v1_alt	162896	11055	119
chr4_KI270896v1_alt	378547	2658	37
chr5_KI270897v1_alt	1144418	15152	144
chr5_KI270898v1_alt	130957	2103	22
chr6_GL000251v2_alt	4795265	95105	949
chr7_KI270899v1_alt	190869	1236	16
chr8_KI270901v1_alt	136959	569	5
chr8_KI270900v1_alt	318687	3334	37
chr11_KI270902v1_alt	106711	14336	155
chr11_KI270903v1_alt	214625	2955	48
chr12_KI270904v1_alt	572349	11948	129
chr15_KI270906v1_alt	196384	3012	53
chr15_KI270905v1_alt	5161414	66351	651
chr17_KI270907v1_alt	137721	1130	14
chr17_KI270910v1_alt	157099	3909	52
chr17_KI270909v1_alt	325800	11227	109
chr17_JH159148v1_alt	88070	1624	8
chr17_KI270908v1_alt	1423190	36910	366
chr18_KI270912v1_alt	174061	569	6
chr18_KI270911v1_alt	157710	2093	16
chr19_GL949747v2_alt	729520	9289	104
chr22_KB663609v1_alt	74013	2437	35
chrX_KI270913v1_alt	274009	3121	30
chr19_KI270914v1_alt	205194	824	10
chr19_KI270915v1_alt	170665	1809	10
chr19_KI270916v1_alt	184516	597	8
chr19_KI270917v1_alt	190932	1694	11
chr19_KI270918v1_alt	123111	907	14
chr19_KI270919v1_alt	170701	1183	9
chr19_KI270920v1_alt	198005	1358	13
chr19_KI270921v1_alt	282224	884	17
chr19_KI270922v1_alt	187935	1511	15
chr19_KI270923v1_alt	189352	943	10
chr3_KI270924v1_alt	166540	14519	130
chr4_KI270925v1_alt	555799	2220	27
chr6_GL000252v2_alt	4604811	98444	1004
chr8_KI270926v1_alt	229282	3161	28
chr11_KI270927v1_alt	218612	14931	196
chr19_GL949748v2_alt	1064304	5510	74
chr22_KI270928v1_alt	176103	3114	37
chr19_KI270929v1_alt	186203	1620	16
chr19_KI270930v1_alt	200773	733	11
chr19_KI270931v1_alt	170148	1414	14
chr19_KI270932v1_alt	215732	729	11
chr19_KI270933v1_alt	170537	858	13
chr19_GL000209v2_alt	177381	435	5
chr3_KI270934v1_alt	163458	10817	107
chr6_GL000253v2_alt	4677643	64607	680
chr19_GL949749v2_alt	1091841	5752	71
chr3_KI270935v1_alt	197351	7789	91
chr6_GL000254v2_alt	4827813	90016	930
chr19_GL949750v2_alt	1066390	5741	66
chr3_KI270936v1_alt	164170	10798	107
chr6_GL000255v2_alt	4606388	86336	939
chr19_GL949751v2_alt	1002683	5868	73
chr3_KI270937v1_alt	165607	10397	124
chr6_GL000256v2_alt	4929269	89918	958
chr19_GL949752v1_alt	987100	23964	250
chr6_KI270758v1_alt	76752	721	10
chr19_GL949753v2_alt	796479	15258	177
chr19_KI270938v1_alt	1066800	25537	264
chrM	16569	4577	48
chrUn_KI270302v1	2274	8	0
chrUn_KI270304v1	2165	0	0
chrUn_KI270303v1	1942	0	0
chrUn_KI270305v1	1472	2	0
chrUn_KI270322v1	21476	10	0
chrUn_KI270320v1	4416	25	0
chrUn_KI270310v1	1201	10	1
chrUn_KI270316v1	1444	2	0
chrUn_KI270315v1	2276	6	0
chrUn_KI270312v1	998	2	0
chrUn_KI270311v1	12399	20	1
chrUn_KI270317v1	37690	0	0
chrUn_KI270412v1	1179	4	0
chrUn_KI270411v1	2646	5	1
chrUn_KI270414v1	2489	1	0
chrUn_KI270419v1	1029	1	0
chrUn_KI270418v1	2145	1	0
chrUn_KI270420v1	2321	4	0
chrUn_KI270424v1	2140	0	0
chrUn_KI270417v1	2043	0	0
chrUn_KI270422v1	1445	2	0
chrUn_KI270423v1	981	0	0
chrUn_KI270425v1	1884	0	0
chrUn_KI270429v1	1361	5	0
chrUn_KI270442v1	392061	6236	77
chrUn_KI270466v1	1233	192	2
chrUn_KI270465v1	1774	35	0
chrUn_KI270467v1	3920	638	3
chrUn_KI270435v1	92983	292	7
chrUn_KI270438v1	112505	10078	82
chrUn_KI270468v1	4055	6	0
chrUn_KI270510v1	2415	7	0
chrUn_KI270509v1	2318	13	0
chrUn_KI270518v1	2186	17	1
chrUn_KI270508v1	1951	17	0
chrUn_KI270516v1	1300	0	0
chrUn_KI270512v1	22689	55	0
chrUn_KI270519v1	138126	425	3
chrUn_KI270522v1	5674	0	0
chrUn_KI270511v1	8127	19	0
chrUn_KI270515v1	6361	40	1
chrUn_KI270507v1	5353	20	1
chrUn_KI270517v1	3253	23	1
chrUn_KI270529v1	1899	4	0
chrUn_KI270528v1	2983	1	0
chrUn_KI270530v1	2168	1	0
chrUn_KI270539v1	993	8	1
chrUn_KI270538v1	91309	327	4
chrUn_KI270544v1	1202	6	0
chrUn_KI270548v1	1599	0	0
chrUn_KI270583v1	1400	4	0
chrUn_KI270587v1	2969	1	0
chrUn_KI270580v1	1553	8	0
chrUn_KI270581v1	7046	15	0
chrUn_KI270579v1	31033	10	0
chrUn_KI270589v1	44474	183	1
chrUn_KI270590v1	4685	40	0
chrUn_KI270584v1	4513	16	0
chrUn_KI270582v1	6504	26	0
chrUn_KI270588v1	6158	28	0
chrUn_KI270593v1	3041	8	0
chrUn_KI270591v1	5796	59	1
chrUn_KI270330v1	1652	193	2
chrUn_KI270329v1	1040	2	0
chrUn_KI270334v1	1368	2	0
chrUn_KI270333v1	2699	174	2
chrUn_KI270335v1	1048	6	0
chrUn_KI270338v1	1428	0	0
chrUn_KI270340v1	1428	2	0
chrUn_KI270336v1	1026	51	2
chrUn_KI270337v1	1121	342	3
chrUn_KI270363v1	1803	0	0
chrUn_KI270364v1	2855	4	0
chrUn_KI270362v1	3530	15	0
chrUn_KI270366v1	8320	22	0
chrUn_KI270378v1	1048	0	0
chrUn_KI270379v1	1045	0	0
chrUn_KI270389v1	1298	0	0
chrUn_KI270390v1	2387	2	0
chrUn_KI270387v1	1537	2	0
chrUn_KI270395v1	1143	6	0
chrUn_KI270396v1	1880	5	0
chrUn_KI270388v1	1216	0	0
chrUn_KI270394v1	970	0	0
chrUn_KI270386v1	1788	0	0
chrUn_KI270391v1	1484	2	0
chrUn_KI270383v1	1750	2	0
chrUn_KI270393v1	1308	0	0
chrUn_KI270384v1	1658	4	0
chrUn_KI270392v1	971	0	0
chrUn_KI270381v1	1930	0	0
chrUn_KI270385v1	990	0	0
chrUn_KI270382v1	4215	0	0
chrUn_KI270376v1	1136	0	0
chrUn_KI270374v1	2656	2	0
chrUn_KI270372v1	1650	0	0
chrUn_KI270373v1	1451	0	0
chrUn_KI270375v1	2378	0	0
chrUn_KI270371v1	2805	1	0
chrUn_KI270448v1	7992	44	0
chrUn_KI270521v1	7642	17	0
chrUn_GL000195v1	182896	790	7
chrUn_GL000219v1	179198	3216	21
chrUn_GL000220v1	161802	21055	258
chrUn_GL000224v1	179693	7548	62
chrUn_KI270741v1	157432	988	13
chrUn_GL000226v1	15008	102	0
chrUn_GL000213v1	164239	2499	19
chrUn_KI270743v1	210658	2466	27
chrUn_KI270744v1	168472	8098	79
chrUn_KI270745v1	41891	2050	12
chrUn_KI270746v1	66486	4023	25
chrUn_KI270747v1	198735	786	11
chrUn_KI270748v1	93321	571	4
chrUn_KI270749v1	158759	942	5
chrUn_KI270750v1	148850	2740	33
chrUn_KI270751v1	150742	2288	20
chrUn_KI270752v1	27745	0	0
chrUn_KI270753v1	62944	519	1
chrUn_KI270754v1	40191	1964	20
chrUn_KI270755v1	36723	64	0
chrUn_KI270756v1	79590	273	1
chrUn_KI270757v1	71251	322	3
chrUn_GL000214v1	137718	3879	39
chrUn_KI270742v1	186739	2564	21
chrUn_GL000216v2	176608	5003	69
chrUn_GL000218v1	161147	11273	100
chrX	156040895	3595427	35376
chrY	57227415	50827	749
chrY_KI270740v1_random	37240	0	0
chr1_KQ031383v1_fix	467143	15680	177
chr1_KQ983255v1_alt	278659	6478	63
chr1_KN538361v1_fix	305542	13175	152
chr1_KQ458383v1_alt	349938	10470	107
chr1_KN196473v1_fix	166200	5299	63
chr1_KZ208904v1_alt	166136	3629	30
chr1_KN196472v1_fix	186494	1736	14
chr1_KZ208905v1_alt	140355	110	1
chr1_KQ458382v1_alt	141019	313	1
chr1_KV880763v1_alt	551020	5984	50
chr1_KN196474v1_fix	122022	1282	16
chr1_KN538360v1_fix	460100	4607	52
chr1_KZ208906v1_fix	330031	8260	85
chr1_KQ458384v1_alt	212205	4110	47
chr2_KQ031384v1_fix	481245	14668	130
chr2_KZ208907v1_alt	181658	428	3
chr2_KQ983256v1_alt	535088	10775	110
chr2_KZ208908v1_alt	140361	1593	16
chr2_KN538363v1_fix	365499	11775	129
chr2_KN538362v1_fix	208149	1904	19
chr3_KV766192v1_fix	411654	3382	41
chr3_KN196475v1_fix	451168	16275	169
chr3_KQ031385v1_fix	373699	5314	65
chr3_KN538364v1_fix	415308	2247	32
chr3_KZ208909v1_alt	175849	519	8
chr3_KQ031386v1_fix	165718	178	3
chr3_KN196476v1_fix	305979	1008	8
chr4_KQ090013v1_alt	90922	1168	6
chr4_KQ090014v1_alt	163749	205	4
chr4_KQ090015v1_alt	236512	2831	27
chr4_KV766193v1_alt	420675	8044	70
chr4_KQ983257v1_fix	230434	6389	77
chr4_KQ983258v1_alt	205407	5310	76
chr5_KZ208910v1_alt	135987	483	2
chr5_KN196477v1_alt	139087	367	5
chr5_KV575243v1_alt	362221	8012	101
chr5_KV575244v1_fix	673059	25580	246
chr6_KZ208911v1_fix	242796	5830	47
chr6_KQ090017v1_alt	82315	381	4
chr6_KQ031387v1_fix	320750	390	3
chr6_KN196478v1_fix	268330	422	3
chr6_KQ090016v1_fix	245716	4068	33
chr6_KV766194v1_fix	139427	4975	44
chr7_KV880764v1_fix	142129	2107	28
chr7_KV880765v1_fix	468267	6667	55
chr7_KZ208912v1_fix	589656	18406	175
chr7_KZ208913v1_alt	680662	41615	402
chr7_KQ031388v1_fix	179932	1383	13
chr8_KZ208915v1_fix	6367528	113951	1133
chr8_KV880767v1_fix	265876	1071	9
chr8_KV880766v1_fix	156998	329	3
chr8_KZ208914v1_fix	165120	19355	189
chr9_KQ090018v1_alt	163882	461	6
chr9_KQ090019v1_alt	134099	188	5
chr9_KN196479v1_fix	330164	21621	251
chr10_KN538367v1_fix	420164	672	1
chr10_KQ090020v1_alt	185507	211	0
chr10_KN196480v1_fix	277797	5431	48
chr10_KQ090021v1_fix	264545	2430	23
chr10_KN538366v1_fix	85284	440	7
chr10_KN538365v1_fix	14347	27	0
chr11_KQ759759v1_fix	196940	18256	197
chr11_KN538368v1_alt	203552	2917	23
chr11_KV766195v1_fix	140877	1925	11
chr11_KQ090022v1_fix	181958	2470	26
chr11_KN196481v1_fix	108875	12446	118
chr12_KQ090023v1_alt	109323	843	9
chr12_KZ208916v1_fix	1046838	24673	253
chr12_KN538369v1_fix	541038	8808	78
chr12_KN196482v1_fix	211377	300	4
chr12_KZ208918v1_alt	174808	251	1
chr12_KQ759760v1_fix	315610	355	1
chr12_KZ208917v1_fix	64689	1411	14
chr12_KN538370v1_fix	86533	4383	50
chr13_KN538372v1_fix	356766	11920	142
chr13_KQ090024v1_alt	168146	255	1
chr13_KN196483v1_fix	35455	174	2
chr13_KN538373v1_fix	148762	420	1
chr13_KQ090025v1_alt	123480	1014	8
chr13_KN538371v1_fix	206320	4562	49
chr14_KZ208920v1_fix	690932	64814	709
chr14_KZ208919v1_alt	171798	1337	9
chr15_KN538374v1_fix	4998962	72447	752
chr15_KQ031389v1_alt	2365364	16360	173
chr16_KQ090026v1_alt	59016	2608	32
chr16_KV880768v1_fix	1927115	71766	773
chr16_KQ090027v1_alt	267463	4517	54
chr16_KZ208921v1_alt	78609	6432	61
chr16_KQ031390v1_alt	169136	298	3
chr17_KV766196v1_fix	281919	4976	55
chr17_KV575245v1_fix	154723	20921	219
chr17_KV766198v1_alt	276292	26892	267
chr17_KV766197v1_alt	246895	446	2
chr18_KQ458385v1_alt	205101	1895	13
chr18_KQ090028v1_fix	407387	5198	56
chr18_KZ208922v1_fix	93070	409	8
chr19_KQ458386v1_fix	405389	28500	331
chr19_KN196484v1_fix	370917	33422	330
chr19_KV575246v1_alt	163926	982	9
chr19_KV575247v1_alt	170206	1011	9
chr19_KV575248v1_alt	168131	776	10
chr19_KV575249v1_alt	293522	1336	25
chr19_KV575250v1_alt	241058	1234	19
chr19_KV575251v1_alt	159285	1411	6
chr19_KV575252v1_alt	178197	916	12
chr19_KV575253v1_alt	166713	966	11
chr19_KV575254v1_alt	99845	509	1
chr19_KV575255v1_alt	161095	1055	16
chr19_KV575256v1_alt	223118	442	3
chr19_KV575257v1_alt	100553	403	0
chr19_KV575259v1_alt	171263	1484	12
chr19_KV575260v1_alt	145691	631	9
chr19_KV575258v1_alt	156965	515	4
chr22_KN196485v1_alt	156562	1991	30
chr22_KQ458387v1_alt	155930	1924	24
chr22_KQ458388v1_alt	174749	4422	45
chr22_KN196486v1_alt	153027	4782	52
chr22_KQ759761v1_alt	145162	3887	40
chr22_KQ759762v1_fix	101037	4123	43
chrX_KV766199v1_alt	188004	379	3
chrY_KZ208923v1_fix	48370	0	0
chrY_KZ208924v1_fix	209722	2	0
chrY_KN196487v1_fix	101150	6339	52
chr1_KZ559100v1_fix	44955	393	4
chr3_KZ559104v1_fix	105527	279	2
chr3_KZ559105v1_alt	195063	4188	31
chr3_KZ559103v1_alt	302885	3743	28
chr3_KZ559102v1_alt	197752	1042	8
chr3_KZ559101v1_alt	164041	213	1
chr7_KZ559106v1_alt	172555	298	4
chr8_KZ559107v1_alt	103072	1920	19
chr11_KZ559109v1_fix	279644	13154	154
chr11_KZ559108v1_fix	305244	3252	33
chr11_KZ559111v1_alt	181167	2777	34
chr11_KZ559110v1_alt	301637	4410	37
chr12_KZ559112v1_alt	154139	422	4
chr16_KZ559113v1_fix	480415	4927	59
chr17_KZ559114v1_alt	116753	425	6
chr18_KZ559116v1_alt	163186	269	0
chr18_KZ559115v1_fix	230843	852	5
chr2_ML143342v1_fix	84043	296	4
chr2_ML143341v1_fix	145975	1020	6
chr3_ML143343v1_alt	215443	1708	30
chr4_ML143344v1_fix	235734	2820	31
chr4_ML143347v1_fix	176674	1659	13
chr4_ML143346v1_fix	53476	84	0
chr4_ML143348v1_fix	125549	186	1
chr4_ML143345v1_fix	341066	6612	60
chr4_ML143349v1_fix	276109	440	1
chr5_ML143350v1_fix	89956	3738	44
chr6_ML143351v1_fix	73265	106	0
chr7_ML143352v1_fix	254759	3268	29
chr9_ML143353v1_fix	25408	213	1
chr10_ML143354v1_fix	454963	3545	32
chr10_ML143355v1_fix	292944	9636	100
chr11_ML143358v1_fix	270122	11298	113
chr11_ML143360v1_fix	170928	6172	65
chr11_ML143359v1_fix	217075	8982	112
chr11_ML143357v1_fix	165419	639	5
chr11_ML143356v1_fix	45257	67	0
chr12_ML143362v1_fix	192531	12945	139
chr12_ML143361v1_fix	297568	9828	122
chr13_ML143366v1_fix	409912	1980	25
chr13_ML143363v1_fix	7309	0	0
chr13_ML143364v1_fix	158944	1559	18
chr13_ML143365v1_fix	65394	3368	36
chr14_ML143367v1_fix	399183	1568	14
chr14_ML143368v1_alt	264228	401	1
chr15_ML143372v1_fix	396515	1948	21
chr15_ML143371v1_fix	5500449	91073	922
chr15_ML143370v1_fix	369264	15351	147
chr15_ML143369v1_fix	97763	4823	48
chr16_ML143373v1_fix	270967	10592	108
chr17_ML143374v1_fix	137908	17614	183
chr17_ML143375v1_fix	56695	3073	45
chr19_ML143376v1_fix	493165	31895	337
chr21_ML143377v1_fix	519485	28977	315
chr22_ML143380v1_fix	412368	3971	26
chr22_ML143378v1_fix	461303	1869	21
chr22_ML143379v1_fix	12295	53	0
chrX_ML143385v1_fix	17435	14	0
chrX_ML143382v1_fix	28824	355	4
chrX_ML143383v1_fix	68192	115	1
chrX_ML143381v1_fix	403128	5186	53
chrX_ML143384v1_fix	14678	13	1
chr1_MU273333v1_fix	1572686	115951	1161
chr1_MU273330v1_alt	516764	19303	170
chr1_MU273335v1_fix	211934	16238	183
chr1_MU273336v1_fix	250447	4131	37
chr1_MU273331v1_alt	847441	11405	101
chr1_MU273334v1_fix	210426	5398	56
chr1_MU273332v1_alt	335159	14886	137
chr2_MU273344v1_fix	244725	12779	104
chr2_MU273345v1_fix	174385	349	1
chr2_MU273343v1_fix	489404	14717	143
chr2_MU273340v1_alt	284971	8055	78
chr2_MU273337v1_alt	431782	14969	167
chr2_MU273342v1_fix	955087	26306	245
chr2_MU273339v1_alt	500581	23859	248
chr2_MU273338v1_alt	535251	8630	86
chr2_MU273341v1_fix	120381	4567	42
chr3_MU273347v1_fix	301310	5556	57
chr3_MU273348v1_fix	475876	6224	65
chr3_MU273346v1_fix	469342	6119	74
chr4_MU273351v1_fix	205691	1594	9
chr4_MU273349v1_alt	308682	4567	45
chr4_MU273350v1_fix	113364	243	1
chr5_MU273354v1_fix	2101585	24165	261
chr5_MU273353v1_fix	208405	2344	36
chr5_MU273356v1_alt	302485	3667	33
chr5_MU273355v1_fix	508332	70460	676
chr5_MU273352v1_fix	34400	450	3
chr6_MU273357v1_alt	383128	7936	72
chr7_MU273358v1_alt	464417	1083	14
chr8_MU273362v1_fix	429744	2883	22
chr8_MU273359v1_fix	150302	529	5
chr8_MU273361v1_fix	106905	5219	48
chr8_MU273363v1_fix	207371	7052	64
chr8_MU273360v1_fix	39290	806	5
chr9_MU273366v1_fix	569668	3398	35
chr9_MU273364v1_fix	340717	1844	19
chr9_MU273365v1_fix	482250	16194	141
chr10_MU273367v1_fix	196262	7599	68
chr11_KQ759759v2_fix	204999	30752	338
chr11_MU273369v1_fix	434831	9700	130
chr11_MU273371v1_fix	122722	2182	29
chr11_MU273370v1_fix	344606	7142	56
chr11_MU273368v1_alt	261194	2998	29
chr12_MU273372v1_fix	104537	10426	127
chr14_MU273373v1_fix	722645	32761	315
chr15_MU273375v1_alt	204007	10647	124
chr15_MU273374v1_fix	1154574	25829	272
chr16_MU273376v1_fix	87715	13095	137
chr16_MU273377v1_fix	334997	14038	144
chr17_MU273380v1_fix	538541	13437	130
chr17_MU273378v1_alt	372839	20156	201
chr17_MU273383v1_fix	172609	6593	78
chr17_MU273379v1_fix	234878	12764	140
chr17_MU273382v1_fix	187626	11129	127
chr17_MU273381v1_fix	144689	3377	31
chr19_MU273386v1_fix	226166	8644	104
chr19_MU273387v1_alt	89211	8405	80
chr19_MU273384v1_fix	333754	48111	466
chr19_MU273385v1_fix	137818	7330	74
chr20_MU273388v1_fix	273725	3497	26
chr20_MU273389v1_fix	355731	9876	110
chr21_MU273390v1_fix	336752	8794	67
chr21_MU273391v1_fix	1020778	8862	71
chr21_MU273392v1_fix	189707	10128	101
chr22_KQ759762v2_fix	101040	3886	43
chrX_MU273397v1_alt	330493	24273	265
chrX_MU273393v1_fix	68810	1954	22
chrX_MU273394v1_fix	140567	5650	61
chrX_MU273396v1_alt	294119	996	12
chrX_MU273395v1_alt	619716	23997	220
chrY_MU273398v1_fix	865743	3	0
*	0	0	192256
