## htsjdk.samtools.metrics.StringHeader
# CollectOxoGMetrics --INPUT post_aligned/ERR2828406_fixed_sorted.bam --OUTPUT metrics/ERR2828406_OxoGMetrics.txt --REFERENCE_SEQUENCE ../ref/hg38.p14.fa --MINIMUM_QUALITY_SCORE 20 --MINIMUM_MAPPING_QUALITY 30 --MINIMUM_INSERT_SIZE 60 --MAXIMUM_INSERT_SIZE 600 --INCLUDE_NON_PF_READS true --USE_OQ true --CONTEXT_SIZE 1 --STOP_AFTER 2147483647 --VERBOSITY INFO --QUIET false --VALIDATION_STRINGENCY STRICT --COMPRESSION_LEVEL 2 --MAX_RECORDS_IN_RAM 500000 --CREATE_INDEX false --CREATE_MD5_FILE false --GA4GH_CLIENT_SECRETS client_secrets.json --help false --version false --showHidden false --USE_JDK_DEFLATER false --USE_JDK_INFLATER false
## htsjdk.samtools.metrics.StringHeader
# Started on: Tue Jul 01 11:09:05 EDT 2025

## METRICS CLASS	picard.analysis.CollectOxoGMetrics$CpcgMetrics
SAMPLE_ALIAS	LIBRARY	CONTEXT	TOTAL_SITES	TOTAL_BASES	REF_NONOXO_BASES	REF_OXO_BASES	REF_TOTAL_BASES	ALT_NONOXO_BASES	ALT_OXO_BASES	OXIDATION_ERROR_RATE	OXIDATION_Q	C_REF_REF_BASES	G_REF_REF_BASES	C_REF_ALT_BASES	G_REF_ALT_BASES	C_REF_OXO_ERROR_RATE	C_REF_OXO_Q	G_REF_OXO_ERROR_RATE	G_REF_OXO_Q
ERR2828406	1	CCA	30371145	251913744	126906802	124944187	251850989	28889	33866	0.00002	47.042842	125009740	126841249	37244	25511	0.000097	40.143263	0	100
ERR2828406	1	ACC	18921855	162665487	81566681	81051053	162617734	22470	25283	0.000017	47.621257	81405957	81211777	28130	19623	0.000104	39.835366	0	100
ERR2828406	1	CCC	24505306	224431283	113322648	111051295	224373943	28141	29199	0.000005	53.265977	112851360	111522583	32379	24961	0.000063	42.002124	0	100
ERR2828406	1	GCA	23467438	197387932	98179010	99142808	197321818	30818	35296	0.000023	46.442365	98030685	99291133	39778	26336	0.00014	38.525201	0	100
ERR2828406	1	TCT	31729396	226848292	114497976	112302871	226800847	22413	25032	0.000012	49.376	114879491	111921356	28695	18750	0.000082	40.850182	0	100
ERR2828406	1	ACG	4434260	56357149	28183857	28149310	56333167	11048	12934	0.000033	44.754073	28020690	28312477	14061	9921	0.000151	38.202531	0	100
ERR2828406	1	CCG	5590330	81111475	40574892	40502956	81077848	15689	17938	0.000028	45.570928	40641351	40436497	19774	13853	0.000144	38.421114	0	100
ERR2828406	1	GCC	21889213	205138939	102854128	102228485	205082613	25900	30426	0.000022	46.563336	102707461	102375152	35067	21259	0.000134	38.738855	0	100
ERR2828406	1	GCG	4804214	68609765	34130768	34447611	68578379	14644	16742	0.000031	45.145804	34376265	34202114	17838	13548	0.000123	39.11239	0	100
ERR2828406	1	ACT	23028894	158750179	79567003	79145882	158712885	16581	20713	0.000026	45.845539	79463741	79249144	23229	14065	0.000115	39.400967	0	100
ERR2828406	1	TCA	28409371	205213965	103048122	102111357	205159479	26250	28236	0.00001	50.142277	102005816	103153663	32829	21657	0.000112	39.514564	0	100
ERR2828406	1	CCT	30509251	249293505	125830934	123409769	249240703	25202	27600	0.00001	50.168618	126094373	123146330	31393	21409	0.000075	41.244614	0	100
ERR2828406	1	TCC	25878692	219107366	111369168	107689230	219058398	23227	25741	0.000011	49.402917	109877713	109180685	29835	19133	0.000096	40.16624	0	100
ERR2828406	1	GCT	23167230	198613321	99390104	99175097	198565201	21419	26701	0.000027	45.7521	99729680	98835521	30355	17765	0.000125	39.045886	0	100
ERR2828406	1	TCG	3913119	52327698	26207351	26103483	52310834	7901	8963	0.00002	46.926071	26149790	26161044	9772	7092	0.000103	39.891193	0	100
ERR2828406	1	ACA	28664873	200175120	99929089	100178463	200107552	30765	36803	0.00003	45.20517	98671031	101436521	40535	27033	0.000144	38.41004	0	100


