chr1	248956422	8494316	95872
chr10	133797422	3565687	40446
chr11	135086622	4926003	57117
chr11_KI270721v1_random	100316	2494	28
chr12	133275309	4409290	50454
chr13	114364328	1636250	17959
chr14	107043718	2659427	30095
chr14_GL000009v2_random	201709	2838	35
chr14_GL000225v1_random	211173	13922	277
chr14_KI270722v1_random	194050	2385	25
chr14_GL000194v1_random	191469	6960	70
chr14_KI270723v1_random	38115	1983	38
chr14_KI270724v1_random	39555	1531	24
chr14_KI270725v1_random	172810	1595	11
chr14_KI270726v1_random	43739	530	11
chr15	101991189	2972452	33621
chr15_KI270727v1_random	448248	4742	65
chr16	90338345	3650031	43385
chr16_KI270728v1_random	1872759	15598	266
chr17	83257441	4502305	53117
chr17_GL000205v2_random	185591	987	11
chr17_KI270729v1_random	280839	2959	32
chr17_KI270730v1_random	112551	896	13
chr18	80373285	1433514	15829
chr19	58617616	4613096	56315
chr1_KI270706v1_random	175055	2100	27
chr1_KI270707v1_random	32032	213	1
chr1_KI270708v1_random	127682	1064	13
chr1_KI270709v1_random	66860	1707	28
chr1_KI270710v1_random	40176	122	0
chr1_KI270711v1_random	42210	3298	28
chr1_KI270712v1_random	176043	3074	46
chr1_KI270713v1_random	40745	9045	120
chr1_KI270714v1_random	41717	2608	29
chr2	242193529	6260106	69924
chr20	64444167	2227648	25940
chr21	46709983	976787	11155
chr22	50818468	2023836	24260
chr22_KI270731v1_random	150754	5561	78
chr22_KI270732v1_random	41543	689	10
chr22_KI270733v1_random	179772	23394	365
chr22_KI270734v1_random	165050	8653	102
chr22_KI270735v1_random	42811	533	4
chr22_KI270736v1_random	181920	1620	40
chr22_KI270737v1_random	103838	217	5
chr22_KI270738v1_random	99375	160	2
chr22_KI270739v1_random	73985	48	0
chr2_KI270715v1_random	161471	175	1
chr2_KI270716v1_random	153799	154	5
chr3	198295559	4975536	55235
chr3_GL000221v1_random	155397	2696	13
chr4	190214555	3460153	37636
chr4_GL000008v2_random	209709	2395	26
chr5	181538259	3864735	42905
chr5_GL000208v1_random	92689	188	2
chr6	170805979	3808311	42846
chr7	159345973	4260766	49092
chr8	145138636	2975521	33394
chr9	138394717	3670736	42314
chr9_KI270717v1_random	40062	536	6
chr9_KI270718v1_random	38054	777	10
chr9_KI270719v1_random	176845	4549	47
chr9_KI270720v1_random	39050	1802	12
chr1_KI270762v1_alt	354444	18141	212
chr1_KI270766v1_alt	256271	6399	108
chr1_KI270760v1_alt	109528	765	7
chr1_KI270765v1_alt	185285	1312	10
chr1_GL383518v1_alt	182439	8618	100
chr1_GL383519v1_alt	110268	19472	197
chr1_GL383520v2_alt	366580	2689	24
chr1_KI270764v1_alt	50258	160	2
chr1_KI270763v1_alt	911658	11122	125
chr1_KI270759v1_alt	425601	6225	60
chr1_KI270761v1_alt	165834	5439	59
chr2_KI270770v1_alt	136240	611	5
chr2_KI270773v1_alt	70887	1340	15
chr2_KI270774v1_alt	223625	4160	60
chr2_KI270769v1_alt	120616	3612	46
chr2_GL383521v1_alt	143390	511	7
chr2_KI270772v1_alt	133041	1624	20
chr2_KI270775v1_alt	138019	306	3
chr2_KI270771v1_alt	110395	253	1
chr2_KI270768v1_alt	110099	899	10
chr2_GL582966v2_alt	96131	3689	41
chr2_GL383522v1_alt	123821	4382	48
chr2_KI270776v1_alt	174166	5834	76
chr2_KI270767v1_alt	161578	888	10
chr3_JH636055v2_alt	173151	3071	28
chr3_KI270783v1_alt	109187	157	3
chr3_KI270780v1_alt	224108	2025	22
chr3_GL383526v1_alt	180671	1281	15
chr3_KI270777v1_alt	173649	3064	30
chr3_KI270778v1_alt	248252	307	5
chr3_KI270781v1_alt	113034	977	6
chr3_KI270779v1_alt	205312	45141	312
chr3_KI270782v1_alt	162429	2357	31
chr3_KI270784v1_alt	184404	3191	36
chr4_KI270790v1_alt	220246	492	9
chr4_GL383528v1_alt	376187	510	4
chr4_KI270787v1_alt	111943	242	5
chr4_GL000257v2_alt	586476	8386	83
chr4_KI270788v1_alt	158965	296	3
chr4_GL383527v1_alt	164536	3543	32
chr4_KI270785v1_alt	119912	318	5
chr4_KI270789v1_alt	205944	760	10
chr4_KI270786v1_alt	244096	426	2
chr5_KI270793v1_alt	126136	1730	16
chr5_KI270792v1_alt	179043	7582	96
chr5_KI270791v1_alt	195710	9791	149
chr5_GL383532v1_alt	82728	144	1
chr5_GL949742v1_alt	226852	445	5
chr5_KI270794v1_alt	164558	2532	27
chr5_GL339449v2_alt	1612928	21521	248
chr5_GL383530v1_alt	101241	157	2
chr5_KI270796v1_alt	172708	317	3
chr5_GL383531v1_alt	173459	310	2
chr5_KI270795v1_alt	131892	2087	26
chr6_GL000250v2_alt	4672374	38636	442
chr6_KI270800v1_alt	175808	762	13
chr6_KI270799v1_alt	152148	187	3
chr6_GL383533v1_alt	124736	788	6
chr6_KI270801v1_alt	870480	8724	103
chr6_KI270802v1_alt	75005	308	3
chr6_KB021644v2_alt	185823	704	11
chr6_KI270797v1_alt	197536	4453	38
chr6_KI270798v1_alt	271782	7043	64
chr7_KI270804v1_alt	157952	849	9
chr7_KI270809v1_alt	209586	5719	85
chr7_KI270806v1_alt	158166	2835	23
chr7_GL383534v2_alt	119183	5202	45
chr7_KI270803v1_alt	1111570	62633	680
chr7_KI270808v1_alt	271455	2123	27
chr7_KI270807v1_alt	126434	821	12
chr7_KI270805v1_alt	209988	1739	18
chr8_KI270818v1_alt	145606	1524	16
chr8_KI270812v1_alt	282736	1960	19
chr8_KI270811v1_alt	292436	2033	17
chr8_KI270821v1_alt	985506	15254	160
chr8_KI270813v1_alt	300230	18187	199
chr8_KI270822v1_alt	624492	7587	82
chr8_KI270814v1_alt	141812	753	12
chr8_KI270810v1_alt	374415	724	6
chr8_KI270819v1_alt	133535	3793	39
chr8_KI270820v1_alt	36640	461	7
chr8_KI270817v1_alt	158983	4108	53
chr8_KI270816v1_alt	305841	28868	369
chr8_KI270815v1_alt	132244	2433	29
chr9_GL383539v1_alt	162988	358	2
chr9_GL383540v1_alt	71551	2236	44
chr9_GL383541v1_alt	171286	2707	33
chr9_GL383542v1_alt	60032	389	7
chr9_KI270823v1_alt	439082	2882	29
chr10_GL383545v1_alt	179254	2629	24
chr10_KI270824v1_alt	181496	1241	18
chr10_GL383546v1_alt	309802	6230	74
chr10_KI270825v1_alt	188315	7392	79
chr11_KI270832v1_alt	210133	20857	265
chr11_KI270830v1_alt	177092	2284	33
chr11_KI270831v1_alt	296895	11389	135
chr11_KI270829v1_alt	204059	2798	24
chr11_GL383547v1_alt	154407	200	2
chr11_JH159136v1_alt	200998	4496	37
chr11_JH159137v1_alt	191409	2913	24
chr11_KI270827v1_alt	67707	442	4
chr11_KI270826v1_alt	186169	815	6
chr12_GL877875v1_alt	167313	5960	69
chr12_GL877876v1_alt	408271	6727	70
chr12_KI270837v1_alt	40090	2471	56
chr12_GL383549v1_alt	120804	279	1
chr12_KI270835v1_alt	238139	4722	55
chr12_GL383550v2_alt	169178	1247	21
chr12_GL383552v1_alt	138655	437	8
chr12_GL383553v2_alt	152874	2644	29
chr12_KI270834v1_alt	119498	10776	103
chr12_GL383551v1_alt	184319	536	7
chr12_KI270833v1_alt	76061	2983	27
chr12_KI270836v1_alt	56134	318	3
chr13_KI270840v1_alt	191684	1140	13
chr13_KI270839v1_alt	180306	1244	14
chr13_KI270843v1_alt	103832	176	1
chr13_KI270841v1_alt	169134	259	2
chr13_KI270838v1_alt	306913	3312	48
chr13_KI270842v1_alt	37287	657	15
chr14_KI270844v1_alt	322166	5053	52
chr14_KI270847v1_alt	1511111	40837	451
chr14_KI270845v1_alt	180703	2997	36
chr14_KI270846v1_alt	1351393	67552	759
chr15_KI270852v1_alt	478999	5148	69
chr15_KI270851v1_alt	263054	7556	100
chr15_KI270848v1_alt	327382	7283	89
chr15_GL383554v1_alt	296527	5634	64
chr15_KI270849v1_alt	244917	3053	37
chr15_GL383555v2_alt	388773	6010	67
chr15_KI270850v1_alt	430880	16712	247
chr16_KI270854v1_alt	134193	4574	65
chr16_KI270856v1_alt	63982	962	20
chr16_KI270855v1_alt	232857	11942	123
chr16_KI270853v1_alt	2659700	76302	989
chr16_GL383556v1_alt	192462	8234	90
chr16_GL383557v1_alt	89672	2022	24
chr17_GL383563v3_alt	375691	3944	65
chr17_KI270862v1_alt	391357	6563	97
chr17_KI270861v1_alt	196688	17935	217
chr17_KI270857v1_alt	2877074	93056	1111
chr17_JH159146v1_alt	278131	16008	182
chr17_JH159147v1_alt	70345	2177	13
chr17_GL383564v2_alt	133151	8722	113
chr17_GL000258v2_alt	1821992	22279	315
chr17_GL383565v1_alt	223995	380	3
chr17_KI270858v1_alt	235827	551	5
chr17_KI270859v1_alt	108763	502	10
chr17_GL383566v1_alt	90219	507	8
chr17_KI270860v1_alt	178921	5872	72
chr18_KI270864v1_alt	111737	181	2
chr18_GL383567v1_alt	289831	2031	26
chr18_GL383570v1_alt	164789	415	5
chr18_GL383571v1_alt	198278	1887	12
chr18_GL383568v1_alt	104552	165	4
chr18_GL383569v1_alt	167950	540	6
chr18_GL383572v1_alt	159547	2500	35
chr18_KI270863v1_alt	167999	3835	51
chr19_KI270868v1_alt	61734	3336	60
chr19_KI270865v1_alt	52969	4325	48
chr19_GL383573v1_alt	385657	3606	38
chr19_GL383575v2_alt	170222	1991	28
chr19_GL383576v1_alt	188024	1988	21
chr19_GL383574v1_alt	155864	2047	23
chr19_KI270866v1_alt	43156	1955	16
chr19_KI270867v1_alt	233762	4268	56
chr19_GL949746v1_alt	987716	23113	284
chr20_GL383577v2_alt	128386	561	10
chr20_KI270869v1_alt	118774	4104	51
chr20_KI270871v1_alt	58661	1992	24
chr20_KI270870v1_alt	183433	8371	87
chr21_GL383578v2_alt	63917	109	1
chr21_KI270874v1_alt	166743	331	6
chr21_KI270873v1_alt	143900	606	9
chr21_GL383579v2_alt	201197	392	4
chr21_GL383580v2_alt	74653	1841	24
chr21_GL383581v2_alt	116689	3359	44
chr21_KI270872v1_alt	82692	6518	63
chr22_KI270875v1_alt	259914	10069	114
chr22_KI270878v1_alt	186262	3576	36
chr22_KI270879v1_alt	304135	17129	223
chr22_KI270876v1_alt	263666	3679	52
chr22_KI270877v1_alt	101331	2667	32
chr22_GL383583v2_alt	96924	1420	17
chr22_GL383582v2_alt	162811	2897	36
chrX_KI270880v1_alt	284869	1520	29
chrX_KI270881v1_alt	144206	1853	23
chr19_KI270882v1_alt	248807	1043	11
chr19_KI270883v1_alt	170399	874	5
chr19_KI270884v1_alt	157053	661	3
chr19_KI270885v1_alt	171027	1173	5
chr19_KI270886v1_alt	204239	804	13
chr19_KI270887v1_alt	209512	1232	14
chr19_KI270888v1_alt	155532	1076	8
chr19_KI270889v1_alt	170698	1044	10
chr19_KI270890v1_alt	184499	1093	9
chr19_KI270891v1_alt	170680	923	10
chr1_KI270892v1_alt	162212	5457	65
chr2_KI270894v1_alt	214158	3304	41
chr2_KI270893v1_alt	161218	883	13
chr3_KI270895v1_alt	162896	8674	108
chr4_KI270896v1_alt	378547	3050	31
chr5_KI270897v1_alt	1144418	15191	182
chr5_KI270898v1_alt	130957	2015	31
chr6_GL000251v2_alt	4795265	99705	1158
chr7_KI270899v1_alt	190869	1207	15
chr8_KI270901v1_alt	136959	603	5
chr8_KI270900v1_alt	318687	3378	44
chr11_KI270902v1_alt	106711	16110	195
chr11_KI270903v1_alt	214625	3475	52
chr12_KI270904v1_alt	572349	12958	143
chr15_KI270906v1_alt	196384	3084	42
chr15_KI270905v1_alt	5161414	68651	827
chr17_KI270907v1_alt	137721	1179	20
chr17_KI270910v1_alt	157099	3563	36
chr17_KI270909v1_alt	325800	8508	104
chr17_JH159148v1_alt	88070	1128	13
chr17_KI270908v1_alt	1423190	37563	376
chr18_KI270912v1_alt	174061	577	2
chr18_KI270911v1_alt	157710	2046	29
chr19_GL949747v2_alt	729520	9663	118
chr22_KB663609v1_alt	74013	1790	21
chrX_KI270913v1_alt	274009	2809	29
chr19_KI270914v1_alt	205194	1042	19
chr19_KI270915v1_alt	170665	1216	19
chr19_KI270916v1_alt	184516	915	9
chr19_KI270917v1_alt	190932	1136	14
chr19_KI270918v1_alt	123111	570	6
chr19_KI270919v1_alt	170701	880	11
chr19_KI270920v1_alt	198005	969	8
chr19_KI270921v1_alt	282224	1201	15
chr19_KI270922v1_alt	187935	1036	10
chr19_KI270923v1_alt	189352	994	9
chr3_KI270924v1_alt	166540	17099	166
chr4_KI270925v1_alt	555799	2349	24
chr6_GL000252v2_alt	4604811	97626	1221
chr8_KI270926v1_alt	229282	3182	29
chr11_KI270927v1_alt	218612	14350	190
chr19_GL949748v2_alt	1064304	5686	75
chr22_KI270928v1_alt	176103	2868	40
chr19_KI270929v1_alt	186203	1155	14
chr19_KI270930v1_alt	200773	903	9
chr19_KI270931v1_alt	170148	883	16
chr19_KI270932v1_alt	215732	1084	14
chr19_KI270933v1_alt	170537	570	12
chr19_GL000209v2_alt	177381	1068	12
chr3_KI270934v1_alt	163458	8324	124
chr6_GL000253v2_alt	4677643	63506	772
chr19_GL949749v2_alt	1091841	5677	89
chr3_KI270935v1_alt	197351	8116	116
chr6_GL000254v2_alt	4827813	85526	1041
chr19_GL949750v2_alt	1066390	5580	67
chr3_KI270936v1_alt	164170	8544	116
chr6_GL000255v2_alt	4606388	85915	999
chr19_GL949751v2_alt	1002683	5995	82
chr3_KI270937v1_alt	165607	8084	122
chr6_GL000256v2_alt	4929269	85987	983
chr19_GL949752v1_alt	987100	21328	241
chr6_KI270758v1_alt	76752	374	9
chr19_GL949753v2_alt	796479	14895	182
chr19_KI270938v1_alt	1066800	25963	308
chrM	16569	20455	334
chrUn_KI270302v1	2274	2	0
chrUn_KI270304v1	2165	6	0
chrUn_KI270303v1	1942	0	0
chrUn_KI270305v1	1472	8	0
chrUn_KI270322v1	21476	20	0
chrUn_KI270320v1	4416	45	0
chrUn_KI270310v1	1201	27	0
chrUn_KI270316v1	1444	2	0
chrUn_KI270315v1	2276	4	0
chrUn_KI270312v1	998	0	0
chrUn_KI270311v1	12399	11	0
chrUn_KI270317v1	37690	2	0
chrUn_KI270412v1	1179	0	0
chrUn_KI270411v1	2646	2	0
chrUn_KI270414v1	2489	4	0
chrUn_KI270419v1	1029	1	0
chrUn_KI270418v1	2145	6	0
chrUn_KI270420v1	2321	2	0
chrUn_KI270424v1	2140	0	0
chrUn_KI270417v1	2043	3	0
chrUn_KI270422v1	1445	4	0
chrUn_KI270423v1	981	4	0
chrUn_KI270425v1	1884	4	0
chrUn_KI270429v1	1361	4	0
chrUn_KI270442v1	392061	6981	84
chrUn_KI270466v1	1233	52	1
chrUn_KI270465v1	1774	12	0
chrUn_KI270467v1	3920	178	4
chrUn_KI270435v1	92983	300	5
chrUn_KI270438v1	112505	10995	124
chrUn_KI270468v1	4055	13	0
chrUn_KI270510v1	2415	8	0
chrUn_KI270509v1	2318	8	0
chrUn_KI270518v1	2186	2	0
chrUn_KI270508v1	1951	22	0
chrUn_KI270516v1	1300	6	0
chrUn_KI270512v1	22689	74	0
chrUn_KI270519v1	138126	470	6
chrUn_KI270522v1	5674	6	0
chrUn_KI270511v1	8127	20	0
chrUn_KI270515v1	6361	34	0
chrUn_KI270507v1	5353	19	0
chrUn_KI270517v1	3253	9	0
chrUn_KI270529v1	1899	6	0
chrUn_KI270528v1	2983	0	0
chrUn_KI270530v1	2168	0	0
chrUn_KI270539v1	993	9	0
chrUn_KI270538v1	91309	231	1
chrUn_KI270544v1	1202	2	0
chrUn_KI270548v1	1599	0	0
chrUn_KI270583v1	1400	3	0
chrUn_KI270587v1	2969	0	0
chrUn_KI270580v1	1553	6	0
chrUn_KI270581v1	7046	25	0
chrUn_KI270579v1	31033	35	0
chrUn_KI270589v1	44474	167	6
chrUn_KI270590v1	4685	28	1
chrUn_KI270584v1	4513	19	0
chrUn_KI270582v1	6504	14	0
chrUn_KI270588v1	6158	26	1
chrUn_KI270593v1	3041	11	0
chrUn_KI270591v1	5796	48	0
chrUn_KI270330v1	1652	374	4
chrUn_KI270329v1	1040	2	0
chrUn_KI270334v1	1368	0	0
chrUn_KI270333v1	2699	183	3
chrUn_KI270335v1	1048	2	0
chrUn_KI270338v1	1428	2	0
chrUn_KI270340v1	1428	2	0
chrUn_KI270336v1	1026	87	1
chrUn_KI270337v1	1121	231	3
chrUn_KI270363v1	1803	0	0
chrUn_KI270364v1	2855	2	0
chrUn_KI270362v1	3530	7	1
chrUn_KI270366v1	8320	18	0
chrUn_KI270378v1	1048	2	0
chrUn_KI270379v1	1045	0	0
chrUn_KI270389v1	1298	0	0
chrUn_KI270390v1	2387	0	0
chrUn_KI270387v1	1537	8	0
chrUn_KI270395v1	1143	10	0
chrUn_KI270396v1	1880	2	0
chrUn_KI270388v1	1216	0	0
chrUn_KI270394v1	970	0	0
chrUn_KI270386v1	1788	0	0
chrUn_KI270391v1	1484	0	0
chrUn_KI270383v1	1750	2	0
chrUn_KI270393v1	1308	0	0
chrUn_KI270384v1	1658	2	0
chrUn_KI270392v1	971	2	0
chrUn_KI270381v1	1930	2	0
chrUn_KI270385v1	990	0	0
chrUn_KI270382v1	4215	4	0
chrUn_KI270376v1	1136	4	0
chrUn_KI270374v1	2656	0	0
chrUn_KI270372v1	1650	0	0
chrUn_KI270373v1	1451	1	0
chrUn_KI270375v1	2378	0	0
chrUn_KI270371v1	2805	0	0
chrUn_KI270448v1	7992	35	1
chrUn_KI270521v1	7642	13	0
chrUn_GL000195v1	182896	825	10
chrUn_GL000219v1	179198	2312	18
chrUn_GL000220v1	161802	20043	260
chrUn_GL000224v1	179693	7580	58
chrUn_KI270741v1	157432	702	10
chrUn_GL000226v1	15008	84	0
chrUn_GL000213v1	164239	2621	21
chrUn_KI270743v1	210658	2445	19
chrUn_KI270744v1	168472	11308	148
chrUn_KI270745v1	41891	1569	13
chrUn_KI270746v1	66486	5540	41
chrUn_KI270747v1	198735	851	8
chrUn_KI270748v1	93321	290	2
chrUn_KI270749v1	158759	1134	7
chrUn_KI270750v1	148850	2739	27
chrUn_KI270751v1	150742	2136	19
chrUn_KI270752v1	27745	3	2
chrUn_KI270753v1	62944	732	10
chrUn_KI270754v1	40191	1511	14
chrUn_KI270755v1	36723	84	2
chrUn_KI270756v1	79590	302	3
chrUn_KI270757v1	71251	333	5
chrUn_GL000214v1	137718	2683	35
chrUn_KI270742v1	186739	2626	23
chrUn_GL000216v2	176608	5281	81
chrUn_GL000218v1	161147	8211	78
chrX	156040895	3737988	41922
chrY	57227415	50064	768
chrY_KI270740v1_random	37240	0	0
chr1_KQ031383v1_fix	467143	17251	185
chr1_KQ983255v1_alt	278659	8353	106
chr1_KN538361v1_fix	305542	13691	149
chr1_KQ458383v1_alt	349938	11093	135
chr1_KN196473v1_fix	166200	5259	74
chr1_KZ208904v1_alt	166136	3345	46
chr1_KN196472v1_fix	186494	1975	23
chr1_KZ208905v1_alt	140355	130	1
chr1_KQ458382v1_alt	141019	355	3
chr1_KV880763v1_alt	551020	6446	81
chr1_KN196474v1_fix	122022	1440	22
chr1_KN538360v1_fix	460100	4941	51
chr1_KZ208906v1_fix	330031	7229	81
chr1_KQ458384v1_alt	212205	3907	50
chr2_KQ031384v1_fix	481245	16103	173
chr2_KZ208907v1_alt	181658	372	6
chr2_KQ983256v1_alt	535088	11112	129
chr2_KZ208908v1_alt	140361	1652	22
chr2_KN538363v1_fix	365499	12303	157
chr2_KN538362v1_fix	208149	1993	26
chr3_KV766192v1_fix	411654	3593	44
chr3_KN196475v1_fix	451168	16991	175
chr3_KQ031385v1_fix	373699	5269	61
chr3_KN538364v1_fix	415308	2263	43
chr3_KZ208909v1_alt	175849	464	9
chr3_KQ031386v1_fix	165718	176	1
chr3_KN196476v1_fix	305979	948	12
chr4_KQ090013v1_alt	90922	1213	12
chr4_KQ090014v1_alt	163749	237	0
chr4_KQ090015v1_alt	236512	2763	34
chr4_KV766193v1_alt	420675	8553	102
chr4_KQ983257v1_fix	230434	6706	103
chr4_KQ983258v1_alt	205407	6024	98
chr5_KZ208910v1_alt	135987	427	4
chr5_KN196477v1_alt	139087	345	4
chr5_KV575243v1_alt	362221	5993	91
chr5_KV575244v1_fix	673059	26770	308
chr6_KZ208911v1_fix	242796	5830	59
chr6_KQ090017v1_alt	82315	379	3
chr6_KQ031387v1_fix	320750	411	5
chr6_KN196478v1_fix	268330	383	2
chr6_KQ090016v1_fix	245716	4239	30
chr6_KV766194v1_fix	139427	4889	45
chr7_KV880764v1_fix	142129	2049	28
chr7_KV880765v1_fix	468267	7066	73
chr7_KZ208912v1_fix	589656	22750	241
chr7_KZ208913v1_alt	680662	43060	453
chr7_KQ031388v1_fix	179932	1296	11
chr8_KZ208915v1_fix	6367528	108467	1270
chr8_KV880767v1_fix	265876	1007	17
chr8_KV880766v1_fix	156998	355	2
chr8_KZ208914v1_fix	165120	19237	233
chr9_KQ090018v1_alt	163882	423	5
chr9_KQ090019v1_alt	134099	192	0
chr9_KN196479v1_fix	330164	22062	267
chr10_KN538367v1_fix	420164	604	6
chr10_KQ090020v1_alt	185507	236	2
chr10_KN196480v1_fix	277797	5742	67
chr10_KQ090021v1_fix	264545	2523	25
chr10_KN538366v1_fix	85284	485	8
chr10_KN538365v1_fix	14347	28	0
chr11_KQ759759v1_fix	196940	18094	208
chr11_KN538368v1_alt	203552	2671	28
chr11_KV766195v1_fix	140877	1959	23
chr11_KQ090022v1_fix	181958	2582	18
chr11_KN196481v1_fix	108875	12812	161
chr12_KQ090023v1_alt	109323	817	9
chr12_KZ208916v1_fix	1046838	25709	329
chr12_KN538369v1_fix	541038	9212	107
chr12_KN196482v1_fix	211377	323	4
chr12_KZ208918v1_alt	174808	323	4
chr12_KQ759760v1_fix	315610	409	4
chr12_KZ208917v1_fix	64689	1271	14
chr12_KN538370v1_fix	86533	4283	56
chr13_KN538372v1_fix	356766	11826	152
chr13_KQ090024v1_alt	168146	262	3
chr13_KN196483v1_fix	35455	154	3
chr13_KN538373v1_fix	148762	452	3
chr13_KQ090025v1_alt	123480	982	11
chr13_KN538371v1_fix	206320	4517	58
chr14_KZ208920v1_fix	690932	66770	806
chr14_KZ208919v1_alt	171798	1329	11
chr15_KN538374v1_fix	4998962	75466	866
chr15_KQ031389v1_alt	2365364	16885	205
chr16_KQ090026v1_alt	59016	2644	27
chr16_KV880768v1_fix	1927115	78461	961
chr16_KQ090027v1_alt	267463	4487	50
chr16_KZ208921v1_alt	78609	6398	53
chr16_KQ031390v1_alt	169136	332	2
chr17_KV766196v1_fix	281919	5085	63
chr17_KV575245v1_fix	154723	20816	258
chr17_KV766198v1_alt	276292	25930	274
chr17_KV766197v1_alt	246895	516	11
chr18_KQ458385v1_alt	205101	1905	14
chr18_KQ090028v1_fix	407387	5037	56
chr18_KZ208922v1_fix	93070	426	9
chr19_KQ458386v1_fix	405389	27637	369
chr19_KN196484v1_fix	370917	35339	424
chr19_KV575246v1_alt	163926	669	14
chr19_KV575247v1_alt	170206	621	8
chr19_KV575248v1_alt	168131	592	12
chr19_KV575249v1_alt	293522	1430	11
chr19_KV575250v1_alt	241058	1459	17
chr19_KV575251v1_alt	159285	920	13
chr19_KV575252v1_alt	178197	784	5
chr19_KV575253v1_alt	166713	731	8
chr19_KV575254v1_alt	99845	576	8
chr19_KV575255v1_alt	161095	763	8
chr19_KV575256v1_alt	223118	812	13
chr19_KV575257v1_alt	100553	388	7
chr19_KV575259v1_alt	171263	935	9
chr19_KV575260v1_alt	145691	691	4
chr19_KV575258v1_alt	156965	1239	14
chr22_KN196485v1_alt	156562	2254	29
chr22_KQ458387v1_alt	155930	2419	31
chr22_KQ458388v1_alt	174749	3614	47
chr22_KN196486v1_alt	153027	3272	44
chr22_KQ759761v1_alt	145162	2878	33
chr22_KQ759762v1_fix	101037	3581	52
chrX_KV766199v1_alt	188004	406	8
chrY_KZ208923v1_fix	48370	0	0
chrY_KZ208924v1_fix	209722	2	0
chrY_KN196487v1_fix	101150	5897	46
chr1_KZ559100v1_fix	44955	438	10
chr3_KZ559104v1_fix	105527	361	1
chr3_KZ559105v1_alt	195063	4531	43
chr3_KZ559103v1_alt	302885	3691	39
chr3_KZ559102v1_alt	197752	951	14
chr3_KZ559101v1_alt	164041	252	1
chr7_KZ559106v1_alt	172555	259	3
chr8_KZ559107v1_alt	103072	1953	20
chr11_KZ559109v1_fix	279644	13429	156
chr11_KZ559108v1_fix	305244	3227	39
chr11_KZ559111v1_alt	181167	3132	29
chr11_KZ559110v1_alt	301637	4681	44
chr12_KZ559112v1_alt	154139	476	10
chr16_KZ559113v1_fix	480415	5025	61
chr17_KZ559114v1_alt	116753	405	8
chr18_KZ559116v1_alt	163186	293	4
chr18_KZ559115v1_fix	230843	829	8
chr2_ML143342v1_fix	84043	264	1
chr2_ML143341v1_fix	145975	1080	12
chr3_ML143343v1_alt	215443	1646	17
chr4_ML143344v1_fix	235734	2878	32
chr4_ML143347v1_fix	176674	1702	24
chr4_ML143346v1_fix	53476	78	1
chr4_ML143348v1_fix	125549	193	1
chr4_ML143345v1_fix	341066	6072	64
chr4_ML143349v1_fix	276109	334	1
chr5_ML143350v1_fix	89956	3711	39
chr6_ML143351v1_fix	73265	113	1
chr7_ML143352v1_fix	254759	3236	30
chr9_ML143353v1_fix	25408	166	2
chr10_ML143354v1_fix	454963	3500	43
chr10_ML143355v1_fix	292944	11258	123
chr11_ML143358v1_fix	270122	10697	135
chr11_ML143360v1_fix	170928	6215	81
chr11_ML143359v1_fix	217075	9452	104
chr11_ML143357v1_fix	165419	584	8
chr11_ML143356v1_fix	45257	54	0
chr12_ML143362v1_fix	192531	13012	152
chr12_ML143361v1_fix	297568	10419	131
chr13_ML143366v1_fix	409912	1950	26
chr13_ML143363v1_fix	7309	1	0
chr13_ML143364v1_fix	158944	1707	22
chr13_ML143365v1_fix	65394	3409	44
chr14_ML143367v1_fix	399183	1765	14
chr14_ML143368v1_alt	264228	396	0
chr15_ML143372v1_fix	396515	2039	25
chr15_ML143371v1_fix	5500449	88561	1056
chr15_ML143370v1_fix	369264	15780	200
chr15_ML143369v1_fix	97763	5043	54
chr16_ML143373v1_fix	270967	10861	115
chr17_ML143374v1_fix	137908	17413	193
chr17_ML143375v1_fix	56695	2937	41
chr19_ML143376v1_fix	493165	30349	352
chr21_ML143377v1_fix	519485	27497	410
chr22_ML143380v1_fix	412368	4586	41
chr22_ML143378v1_fix	461303	2051	21
chr22_ML143379v1_fix	12295	58	0
chrX_ML143385v1_fix	17435	24	0
chrX_ML143382v1_fix	28824	361	5
chrX_ML143383v1_fix	68192	82	2
chrX_ML143381v1_fix	403128	5361	63
chrX_ML143384v1_fix	14678	16	0
chr1_MU273333v1_fix	1572686	116566	1333
chr1_MU273330v1_alt	516764	19670	235
chr1_MU273335v1_fix	211934	16408	226
chr1_MU273336v1_fix	250447	4196	47
chr1_MU273331v1_alt	847441	11921	121
chr1_MU273334v1_fix	210426	5686	59
chr1_MU273332v1_alt	335159	14014	136
chr2_MU273344v1_fix	244725	13868	113
chr2_MU273345v1_fix	174385	350	5
chr2_MU273343v1_fix	489404	15170	180
chr2_MU273340v1_alt	284971	7508	95
chr2_MU273337v1_alt	431782	15519	197
chr2_MU273342v1_fix	955087	27584	272
chr2_MU273339v1_alt	500581	23385	304
chr2_MU273338v1_alt	535251	8868	83
chr2_MU273341v1_fix	120381	4722	50
chr3_MU273347v1_fix	301310	5824	61
chr3_MU273348v1_fix	475876	6598	72
chr3_MU273346v1_fix	469342	6603	58
chr4_MU273351v1_fix	205691	1805	18
chr4_MU273349v1_alt	308682	4788	58
chr4_MU273350v1_fix	113364	282	1
chr5_MU273354v1_fix	2101585	24807	326
chr5_MU273353v1_fix	208405	2570	27
chr5_MU273356v1_alt	302485	3748	49
chr5_MU273355v1_fix	508332	74705	790
chr5_MU273352v1_fix	34400	445	4
chr6_MU273357v1_alt	383128	8196	94
chr7_MU273358v1_alt	464417	1216	18
chr8_MU273362v1_fix	429744	2813	30
chr8_MU273359v1_fix	150302	543	5
chr8_MU273361v1_fix	106905	5592	52
chr8_MU273363v1_fix	207371	7135	84
chr8_MU273360v1_fix	39290	636	9
chr9_MU273366v1_fix	569668	3522	45
chr9_MU273364v1_fix	340717	1908	21
chr9_MU273365v1_fix	482250	16904	164
chr10_MU273367v1_fix	196262	7616	79
chr11_KQ759759v2_fix	204999	29620	378
chr11_MU273369v1_fix	434831	10103	128
chr11_MU273371v1_fix	122722	2241	21
chr11_MU273370v1_fix	344606	7532	76
chr11_MU273368v1_alt	261194	3086	29
chr12_MU273372v1_fix	104537	10286	137
chr14_MU273373v1_fix	722645	31404	330
chr15_MU273375v1_alt	204007	10447	100
chr15_MU273374v1_fix	1154574	27708	346
chr16_MU273376v1_fix	87715	13266	155
chr16_MU273377v1_fix	334997	14151	176
chr17_MU273380v1_fix	538541	14309	164
chr17_MU273378v1_alt	372839	21677	244
chr17_MU273383v1_fix	172609	6905	88
chr17_MU273379v1_fix	234878	13269	156
chr17_MU273382v1_fix	187626	11161	138
chr17_MU273381v1_fix	144689	2788	38
chr19_MU273386v1_fix	226166	8804	107
chr19_MU273387v1_alt	89211	7788	111
chr19_MU273384v1_fix	333754	50205	536
chr19_MU273385v1_fix	137818	7101	80
chr20_MU273388v1_fix	273725	3715	36
chr20_MU273389v1_fix	355731	10128	120
chr21_MU273390v1_fix	336752	9007	77
chr21_MU273391v1_fix	1020778	9493	106
chr21_MU273392v1_fix	189707	10253	145
chr22_KQ759762v2_fix	101040	3511	43
chrX_MU273397v1_alt	330493	23631	315
chrX_MU273393v1_fix	68810	2215	27
chrX_MU273394v1_fix	140567	5554	65
chrX_MU273396v1_alt	294119	1028	12
chrX_MU273395v1_alt	619716	25715	291
chrY_MU273398v1_fix	865743	11	0
*	0	0	233086
