# This file was produced by samtools stats (1.21+htslib-1.21) and can be plotted using plot-bamstats
# This file contains statistics for all reads.
# The command line was:  stats post_aligned/ERR2828404_fixed_sorted.bam
# CHK, Checksum	[2]Read Names	[3]Sequences	[4]Qualities
# CHK, CRC32 of reads which passed filtering followed by addition (32bit overflow)
CHK	3077984c	f2b0f814	a65e2c0a
# Summary Numbers. Use `grep ^SN | cut -f 2-` to extract this part.
SN	raw total sequences:	75391490	# excluding supplementary and secondary reads
SN	filtered sequences:	0
SN	sequences:	75391490
SN	is sorted:	1
SN	1st fragments:	37695745
SN	last fragments:	37695745
SN	reads mapped:	74744994
SN	reads mapped and paired:	74218272	# paired-end technology bit set + both mates mapped
SN	reads unmapped:	646496
SN	reads properly paired:	73197358	# proper-pair bit set
SN	reads paired:	75391490	# paired-end technology bit set
SN	reads duplicated:	0	# PCR or optical duplicate bit set
SN	reads MQ0:	8194107	# mapped and MQ=0
SN	reads QC failed:	0
SN	non-primary alignments:	0
SN	supplementary alignments:	7050
SN	total length:	5990590425	# ignores clipping
SN	total first fragment length:	3017811445	# ignores clipping
SN	total last fragment length:	2972778980	# ignores clipping
SN	bases mapped:	5983058401	# ignores clipping
SN	bases mapped (cigar):	5980511414	# more accurate
SN	bases trimmed:	0
SN	bases duplicated:	0
SN	mismatches:	9672891	# from NM fields
SN	error rate:	1.617402e-03	# mismatches / bases mapped (cigar)
SN	average length:	79
SN	average first fragment length:	80
SN	average last fragment length:	79
SN	maximum length:	81
SN	maximum first fragment length:	81
SN	maximum last fragment length:	81
SN	average quality:	38.5
SN	insert size average:	170.0
SN	insert size standard deviation:	60.9
SN	inward oriented pairs:	36280076
SN	outward oriented pairs:	450299
SN	pairs with other orientation:	11515
SN	pairs on different chromosomes:	367246
SN	percentage of properly paired reads (%):	97.1
# First Fragment Qualities. Use `grep ^FFQ | cut -f 2-` to extract this part.
# Columns correspond to qualities and rows to cycles. First column is the cycle number.
FFQ	1	0	0	0	0	0	0	0	0	0	0	0	0	0	0	0	0	0	0	0	0	0	0	0	0	0	0	0	409179	18315	0	200521	281960	0	0	783546	321137	928478	638961	1203921	6648812	26260915	0
FFQ	2	0	0	0	0	0	0	0	0	0	0	0	0	0	0	33132	27199	264574	0	0	0	0	0	0	0	0	0	0	238957	18902	0	205352	279814	0	0	700680	223858	933892	590835	1210034	6686687	26270560	0
FFQ	3	0	0	0	0	0	0	0	0	0	0	0	0	0	0	33761	27510	264084	0	0	0	0	0	0	0	0	0	0	270946	18990	0	204035	272526	0	0	703012	244847	923252	591724	1194572	6691849	26240642	0
FFQ	4	0	0	2	0	0	0	0	0	0	0	0	0	0	0	35315	28875	275921	0	0	0	0	0	0	0	0	0	0	287802	19014	0	204534	271663	0	0	709074	251268	921170	593567	1197765	6672959	26208862	0
FFQ	5	0	0	62	0	0	0	0	0	0	0	0	0	0	0	34183	27820	265263	0	0	0	0	0	0	0	0	0	0	291376	18864	0	202668	271308	0	0	711564	259362	925805	600667	1211955	6698526	26152512	0
FFQ	6	0	0	23	0	0	0	0	0	0	0	0	0	0	0	38896	31990	303006	0	0	0	0	0	0	0	0	0	0	290460	18865	0	205434	272459	0	0	713547	256257	929625	602765	1218388	6726292	26056177	0
FFQ	7	0	0	0	0	0	0	0	0	0	0	0	0	0	0	35747	29788	282468	0	0	0	0	0	0	0	0	0	0	308749	18463	0	202561	270122	0	0	713806	263136	927839	604612	1221905	6747680	26029372	0
FFQ	8	0	0	0	0	0	0	0	0	0	0	0	0	0	0	36078	29827	286739	0	0	0	0	0	0	0	0	0	0	299296	19249	0	205375	273109	0	0	718706	263699	933992	608055	1233255	6790751	25949618	0
FFQ	9	0	0	0	0	0	0	0	0	0	0	0	0	0	0	37644	30712	291568	0	0	0	0	0	0	0	0	0	0	300555	19008	0	205434	271754	0	0	718438	260869	933401	607006	1235635	6805237	25921657	0
FFQ	10	0	0	0	0	0	0	0	0	0	0	0	0	0	0	36871	30029	288827	0	0	0	0	0	0	0	0	0	0	304720	18984	0	206728	272585	0	0	719113	262859	936707	607328	1239358	6814261	25891456	0
FFQ	11	0	0	0	0	0	0	0	0	0	0	0	0	0	0	37538	31190	293970	0	0	0	0	0	0	0	0	0	0	301883	19147	0	206506	271575	0	0	720746	264146	938315	608890	1245639	6820789	25860286	0
FFQ	12	0	0	0	0	0	0	0	0	0	0	0	0	0	0	37328	30727	292696	0	0	0	0	0	0	0	0	0	0	307853	19420	0	207973	274362	0	0	727132	266842	946210	613405	1253751	6867697	25765854	0
FFQ	13	0	0	5	0	0	0	0	0	0	0	0	0	0	0	37585	30819	292300	0	0	0	0	0	0	0	0	0	0	302952	19295	0	208338	275709	0	0	730250	268257	949930	618636	1259687	6901431	25706833	0
FFQ	14	0	0	402	0	0	0	0	0	0	0	0	0	0	0	39602	32367	308064	0	0	0	0	0	0	0	0	0	0	308628	19712	0	211592	277089	0	0	733597	265964	952983	617024	1268094	6909140	25648323	0
FFQ	15	0	0	219	0	0	0	0	0	0	0	0	0	0	0	38969	31848	302284	0	0	0	0	0	0	0	0	0	0	316192	19928	0	212778	276573	0	0	736171	272075	956569	620710	1277755	6940825	25580198	0
FFQ	16	0	0	0	0	0	0	0	0	0	0	0	0	0	0	38877	32189	304365	0	0	0	0	0	0	0	0	0	0	317210	19820	0	214963	278966	0	0	739246	274551	961730	626489	1284295	6977905	25502946	0
FFQ	17	0	0	0	0	0	0	0	0	0	0	0	0	0	0	39887	32779	310768	0	0	0	0	0	0	0	0	0	0	317212	20165	0	215716	279129	0	0	742557	275922	964771	627142	1289096	6997419	25451236	0
FFQ	18	0	0	0	0	0	0	0	0	0	0	0	0	0	0	38982	31831	301657	0	0	0	0	0	0	0	0	0	0	318500	20067	0	214955	278466	0	0	741712	277076	966072	631120	1300254	7023819	25409851	0
FFQ	19	0	0	0	0	0	0	0	0	0	0	0	0	0	0	40161	32782	308680	0	0	0	0	0	0	0	0	0	0	314513	20434	0	219276	280409	0	0	747263	277894	973180	632483	1307380	7072892	25317404	0
FFQ	20	0	0	0	0	0	0	0	0	0	0	0	0	0	0	38997	31994	301773	0	0	0	0	0	0	0	0	0	0	315420	20793	0	219081	280029	0	0	746829	278529	975570	636412	1314308	7094946	25280556	0
FFQ	21	0	0	0	0	0	0	0	0	0	0	0	0	0	0	43147	35319	330638	0	0	0	0	0	0	0	0	0	0	318587	21130	0	222619	282987	0	0	754748	280941	984602	640608	1323721	7142792	25143614	0
FFQ	22	0	0	0	0	0	0	0	0	0	0	0	0	0	0	40188	33008	309051	0	0	0	0	0	0	0	0	0	0	333448	20858	0	222364	282311	0	0	759567	287670	987524	644418	1333518	7171784	25089969	0
FFQ	23	0	0	0	0	0	0	0	0	0	0	0	0	0	0	41989	33750	320657	0	0	0	0	0	0	0	0	0	0	321343	21152	0	225199	285231	0	0	765575	288711	996945	649753	1347862	7212454	24995090	0
FFQ	24	0	0	0	0	0	0	0	0	0	0	0	0	0	0	42122	34203	321684	0	0	0	0	0	0	0	0	0	0	330092	21573	0	227119	283989	0	0	766216	287599	998558	650141	1354031	7242915	24935555	0
FFQ	25	0	0	0	0	0	0	0	0	0	0	0	0	0	0	40857	33429	314360	0	0	0	0	0	0	0	0	0	0	330070	21491	0	228498	285764	0	0	772298	292536	1006843	657697	1367795	7324394	24809755	0
FFQ	26	0	0	0	0	0	0	0	0	0	0	0	0	0	0	42116	34553	323907	0	0	0	0	0	0	0	0	0	0	325439	22120	0	231377	289655	0	0	776731	292486	1012885	660226	1374851	7350761	24738600	0
FFQ	27	0	0	0	0	0	0	0	0	0	0	0	0	0	0	42595	34758	326856	0	0	0	0	0	0	0	0	0	0	330187	22079	0	232028	289299	0	0	780000	293000	1018637	663956	1383675	7378961	24669723	0
FFQ	28	0	0	0	0	0	0	0	0	0	0	0	0	0	0	41501	34021	318868	0	0	0	0	0	0	0	0	0	0	328550	21967	0	233592	288536	0	0	781042	295763	1020553	666407	1391983	7412782	24620261	0
FFQ	29	0	0	0	0	0	0	0	0	0	0	0	0	0	0	43015	35360	328649	0	0	0	0	0	0	0	0	0	0	324115	22511	0	235872	291969	0	0	786074	296780	1027924	671038	1402553	7453497	24526114	0
FFQ	30	0	0	0	0	0	0	0	0	0	0	0	0	0	0	43405	35505	330355	0	0	0	0	0	0	0	0	0	0	329874	22426	0	236778	291889	0	0	787905	296615	1030826	672800	1406249	7469853	24480632	0
FFQ	31	0	0	40	0	0	0	0	0	0	0	0	0	0	0	43669	35466	334027	0	0	0	0	0	0	0	0	0	0	333400	22686	0	238684	293775	0	0	795360	299826	1038299	677186	1420875	7515220	24376373	0
FFQ	32	0	0	0	0	0	0	0	0	0	0	0	0	0	0	45889	37354	348999	0	0	0	0	0	0	0	0	0	0	339942	22985	0	244211	296948	0	0	801980	304167	1047646	686120	1438027	7573606	24226420	0
FFQ	33	0	0	0	0	0	0	0	0	0	0	0	0	0	0	45565	37061	346100	0	0	0	0	0	0	0	0	0	0	353893	23810	0	248245	301086	0	0	819963	315881	1069660	701392	1463217	7696054	23981834	0
FFQ	34	0	0	1	0	0	0	0	0	0	0	0	0	0	0	52326	42515	391711	0	0	0	0	0	0	0	0	0	0	355481	24345	0	251854	302866	0	0	822391	313863	1073058	703267	1472226	7736562	23850628	0
FFQ	35	0	0	0	0	0	0	0	0	0	0	0	0	0	0	46107	37563	352235	0	0	0	0	0	0	0	0	0	0	387734	24140	0	252335	303478	0	0	831231	328921	1083609	710571	1487534	7792048	23744895	0
FFQ	36	0	0	0	0	0	0	0	0	0	0	0	0	0	0	48131	39061	363830	0	0	0	0	0	0	0	0	0	0	363930	24687	0	254918	304959	0	0	835448	331366	1087135	718001	1502507	7828878	23668622	0
FFQ	37	0	0	0	0	0	0	0	0	0	0	0	0	0	0	46703	38208	355915	0	0	0	0	0	0	0	0	0	0	363910	24441	0	254377	304901	0	0	832070	322696	1089333	716571	1503980	7855358	23652280	0
FFQ	38	0	0	0	0	0	0	0	0	0	0	0	0	0	0	45444	37001	342039	0	0	0	0	0	0	0	0	0	0	355485	24464	0	253932	303094	0	0	834378	326331	1091025	717041	1508237	7891947	23619482	0
FFQ	39	0	0	4	0	0	0	0	0	0	0	0	0	0	0	45493	37349	346001	0	0	0	0	0	0	0	0	0	0	344393	24719	0	256305	304969	0	0	833942	321425	1095348	715665	1506745	7867823	23638637	0
FFQ	40	0	0	0	0	0	0	0	0	0	0	0	0	0	0	46636	37530	349461	0	0	0	0	0	0	0	0	0	0	340914	24917	0	256997	305912	0	0	836402	319227	1095398	718863	1511749	7906673	23577121	0
FFQ	41	0	0	7	0	0	0	0	0	0	0	0	0	0	0	48916	39586	366358	0	0	0	0	0	0	0	0	0	0	348069	25166	0	261350	306618	0	0	839497	320384	1101924	717479	1517656	7902657	23520985	0
FFQ	42	0	0	3	0	0	0	0	0	0	0	0	0	0	0	47650	38604	358539	0	0	0	0	0	0	0	0	0	0	358477	25252	0	261604	307531	0	0	846303	326609	1108839	725764	1531176	7944535	23424786	0
FFQ	43	0	0	5	0	0	0	0	0	0	0	0	0	0	0	48806	40060	367981	0	0	0	0	0	0	0	0	0	0	358326	25877	0	264817	310325	0	0	855270	332324	1118918	731607	1545064	7987178	23307809	0
FFQ	44	0	0	0	0	0	0	0	0	0	0	0	0	0	0	47421	38857	358744	0	0	0	0	0	0	0	0	0	0	359741	25712	0	266137	311904	0	0	856756	334311	1126811	736573	1558120	8044030	23217952	0
FFQ	45	0	0	0	0	0	0	0	0	0	0	0	0	0	0	50963	41415	383587	0	0	0	0	0	0	0	0	0	0	359028	26680	0	271457	314902	0	0	866298	335929	1135498	743605	1565213	8071520	23105556	0
FFQ	46	0	0	0	0	0	0	0	0	0	0	0	0	0	0	48199	39241	363728	0	0	0	0	0	0	0	0	0	0	367001	26477	0	271442	313663	0	0	868400	339669	1139022	748676	1579926	8136388	23018718	0
FFQ	47	0	0	15	0	0	0	0	0	0	0	0	0	0	0	49298	39342	367711	0	0	0	0	0	0	0	0	0	0	356523	27033	0	273066	316363	0	0	872319	340272	1147535	752069	1588224	8170800	22948542	0
FFQ	48	0	0	14	0	0	0	0	0	0	0	0	0	0	0	50040	40521	371655	0	0	0	0	0	0	0	0	0	0	359708	27515	0	277632	320744	0	0	881363	340498	1158851	758223	1605099	8244841	22800788	0
FFQ	49	0	0	36	0	0	0	0	0	0	0	0	0	0	0	50312	40640	375765	0	0	0	0	0	0	0	0	0	0	359804	27556	0	280240	321256	0	0	889721	344799	1171885	765002	1613792	8293884	22691028	0
FFQ	50	0	0	0	0	0	0	0	0	0	0	0	0	0	0	52247	42727	388019	0	0	0	0	0	0	0	0	0	0	363751	28210	0	283804	321789	0	0	893680	346155	1175572	768344	1621363	8323891	22604379	0
FFQ	51	0	0	0	0	0	0	0	0	0	0	0	0	0	0	52583	42413	389047	0	0	0	0	0	0	0	0	0	0	376123	28342	0	284378	322950	0	0	896885	350151	1179084	771772	1629877	8335366	22543125	0
FFQ	52	0	0	4	0	0	0	0	0	0	0	0	0	0	0	52289	41973	387625	0	0	0	0	0	0	0	0	0	0	378478	28723	0	286313	323931	0	0	899196	353517	1183723	774685	1641563	8354620	22483316	0
FFQ	53	0	0	0	0	0	0	0	0	0	0	0	0	0	0	52815	42748	390167	0	0	0	0	0	0	0	0	0	0	379896	29372	0	294072	330405	0	0	915759	362896	1207988	790252	1671773	8463576	22245837	0
FFQ	54	0	0	0	0	0	0	0	0	0	0	0	0	0	0	54055	43540	397064	0	0	0	0	0	0	0	0	0	0	375168	29653	0	295239	330724	0	0	922860	364022	1212141	794554	1679915	8522099	22143912	0
FFQ	55	0	0	0	0	0	0	0	0	0	0	0	0	0	0	54184	43890	399446	0	0	0	0	0	0	0	0	0	0	381019	29757	0	299673	334354	0	0	930547	364710	1224899	802505	1688389	8578557	22020458	0
FFQ	56	0	0	0	0	0	0	0	0	0	0	0	0	0	0	55218	45155	409513	0	0	0	0	0	0	0	0	0	0	383471	30717	0	302017	336242	0	0	935422	370081	1233636	807531	1700953	8621095	21908464	0
FFQ	57	0	0	11	0	0	0	0	0	0	0	0	0	0	0	56601	46220	412680	0	0	0	0	0	0	0	0	0	0	390887	30812	0	305589	336917	0	0	946330	376138	1243532	815618	1711853	8680137	21772871	0
FFQ	58	0	0	7	0	0	0	0	0	0	0	0	0	0	0	56972	46456	415647	0	0	0	0	0	0	0	0	0	0	397069	31060	0	305926	339362	0	0	950580	377674	1250194	820735	1721115	8702882	21697289	0
FFQ	59	0	0	0	0	0	0	0	0	0	0	0	0	0	0	58725	48815	427909	0	0	0	0	0	0	0	0	0	0	403313	31961	0	312243	340986	0	0	954096	381867	1258554	826763	1737021	8744821	21572412	0
FFQ	60	0	0	0	0	0	0	0	0	0	0	0	0	0	0	55646	45983	405800	0	0	0	0	0	0	0	0	0	0	403322	31365	0	308166	338686	0	0	955756	387763	1257808	829685	1741486	8777449	21547361	0
FFQ	61	0	0	8	0	0	0	0	0	0	0	0	0	0	0	56482	47510	414711	0	0	0	0	0	0	0	0	0	0	388004	31830	0	311812	339526	0	0	954844	384091	1264997	829983	1750569	8790441	21508156	0
FFQ	62	0	0	96	0	0	0	0	0	0	0	0	0	0	0	57806	48998	421497	0	0	0	0	0	0	0	0	0	0	391414	32684	0	317815	343506	0	0	966168	386955	1277245	837766	1772046	8870300	21335290	0
FFQ	63	0	0	29	0	0	0	0	0	0	0	0	0	0	0	56636	48220	411267	0	0	0	0	0	0	0	0	0	0	394930	32880	0	314094	343250	0	0	964860	388369	1277175	837002	1761366	8864093	21352021	0
FFQ	64	0	0	10	0	0	0	0	0	0	0	0	0	0	0	59531	51100	431041	0	0	0	0	0	0	0	0	0	0	395622	33130	0	320617	347994	0	0	970717	389551	1287404	843385	1767438	8877722	21257229	0
FFQ	65	0	0	9	0	0	0	0	0	0	0	0	0	0	0	59075	52345	425802	0	0	0	0	0	0	0	0	0	0	408460	33098	0	322084	347542	0	0	975067	395552	1291927	848835	1784739	8911034	21163026	0
FFQ	66	0	0	3	0	0	0	0	0	0	0	0	0	0	0	59665	53916	434548	0	0	0	0	0	0	0	0	0	0	412046	33909	0	327164	351039	0	0	990428	403047	1308491	859797	1798606	8955896	21016071	0
FFQ	67	0	0	24	0	0	0	0	0	0	0	0	0	0	0	60239	55821	433571	0	0	0	0	0	0	0	0	0	0	415007	34733	0	330727	354256	0	0	998131	406249	1319452	870298	1818234	9041799	20852099	0
FFQ	68	0	0	17	0	0	0	0	0	0	0	0	0	0	0	62434	61520	444776	0	0	0	0	0	0	0	0	0	0	418058	35583	0	336425	358012	0	0	1006458	409880	1335812	874131	1832174	9087108	20713835	0
FFQ	69	0	0	64	0	0	0	0	0	0	0	0	0	0	0	62858	60679	447703	0	0	0	0	0	0	0	0	1	0	440848	36619	0	343847	368185	0	0	1039061	426075	1368899	899554	1851613	9229976	20385231	0
FFQ	70	0	0	100	0	0	0	0	0	0	0	0	0	0	0	63126	68488	444078	0	0	0	0	0	0	0	0	2	0	429640	37110	0	347347	368605	0	0	1044076	429696	1377601	907904	1875914	9313485	20239336	0
FFQ	71	0	0	48	0	0	0	0	0	0	0	0	0	0	0	63146	71818	441975	0	0	0	0	0	0	0	0	81	1	427716	37451	0	350932	370408	0	0	1044910	428766	1384645	910014	1878234	9330642	20190502	0
FFQ	72	0	0	96	0	0	0	0	0	0	0	0	0	0	0	64749	76397	448726	0	0	0	0	0	0	0	0	80	5	429384	38879	0	359722	374800	0	0	1059938	435568	1403769	921803	1905060	9407972	19988551	0
FFQ	73	0	0	0	0	0	0	0	0	0	0	0	0	0	0	65596	81332	449961	0	0	0	0	0	0	0	0	111	6	433923	38976	0	361056	375369	0	0	1065537	437874	1416127	926195	1915494	9448607	19883314	0
FFQ	74	0	0	14	0	0	0	0	0	0	0	0	0	0	0	67693	86467	457337	0	0	0	0	0	0	0	0	154	7	441580	40081	0	367279	380426	0	0	1077639	444617	1430710	936902	1928167	9499257	19725102	0
FFQ	75	0	0	16	0	0	0	0	0	0	0	0	0	0	0	67677	88203	448811	0	0	0	0	0	0	0	0	374	15	445094	40364	0	368107	379474	0	0	1080849	451276	1432988	939305	1934270	9517943	19672442	0
FFQ	76	0	0	0	0	0	0	0	0	0	0	0	0	0	0	69682	90337	454325	0	0	0	0	0	0	0	0	691	30	442661	41133	0	371793	383464	0	0	1089712	453604	1447913	949607	1950454	9565017	19539822	0
FFQ	77	0	0	0	0	0	0	0	0	0	0	0	0	0	0	69967	94097	455085	0	0	0	0	0	0	0	0	821	32	447322	41761	0	377942	387088	0	0	1097160	457734	1462038	956713	1967328	9610688	19407085	0
FFQ	78	0	0	18	0	0	0	0	0	0	0	0	0	0	0	70582	96904	455177	0	0	0	0	0	0	0	0	746	31	450044	42580	0	383850	391905	0	0	1106967	465976	1477596	966132	1982360	9669450	19251542	0
FFQ	79	0	0	37	0	0	0	0	0	0	0	0	0	0	0	71299	96747	453648	0	0	0	0	0	0	0	0	1180	73	453426	42780	0	383485	390064	0	0	1108061	465508	1478573	969208	1987331	9692979	19168275	0
FFQ	80	0	0	8	0	0	0	0	0	0	0	0	0	0	0	53376	74105	345350	0	0	0	0	0	0	0	0	1351	67	482353	44350	0	394198	398517	0	0	1128873	476208	1500957	984435	2004433	9748553	18925050	0
FFQ	81	0	0	0	0	0	0	0	0	0	0	0	0	0	0	0	0	0	0	0	0	0	0	0	0	0	3272	98	1244710	109773	0	1103898	1260654	0	0	2791808	896291	3395363	1850511	2457256	10306223	8852860	0
# Last Fragment Qualities. Use `grep ^LFQ | cut -f 2-` to extract this part.
# Columns correspond to qualities and rows to cycles. First column is the cycle number.
LFQ	1	0	0	0	0	0	0	0	0	0	0	0	0	0	0	0	0	0	0	0	0	0	0	0	0	0	0	0	737448	24997	0	273715	357106	0	0	1008006	456731	1103398	786757	1485563	7401075	24060949	0
LFQ	2	0	0	3	0	0	0	0	0	0	0	0	0	0	0	56610	47956	475914	0	0	0	0	0	0	0	0	0	0	368356	25818	0	281207	355887	0	0	895385	297571	1112988	724173	1502685	7502584	23993089	0
LFQ	3	0	0	280	0	0	0	0	0	0	0	0	0	0	0	57774	48838	472153	0	0	0	0	0	0	0	0	0	0	432698	25574	0	276858	342696	0	0	889658	329873	1098507	719692	1465678	7493182	23975162	0
LFQ	4	0	0	600	0	0	0	0	0	0	0	0	0	0	0	60094	51022	495839	0	0	0	0	0	0	0	0	0	0	453838	25840	0	278912	344660	0	0	902433	339797	1105907	728024	1480302	7519621	23826055	0
LFQ	5	0	0	1600	0	0	0	0	0	0	0	0	0	0	0	59330	50236	487188	0	0	0	0	0	0	0	0	0	0	468779	26030	0	277064	343917	0	0	909745	348336	1107948	736329	1497426	7576766	23702735	0
LFQ	6	0	0	42	0	0	0	0	0	0	0	0	0	0	0	57197	48803	469736	0	0	0	0	0	0	0	0	0	0	470605	25569	0	274458	341651	0	0	906486	349850	1105552	737809	1497635	7577793	23706425	0
LFQ	7	0	0	144	0	0	0	0	0	0	0	0	0	0	0	57283	49048	475267	0	0	0	0	0	0	0	0	0	0	461978	25751	0	276115	341572	0	0	907986	345120	1106478	734220	1502009	7563993	23697261	0
LFQ	8	0	0	149	0	0	0	0	0	0	0	0	0	0	0	58372	49702	479702	0	0	0	0	0	0	0	0	0	0	463842	26387	0	279028	343373	0	0	909141	346647	1112908	737524	1507274	7580421	23626485	0
LFQ	9	0	0	1198	0	0	0	0	0	0	0	0	0	0	0	58866	50345	481202	0	0	0	0	0	0	0	0	0	0	464857	26711	0	283246	345034	0	0	916566	350242	1119457	744283	1533966	7634022	23486810	0
LFQ	10	0	0	2712	0	0	0	0	0	0	0	0	0	0	0	58370	49959	479943	0	0	0	0	0	0	0	0	0	0	464988	26420	0	282557	343527	0	0	916642	351134	1120969	745815	1529906	7658558	23442917	0
LFQ	11	0	0	154	0	0	0	0	0	0	0	0	0	0	0	58203	50029	481438	0	0	0	0	0	0	0	0	0	0	467739	26771	0	286615	347365	0	0	925766	352789	1138427	753837	1549738	7718650	23294246	0
LFQ	12	0	0	952	0	0	0	0	0	0	0	0	0	0	0	57919	49162	474715	0	0	0	0	0	0	0	0	0	0	462807	26718	0	284168	346227	0	0	922589	354010	1133414	755206	1556210	7752271	23252175	0
LFQ	13	0	0	815	0	0	0	0	0	0	0	0	0	0	0	57915	49644	477619	0	0	0	0	0	0	0	0	0	0	460256	27256	0	289241	349614	0	0	931896	355263	1148747	761458	1568271	7807297	23120863	0
LFQ	14	0	0	615	0	0	0	0	0	0	0	0	0	0	0	59427	50824	486328	0	0	0	0	0	0	0	0	0	0	462462	27960	0	290596	348240	0	0	932358	357715	1149704	763992	1584111	7851973	23018130	0
LFQ	15	0	0	465	0	0	0	0	0	0	0	0	0	0	0	59786	50762	483388	0	0	0	0	0	0	0	0	0	0	466387	28201	0	291308	347662	0	0	936168	361486	1153067	765213	1595276	7863943	22959650	0
LFQ	16	0	0	312	0	0	0	0	0	0	0	0	0	0	0	58171	49726	473435	0	0	0	0	0	0	0	0	0	0	466013	27862	0	290766	347703	0	0	936080	362324	1157065	770524	1592412	7893560	22915672	0
LFQ	17	0	0	582	0	0	0	0	0	0	0	0	0	0	0	58961	50158	479392	0	0	0	0	0	0	0	0	0	0	460556	28140	0	295776	350745	0	0	946573	363981	1174392	779507	1612283	7990801	22728938	0
LFQ	18	0	0	501	0	0	0	0	0	0	0	0	0	0	0	59102	50464	476989	0	0	0	0	0	0	0	0	0	0	457685	28468	0	297268	350735	0	0	948376	364758	1175695	780174	1616582	8044822	22648506	0
LFQ	19	0	0	8	0	0	0	0	0	0	0	0	0	0	0	58369	49810	475483	0	0	0	0	0	0	0	0	0	0	454531	28377	0	296886	351130	0	0	947987	363501	1176703	782288	1614303	8048479	22631787	0
LFQ	20	0	0	256	0	0	0	0	0	0	0	0	0	0	0	59993	50917	484929	0	0	0	0	0	0	0	0	0	0	454356	28734	0	299976	352137	0	0	953068	365502	1182652	785648	1630224	8084156	22526192	0
LFQ	21	0	0	432	0	0	0	0	0	0	0	0	0	0	0	60951	51825	492065	0	0	0	0	0	0	0	0	0	0	460851	29154	0	303618	353747	0	0	959317	370151	1192899	792170	1641649	8102323	22426271	0
LFQ	22	0	0	729	0	0	0	0	0	0	0	0	0	0	0	59295	50205	478389	0	0	0	0	0	0	0	0	0	0	464552	29314	0	303461	352244	0	0	959779	374259	1197909	796303	1667186	8174189	22308366	0
LFQ	23	0	0	88	0	0	0	0	0	0	0	0	0	0	0	62825	53018	504767	0	0	0	0	0	0	0	0	0	0	459154	31743	0	328595	366091	0	0	997196	381932	1266684	833287	1815960	8537225	21556237	0
LFQ	24	0	0	13	0	0	0	0	0	0	0	0	0	0	0	65330	55333	522938	0	0	0	0	0	0	0	0	0	0	475211	32209	0	333824	372666	0	0	1024456	394087	1301468	858971	1847554	8805498	21084098	0
LFQ	25	0	0	43	0	0	0	0	0	0	0	0	0	0	0	64842	55162	519169	0	0	0	0	0	0	0	0	0	0	487395	32806	0	339418	377929	0	0	1043338	405788	1327104	878086	1865288	8994747	20761186	0
LFQ	26	0	0	158	0	0	0	0	0	0	0	0	0	0	0	64919	55080	518861	0	0	0	0	0	0	0	0	0	0	483349	33173	0	343811	380439	0	0	1054407	411641	1347406	892278	1886095	9147487	20511337	0
LFQ	27	0	0	38	0	0	0	0	0	0	0	0	0	0	0	67762	57442	538775	0	0	0	0	0	0	0	0	0	0	488164	33483	0	349186	384028	0	0	1064583	412216	1360353	901461	1895279	9224211	20331734	0
LFQ	28	0	0	56	0	0	0	0	0	0	0	0	0	0	0	66936	56729	535922	0	0	0	0	0	0	0	0	0	0	504247	33911	0	352464	387662	0	0	1076131	421373	1376238	910763	1903524	9291869	20168589	0
LFQ	29	0	0	283	0	0	0	0	0	0	0	0	0	0	0	68503	57969	550398	0	0	0	0	0	0	0	0	0	0	504851	34267	0	356206	388035	0	0	1081742	425876	1385494	916894	1916079	9320711	20056663	0
LFQ	30	0	0	170	0	0	0	0	0	0	0	0	0	0	0	69212	59280	550174	0	0	0	0	0	0	0	0	0	0	512339	34625	0	357902	391454	0	0	1090868	431172	1395003	924925	1926874	9387661	19910071	0
LFQ	31	0	0	348	0	0	0	0	0	0	0	0	0	0	0	67878	57839	540388	0	0	0	0	0	0	0	0	0	0	514220	34764	0	359459	392776	0	0	1096199	434221	1403562	931500	1931995	9433377	19821200	0
LFQ	32	0	0	126	0	0	0	0	0	0	0	0	0	0	0	69302	58529	547077	0	0	0	0	0	0	0	0	0	0	505384	35244	0	363422	395408	0	0	1100834	433300	1412811	935786	1940320	9452027	19748123	0
LFQ	33	0	0	299	0	0	0	0	0	0	0	0	0	0	0	70102	58677	551794	0	0	0	0	0	0	0	0	0	0	506637	35471	0	365043	395063	0	0	1107412	435843	1419523	943485	1951732	9492660	19642247	0
LFQ	34	0	0	211	0	0	0	0	0	0	0	0	0	0	0	71651	60804	564769	0	0	0	0	0	0	0	0	0	0	514449	35581	0	369666	397439	0	0	1112216	438970	1430818	947879	1959119	9525376	19524868	0
LFQ	35	0	0	8	0	0	0	0	0	0	0	0	0	0	0	70083	59286	553136	0	0	0	0	0	0	0	0	0	0	523945	36134	0	370403	399502	0	0	1125859	446517	1442809	955669	1975949	9581600	19390633	0
LFQ	36	0	0	255	0	0	0	0	0	0	0	0	0	0	0	70033	58532	547925	0	0	0	0	0	0	0	0	0	0	511623	36186	0	372783	398870	0	0	1127446	445922	1445178	957953	1976827	9594207	19365715	0
LFQ	37	0	0	93	0	0	0	0	0	0	0	0	0	0	0	69754	59309	552109	0	0	0	0	0	0	0	0	0	0	505510	36609	0	373262	398530	0	0	1123768	441121	1444250	957420	1976498	9592303	19356857	0
LFQ	38	0	0	625	0	0	0	0	0	0	0	0	0	0	0	70782	59358	555419	0	0	0	0	0	0	0	0	0	0	506457	36414	0	376427	400618	0	0	1126978	442344	1448945	960383	1986630	9604342	19289765	0
LFQ	39	0	0	91	0	0	0	0	0	0	0	0	0	0	0	72275	60087	561574	0	0	0	0	0	0	0	0	0	0	508699	37324	0	381773	402153	0	0	1136094	446136	1461288	965181	2003180	9626465	19180843	0
LFQ	40	0	0	9	0	0	0	0	0	0	0	0	0	0	0	72477	60798	561110	0	0	0	0	0	0	0	0	0	0	515485	37500	0	382133	405339	0	0	1142378	451952	1469659	973578	2006808	9660734	19080674	0
LFQ	41	0	0	57	0	0	0	0	0	0	0	0	0	0	0	73653	61978	574611	0	0	0	0	0	0	0	0	0	0	518984	38225	0	389946	409463	0	0	1157074	458082	1488671	982592	2025008	9717771	18901958	0
LFQ	42	0	0	1137	0	0	0	0	0	0	0	0	0	0	0	72702	61107	561592	0	0	0	0	0	0	0	0	0	0	519663	38022	0	389344	407756	0	0	1157934	460141	1490523	983899	2028596	9753305	18849594	0
LFQ	43	0	0	100	0	0	0	0	0	0	0	0	0	0	0	74094	61946	570154	0	0	0	0	0	0	0	0	0	0	515468	38751	0	391981	410591	0	0	1161420	460323	1496064	989212	2035684	9761794	18785341	0
LFQ	44	0	0	347	0	0	0	0	0	0	0	0	0	0	0	76350	64352	587136	0	0	0	0	0	0	0	0	0	0	520782	39444	0	397857	412110	0	0	1168266	461211	1507968	994522	2047101	9789544	18662487	0
LFQ	45	0	0	0	0	0	0	0	0	0	0	0	0	0	0	74719	63214	576790	0	0	0	0	0	0	0	0	0	0	533734	39381	0	400028	414337	0	0	1181366	470616	1519817	1004833	2061176	9846712	18520247	0
LFQ	46	0	0	5	0	0	0	0	0	0	0	0	0	0	0	75601	64216	584646	0	0	0	0	0	0	0	0	0	0	529605	40250	0	403086	415851	0	0	1186612	473320	1527076	1010649	2066413	9873412	18433480	0
LFQ	47	0	0	10	0	0	0	0	0	0	0	0	0	0	0	78111	65777	599618	0	0	0	0	0	0	0	0	0	0	538191	40884	0	412856	422837	0	0	1207458	480558	1549376	1024507	2086993	9947291	18206757	0
LFQ	48	0	0	82	0	0	0	0	0	0	0	0	0	0	0	79432	67692	607884	0	0	0	0	0	0	0	0	0	0	543411	41310	0	412557	423981	0	0	1212538	483981	1558295	1029422	2087586	9967625	18122465	0
LFQ	49	0	0	155	0	0	0	0	0	0	0	0	0	0	0	77947	66665	595399	0	0	0	0	0	0	0	0	0	0	549032	41452	0	414858	424267	0	0	1214988	488755	1561284	1036192	2098305	9991138	18054890	0
LFQ	50	0	0	1	0	0	0	0	0	0	0	0	0	0	0	77638	66844	594847	0	0	0	0	0	0	0	0	0	0	542626	41910	0	419911	426318	0	0	1223127	488858	1574170	1038725	2107772	10016344	17972688	0
LFQ	51	0	0	5	0	0	0	0	0	0	0	0	0	0	0	81733	70631	618921	0	0	0	0	0	0	0	0	0	0	542502	42511	0	426343	429373	0	0	1232770	493944	1588335	1045983	2125060	10058161	17811690	0
LFQ	52	0	0	923	0	0	0	0	0	0	0	0	0	0	0	82814	72721	628144	0	0	0	0	0	0	0	0	0	0	563839	43957	0	434943	434480	0	0	1252529	502563	1608032	1060113	2139547	10112300	17607181	0
LFQ	53	0	0	23	0	0	0	0	0	0	0	0	0	0	0	80716	71614	610162	0	0	0	0	0	0	0	0	3	0	564477	43688	0	432206	436659	0	0	1254827	509133	1615366	1068731	2142970	10150172	17539568	0
LFQ	54	0	0	113	0	0	0	0	0	0	0	0	0	0	0	81713	72968	612225	0	0	0	0	0	0	0	0	3	0	556033	44469	0	439771	439196	0	0	1268669	512154	1630430	1077628	2162793	10217888	17379611	0
LFQ	55	0	0	0	0	0	0	0	0	0	0	0	0	0	0	84811	77101	637608	0	0	0	0	0	0	0	0	50	2	559810	44999	0	448275	445386	0	0	1284797	513422	1650818	1085723	2172064	10246580	17219482	0
LFQ	56	0	0	1	0	0	0	0	0	0	0	0	0	0	0	84196	78741	627452	0	0	0	0	0	0	0	0	103	8	574055	45480	0	448451	446721	0	0	1291763	522529	1658321	1093138	2181508	10300544	17092955	0
LFQ	57	0	0	102	0	0	0	0	0	0	0	0	0	0	0	85423	80456	628954	0	0	0	0	0	0	0	0	261	10	571324	46269	0	453690	449920	0	0	1299210	527145	1671828	1098080	2185627	10318558	17003656	0
LFQ	58	0	0	292	0	0	0	0	0	0	0	0	0	0	0	86453	84438	632832	0	0	0	0	0	0	0	0	193	13	569927	46453	0	456165	451953	0	0	1303661	526692	1680005	1103847	2197403	10332892	16921954	0
LFQ	59	0	0	475	0	0	0	0	0	0	0	0	0	0	0	87303	86737	631808	0	0	0	0	0	0	0	0	365	25	574179	47572	0	462092	453760	0	0	1314644	532883	1691983	1113713	2210701	10378943	16782689	0
LFQ	60	0	0	214	0	0	0	0	0	0	0	0	0	0	0	88021	90501	629807	0	0	0	0	0	0	0	0	329	21	573910	47760	0	464478	457032	0	0	1321155	534911	1701003	1119471	2217317	10404455	16693778	0
LFQ	61	0	0	12	0	0	0	0	0	0	0	0	0	0	1	89013	93431	629384	0	0	0	0	0	0	0	0	470	22	574806	48499	0	470238	458923	0	0	1332476	540072	1718350	1127491	2233516	10457061	16543933	0
LFQ	62	0	0	36	0	0	0	0	0	0	0	0	0	0	10	91098	96081	639708	0	0	0	0	0	0	1	0	650	39	580435	49006	0	475469	463378	0	1	1342256	543691	1729904	1136400	2237801	10482574	16422496	0
LFQ	63	0	0	1835	0	0	0	0	0	0	0	0	0	3	69	92997	100299	644148	0	0	0	0	0	0	10	0	782	27	588531	50393	0	481283	466921	0	3	1352064	549407	1745361	1143908	2247777	10512886	16284570	0
LFQ	64	0	0	807	0	0	0	0	0	0	0	0	0	134	1369	92346	103402	652612	0	0	0	0	0	0	99	0	820	56	598353	51190	0	487333	472211	99	78	1367893	557393	1763048	1155083	2263269	10540999	16127196	0
LFQ	65	0	0	17	0	0	0	0	0	0	0	0	0	75	833	97283	107067	674947	0	0	0	0	0	0	57	0	1287	81	610350	52098	0	500592	478508	49	50	1390522	565188	1790754	1168649	2280340	10591624	15896913	0
LFQ	66	0	0	198	0	0	0	0	0	0	0	0	0	329	2850	96144	109119	671860	0	0	0	0	0	0	226	0	1314	149	619611	52592	0	501313	481184	173	222	1401409	576039	1801058	1179329	2289357	10632470	15761633	0
LFQ	67	0	0	20	0	0	0	0	0	0	0	0	0	453	4098	96875	111921	686294	0	0	0	0	0	0	313	0	1477	136	625942	53551	0	507606	485660	272	306	1413014	581763	1817810	1188933	2300624	10661084	15611475	0
LFQ	68	0	0	17	0	0	0	0	0	0	0	0	0	690	5367	98459	114735	699827	0	0	0	0	0	0	470	0	1705	184	641573	54238	0	515194	488800	389	368	1422540	588139	1830204	1198077	2308301	10689621	15461423	0
LFQ	69	0	0	781	0	0	0	0	0	0	0	0	0	735	6249	97734	114363	681737	0	0	0	0	0	0	580	0	2188	273	650450	55152	0	521430	493681	443	546	1441390	600499	1849077	1212267	2327789	10748348	15284947	0
LFQ	70	0	0	9	0	0	0	0	0	0	0	0	0	687	5396	102297	116867	695837	0	0	0	0	0	0	471	0	3007	269	642936	56161	0	528882	501090	377	413	1456147	606232	1869716	1221888	2334660	10768318	15148850	0
LFQ	71	0	0	0	0	0	0	0	0	0	0	0	0	965	7261	102333	119461	702337	0	0	0	0	0	0	676	0	3275	344	647806	56587	0	531234	503462	558	644	1463056	605073	1881148	1229109	2344222	10801748	15028566	0
LFQ	72	0	0	29	0	0	0	0	0	0	0	0	0	1682	12283	102290	119678	710884	0	0	0	0	0	0	1252	0	4200	539	653586	57914	0	538838	504609	983	1161	1469595	609894	1893648	1232352	2351883	10831655	14899566	0
LFQ	73	0	0	6	0	0	0	0	0	0	0	0	0	1605	11350	116644	131006	780350	0	0	0	0	0	0	1189	1	5656	621	682635	60177	0	558318	518331	938	1068	1505497	626508	1926472	1253886	2368898	10848203	14566952	0
LFQ	74	0	0	0	0	0	0	0	0	0	0	0	0	1589	11256	115597	122017	736923	0	0	0	0	0	2	1235	2	7426	696	723401	60812	0	553266	520200	1000	1144	1517237	642388	1937843	1268368	2376455	10889643	14445285	0
LFQ	75	0	0	22	0	0	0	0	0	0	0	0	0	2314	15303	115130	121370	733133	0	0	0	0	0	91	1721	42	9020	922	700983	61628	0	565629	525447	1422	1618	1536008	653834	1964771	1286184	2400312	10937183	14266112	0
LFQ	76	0	0	1	0	0	0	0	0	0	0	0	0	2637	17759	118199	121932	741131	0	0	0	0	0	114	1941	37	9803	1001	692861	62530	0	578226	534878	1732	1940	1557285	652194	1992358	1298061	2417152	10999492	14062167	0
LFQ	77	0	0	2	0	0	0	0	0	0	0	0	0	2705	17837	125624	122299	757020	0	0	0	0	0	0	2068	0	11859	1207	698751	63488	0	586728	542834	1740	1965	1576131	659538	2014171	1309671	2418750	11040471	13874939	0
LFQ	78	0	0	552	0	0	0	0	0	0	0	0	0	3783	22629	130068	111357	741921	0	0	0	0	0	5	2829	0	16417	1590	690334	63853	0	586868	541049	2367	2782	1577973	660433	2021272	1314488	2428930	11069108	13796178	0
LFQ	79	0	0	31	0	0	0	0	0	0	0	0	0	4412	25044	123841	105837	705580	0	0	0	0	0	150	3323	53	17340	1873	689023	64537	0	595623	547129	3128	3416	1588977	663961	2042969	1323478	2436506	11093751	13650354	0
LFQ	80	0	0	480	0	0	0	0	0	0	0	0	0	3921	22072	90595	76301	535042	0	0	0	0	0	544	4324	160	19431	2074	696713	65856	0	608861	553985	4042	4587	1603918	664464	2056276	1322390	2440976	11084622	13459011	0
LFQ	81	0	0	0	0	0	0	0	0	0	0	0	0	0	0	0	0	0	0	0	0	0	0	1336	12260	352	44981	3997	1964093	143186	0	1550495	1734337	7135	5012	3440964	986768	3458302	1859724	2160478	8180506	5538308	0
# GC Content of first fragments. Use `grep ^GCF | cut -f 2-` to extract this part.
GCF	0.75	13280
GCF	1.76	13278
GCF	2.26	13277
GCF	2.76	13312
GCF	3.27	13343
GCF	3.77	13439
GCF	4.27	13501
GCF	4.77	13580
GCF	5.28	13593
GCF	5.78	13521
GCF	6.28	13516
GCF	6.78	13474
GCF	7.29	13490
GCF	7.79	13538
GCF	8.29	13468
GCF	8.79	13593
GCF	9.30	13592
GCF	9.80	13646
GCF	10.30	13745
GCF	10.80	13824
GCF	11.31	14072
GCF	11.81	14218
GCF	12.31	14489
GCF	12.81	14599
GCF	13.32	14789
GCF	13.82	15332
GCF	14.32	15577
GCF	14.82	16480
GCF	15.33	16720
GCF	15.83	18476
GCF	16.33	18774
GCF	16.83	19315
GCF	17.34	22969
GCF	17.84	23274
GCF	18.34	29353
GCF	18.84	30062
GCF	19.35	30408
GCF	19.85	41146
GCF	20.35	41490
GCF	20.85	56046
GCF	21.36	57627
GCF	21.86	58009
GCF	22.36	80909
GCF	22.86	81529
GCF	23.37	110874
GCF	23.87	113243
GCF	24.37	113792
GCF	24.87	155320
GCF	25.38	155847
GCF	25.88	202191
GCF	26.38	205509
GCF	26.88	205973
GCF	27.39	263389
GCF	27.89	264377
GCF	28.39	327174
GCF	28.89	331221
GCF	29.40	397965
GCF	29.90	402185
GCF	30.40	402973
GCF	30.90	476707
GCF	31.41	481086
GCF	31.91	561688
GCF	32.41	566727
GCF	32.91	567419
GCF	33.42	653703
GCF	33.92	657563
GCF	34.42	743642
GCF	34.92	749236
GCF	35.43	750149
GCF	35.93	837154
GCF	36.43	842473
GCF	36.93	929661
GCF	37.44	935791
GCF	37.94	937234
GCF	38.44	1014020
GCF	38.94	1018462
GCF	39.45	1091110
GCF	39.95	1096823
GCF	40.45	1097081
GCF	40.95	1149750
GCF	41.46	1153523
GCF	41.96	1197663
GCF	42.46	1201115
GCF	42.96	1236010
GCF	43.47	1236399
GCF	43.97	1239519
GCF	44.47	1267146
GCF	44.97	1270147
GCF	45.48	1287462
GCF	45.98	1288171
GCF	46.48	1290721
GCF	46.98	1301148
GCF	47.49	1303412
GCF	47.99	1312140
GCF	48.49	1312874
GCF	48.99	1315577
GCF	49.50	1332837
GCF	50.00	1340904
GCF	50.50	1358714
GCF	51.01	1361950
GCF	51.51	1362672
GCF	52.01	1389462
GCF	52.51	1393886
GCF	53.02	1423797
GCF	53.52	1428768
GCF	54.02	1429609
GCF	54.52	1456627
GCF	55.03	1461940
GCF	55.53	1487042
GCF	56.03	1491842
GCF	56.53	1492560
GCF	57.04	1499102
GCF	57.54	1502612
GCF	58.04	1491918
GCF	58.54	1493560
GCF	59.05	1453150
GCF	59.55	1453268
GCF	60.05	1453671
GCF	60.55	1392724
GCF	61.06	1390271
GCF	61.56	1311137
GCF	62.06	1310405
GCF	62.56	1306714
GCF	63.07	1205092
GCF	63.57	1198533
GCF	64.07	1081323
GCF	64.57	1079767
GCF	65.08	1072624
GCF	65.58	942444
GCF	66.08	932330
GCF	66.58	801158
GCF	67.09	799463
GCF	67.59	789487
GCF	68.09	663158
GCF	68.59	651522
GCF	69.10	536679
GCF	69.60	534451
GCF	70.10	523877
GCF	70.60	423986
GCF	71.11	414527
GCF	71.61	331722
GCF	72.11	329607
GCF	72.61	256734
GCF	73.12	255161
GCF	73.62	248022
GCF	74.12	197862
GCF	74.62	197004
GCF	75.13	152583
GCF	75.63	151335
GCF	76.13	146630
GCF	76.63	118655
GCF	77.14	116816
GCF	77.64	92916
GCF	78.14	92134
GCF	78.64	88706
GCF	79.15	74084
GCF	79.65	73371
GCF	80.15	59075
GCF	80.65	58454
GCF	81.16	56283
GCF	81.66	48810
GCF	82.16	48076
GCF	82.66	41594
GCF	83.17	39516
GCF	83.67	38439
GCF	84.17	33399
GCF	84.67	32696
GCF	85.18	28788
GCF	85.68	27304
GCF	86.18	24871
GCF	86.68	24425
GCF	87.19	24183
GCF	87.69	21917
GCF	88.19	21544
GCF	88.69	19908
GCF	89.20	19811
GCF	89.70	19655
GCF	90.20	18645
GCF	90.70	18011
GCF	91.21	17770
GCF	91.71	17364
GCF	92.21	17076
GCF	92.71	16839
GCF	93.22	16644
GCF	93.72	16479
GCF	94.22	16345
GCF	94.72	16272
GCF	95.23	16187
GCF	95.73	16132
GCF	96.23	16058
GCF	96.73	16020
GCF	97.24	15993
GCF	97.74	15988
GCF	98.24	15984
GCF	99.25	15993
# GC Content of last fragments. Use `grep ^GCL | cut -f 2-` to extract this part.
GCL	0.50	40851
GCL	1.26	40846
GCL	2.01	40848
GCL	2.76	40860
GCL	3.27	40907
GCL	3.77	40949
GCL	4.27	41027
GCL	4.77	41130
GCL	5.28	41152
GCL	5.78	41208
GCL	6.28	41182
GCL	6.78	41189
GCL	7.29	41310
GCL	7.79	41419
GCL	8.29	41563
GCL	8.79	41685
GCL	9.30	41852
GCL	9.80	42265
GCL	10.30	42378
GCL	10.80	42497
GCL	11.31	43049
GCL	11.81	43251
GCL	12.31	44145
GCL	12.81	44374
GCL	13.32	44653
GCL	13.82	45315
GCL	14.32	46443
GCL	14.82	47686
GCL	15.33	48239
GCL	15.83	50306
GCL	16.33	50834
GCL	16.83	52906
GCL	17.34	57226
GCL	17.84	57753
GCL	18.34	64288
GCL	18.84	65834
GCL	19.35	66327
GCL	19.85	80064
GCL	20.35	80701
GCL	20.85	96140
GCL	21.36	99104
GCL	21.86	99906
GCL	22.36	124450
GCL	22.86	125940
GCL	23.37	155400
GCL	23.87	160325
GCL	24.37	161253
GCL	24.87	206969
GCL	25.38	207858
GCL	25.88	252836
GCL	26.38	259335
GCL	26.88	260729
GCL	27.39	320009
GCL	27.89	321853
GCL	28.39	384671
GCL	28.89	392256
GCL	29.40	457183
GCL	29.90	466260
GCL	30.40	468029
GCL	30.90	539796
GCL	31.41	549057
GCL	31.91	623584
GCL	32.41	632409
GCL	32.91	633728
GCL	33.42	719389
GCL	33.92	727072
GCL	34.42	807973
GCL	34.92	817854
GCL	35.43	819872
GCL	35.93	903711
GCL	36.43	913850
GCL	36.93	990299
GCL	37.44	1000604
GCL	37.94	1002587
GCL	38.44	1075002
GCL	38.94	1084113
GCL	39.45	1147052
GCL	39.95	1159075
GCL	40.45	1160113
GCL	40.95	1207126
GCL	41.46	1214292
GCL	41.96	1253121
GCL	42.46	1258562
GCL	42.96	1290505
GCL	43.47	1291526
GCL	43.97	1297499
GCL	44.47	1321321
GCL	44.97	1326880
GCL	45.48	1339791
GCL	45.98	1341903
GCL	46.48	1346604
GCL	46.98	1354499
GCL	47.49	1358829
GCL	47.99	1366237
GCL	48.49	1367946
GCL	48.99	1373100
GCL	49.50	1382623
GCL	50.00	1403991
GCL	50.50	1421396
GCL	51.01	1427937
GCL	51.51	1429816
GCL	52.01	1450177
GCL	52.51	1458400
GCL	53.02	1483402
GCL	53.52	1493658
GCL	54.02	1496238
GCL	54.52	1516692
GCL	55.03	1526169
GCL	55.53	1545082
GCL	56.03	1555035
GCL	56.53	1556788
GCL	57.04	1562786
GCL	57.54	1568788
GCL	58.04	1553915
GCL	58.54	1558568
GCL	59.05	1523852
GCL	59.55	1523641
GCL	60.05	1524888
GCL	60.55	1468946
GCL	61.06	1464681
GCL	61.56	1390297
GCL	62.06	1388581
GCL	62.56	1381328
GCL	63.07	1286949
GCL	63.57	1273582
GCL	64.07	1168771
GCL	64.57	1165775
GCL	65.08	1150179
GCL	65.58	1032491
GCL	66.08	1014455
GCL	66.58	896325
GCL	67.09	893520
GCL	67.59	873943
GCL	68.09	758364
GCL	68.59	735304
GCL	69.10	630281
GCL	69.60	626064
GCL	70.10	604692
GCL	70.60	515548
GCL	71.11	497600
GCL	71.61	421966
GCL	72.11	417338
GCL	72.61	343838
GCL	73.12	339677
GCL	73.62	325511
GCL	74.12	280300
GCL	74.62	278399
GCL	75.13	230010
GCL	75.63	227702
GCL	76.13	218357
GCL	76.63	193448
GCL	77.14	189486
GCL	77.64	163846
GCL	78.14	162047
GCL	78.64	156073
GCL	79.15	141953
GCL	79.65	140692
GCL	80.15	122460
GCL	80.65	121399
GCL	81.16	117188
GCL	81.66	108985
GCL	82.16	107415
GCL	82.66	100351
GCL	83.17	94876
GCL	83.67	93192
GCL	84.17	88762
GCL	84.67	87181
GCL	85.18	82737
GCL	85.68	78762
GCL	86.18	76003
GCL	86.68	75099
GCL	87.19	74651
GCL	87.69	70486
GCL	88.19	69928
GCL	88.69	66990
GCL	89.20	66806
GCL	89.70	66423
GCL	90.20	64527
GCL	90.70	63241
GCL	91.21	62990
GCL	91.71	62173
GCL	92.21	61497
GCL	92.71	60987
GCL	93.22	60649
GCL	93.72	60371
GCL	94.22	60002
GCL	94.72	59915
GCL	95.23	59699
GCL	95.73	59626
GCL	96.23	59539
GCL	96.73	59505
GCL	97.24	59489
GCL	97.74	59475
GCL	98.99	59474
# ACGT content per cycle. Use `grep ^GCC | cut -f 2-` to extract this part. The columns are: cycle; A,C,G,T base counts as a percentage of all A/C/G/T bases [%]; and N and O counts as a percentage of all A/C/G/T bases [%]
GCC	1	24.73	25.18	25.07	25.02	0.00	0.00
GCC	2	24.73	25.18	25.06	25.03	0.00	0.00
GCC	3	24.88	25.03	24.92	25.17	0.00	0.00
GCC	4	24.70	25.21	25.08	25.00	0.00	0.00
GCC	5	24.68	25.22	25.10	24.99	0.00	0.00
GCC	6	24.83	25.09	24.94	25.13	0.00	0.00
GCC	7	24.67	25.26	25.11	24.97	0.00	0.00
GCC	8	24.67	25.27	25.11	24.95	0.00	0.00
GCC	9	24.80	25.11	24.98	25.10	0.00	0.00
GCC	10	24.64	25.27	25.12	24.96	0.00	0.00
GCC	11	24.63	25.30	25.14	24.92	0.00	0.00
GCC	12	24.77	25.17	25.00	25.05	0.00	0.00
GCC	13	24.60	25.33	25.15	24.92	0.00	0.00
GCC	14	24.59	25.34	25.16	24.91	0.00	0.00
GCC	15	24.72	25.21	25.04	25.03	0.00	0.00
GCC	16	24.58	25.35	25.16	24.91	0.00	0.00
GCC	17	24.56	25.38	25.18	24.88	0.00	0.00
GCC	18	24.70	25.24	25.03	25.03	0.00	0.00
GCC	19	24.56	25.38	25.17	24.89	0.00	0.00
GCC	20	24.53	25.41	25.20	24.87	0.00	0.00
GCC	21	24.67	25.26	25.06	25.01	0.00	0.00
GCC	22	24.54	25.42	25.19	24.86	0.00	0.00
GCC	23	24.52	25.44	25.21	24.83	0.00	0.00
GCC	24	24.65	25.30	25.08	24.98	0.00	0.00
GCC	25	24.49	25.45	25.22	24.84	0.00	0.00
GCC	26	24.48	25.47	25.23	24.83	0.00	0.00
GCC	27	24.62	25.32	25.08	24.98	0.00	0.00
GCC	28	24.47	25.48	25.22	24.83	0.00	0.00
GCC	29	24.47	25.49	25.21	24.82	0.00	0.00
GCC	30	24.62	25.34	25.08	24.97	0.00	0.00
GCC	31	24.47	25.48	25.22	24.83	0.00	0.00
GCC	32	24.47	25.49	25.22	24.83	0.00	0.00
GCC	33	24.60	25.36	25.09	24.95	0.00	0.00
GCC	34	24.47	25.48	25.20	24.84	0.00	0.00
GCC	35	24.45	25.51	25.23	24.81	0.00	0.00
GCC	36	24.57	25.38	25.10	24.95	0.00	0.00
GCC	37	24.44	25.52	25.23	24.81	0.00	0.00
GCC	38	24.44	25.53	25.22	24.81	0.00	0.00
GCC	39	24.56	25.40	25.10	24.94	0.00	0.00
GCC	40	24.43	25.53	25.22	24.81	0.00	0.00
GCC	41	24.42	25.54	25.24	24.80	0.00	0.00
GCC	42	24.55	25.42	25.10	24.93	0.00	0.00
GCC	43	24.43	25.53	25.22	24.83	0.00	0.00
GCC	44	24.41	25.54	25.25	24.80	0.00	0.00
GCC	45	24.55	25.42	25.10	24.93	0.00	0.00
GCC	46	24.42	25.56	25.23	24.80	0.00	0.00
GCC	47	24.40	25.55	25.25	24.80	0.00	0.00
GCC	48	24.53	25.43	25.12	24.92	0.00	0.00
GCC	49	24.41	25.56	25.23	24.79	0.00	0.00
GCC	50	24.40	25.58	25.24	24.78	0.00	0.00
GCC	51	24.52	25.45	25.13	24.91	0.00	0.00
GCC	52	24.42	25.56	25.21	24.81	0.00	0.00
GCC	53	24.41	25.57	25.23	24.79	0.00	0.00
GCC	54	24.52	25.44	25.12	24.92	0.00	0.00
GCC	55	24.40	25.57	25.24	24.79	0.00	0.00
GCC	56	24.40	25.57	25.24	24.79	0.00	0.00
GCC	57	24.52	25.44	25.12	24.91	0.00	0.00
GCC	58	24.41	25.56	25.23	24.79	0.00	0.00
GCC	59	24.40	25.57	25.23	24.80	0.00	0.00
GCC	60	24.51	25.45	25.14	24.90	0.00	0.00
GCC	61	24.40	25.56	25.23	24.81	0.00	0.00
GCC	62	24.39	25.58	25.22	24.81	0.00	0.00
GCC	63	24.51	25.45	25.11	24.92	0.00	0.00
GCC	64	24.39	25.58	25.24	24.79	0.00	0.00
GCC	65	24.38	25.58	25.24	24.80	0.00	0.00
GCC	66	24.51	25.46	25.13	24.91	0.00	0.00
GCC	67	24.39	25.56	25.24	24.81	0.00	0.00
GCC	68	24.38	25.59	25.25	24.79	0.00	0.00
GCC	69	24.48	25.48	25.13	24.90	0.00	0.00
GCC	70	24.39	25.58	25.23	24.80	0.00	0.00
GCC	71	24.39	25.58	25.24	24.79	0.00	0.00
GCC	72	24.50	25.47	25.13	24.90	0.00	0.00
GCC	73	24.40	25.56	25.23	24.80	0.00	0.00
GCC	74	24.37	25.60	25.25	24.78	0.00	0.00
GCC	75	24.49	25.47	25.14	24.91	0.00	0.00
GCC	76	24.39	25.57	25.25	24.79	0.00	0.00
GCC	77	24.39	25.58	25.23	24.79	0.00	0.00
GCC	78	24.49	25.46	25.14	24.90	0.00	0.00
GCC	79	24.39	25.57	25.24	24.80	0.00	0.00
GCC	80	24.38	25.58	25.25	24.79	0.00	0.00
GCC	81	24.13	25.88	25.44	24.55	0.00	0.00
# ACGT content per cycle, read oriented. Use `grep ^GCT | cut -f 2-` to extract this part. The columns are: cycle; A,C,G,T base counts as a percentage of all A/C/G/T bases [%]
GCT	1	24.48	25.46	24.79	25.26
GCT	2	24.66	25.31	24.93	25.10
GCT	3	24.78	25.18	24.78	25.27
GCT	4	24.54	25.45	24.85	25.16
GCT	5	24.68	25.35	24.97	24.99
GCT	6	24.79	25.21	24.82	25.18
GCT	7	24.56	25.45	24.92	25.08
GCT	8	24.66	25.35	25.03	24.96
GCT	9	24.76	25.22	24.88	25.14
GCT	10	24.54	25.43	24.97	25.06
GCT	11	24.67	25.32	25.13	24.88
GCT	12	24.76	25.21	24.96	25.07
GCT	13	24.56	25.43	25.05	24.96
GCT	14	24.66	25.37	25.14	24.84
GCT	15	24.70	25.26	24.99	25.05
GCT	16	24.54	25.44	25.06	24.95
GCT	17	24.62	25.40	25.16	24.82
GCT	18	24.69	25.28	24.99	25.04
GCT	19	24.51	25.47	25.08	24.94
GCT	20	24.59	25.40	25.21	24.81
GCT	21	24.73	25.25	25.07	24.95
GCT	22	24.52	25.47	25.13	24.88
GCT	23	24.57	25.42	25.23	24.79
GCT	24	24.67	25.29	25.08	24.95
GCT	25	24.47	25.51	25.16	24.87
GCT	26	24.57	25.43	25.27	24.73
GCT	27	24.68	25.30	25.10	24.92
GCT	28	24.43	25.53	25.18	24.86
GCT	29	24.56	25.44	25.27	24.73
GCT	30	24.67	25.31	25.10	24.91
GCT	31	24.47	25.51	25.20	24.83
GCT	32	24.57	25.44	25.26	24.73
GCT	33	24.65	25.33	25.12	24.90
GCT	34	24.49	25.49	25.20	24.82
GCT	35	24.57	25.42	25.32	24.69
GCT	36	24.66	25.35	25.13	24.86
GCT	37	24.47	25.52	25.23	24.78
GCT	38	24.54	25.46	25.28	24.72
GCT	39	24.64	25.35	25.15	24.86
GCT	40	24.47	25.54	25.21	24.77
GCT	41	24.57	25.47	25.32	24.65
GCT	42	24.63	25.35	25.17	24.85
GCT	43	24.49	25.50	25.24	24.77
GCT	44	24.56	25.44	25.34	24.65
GCT	45	24.65	25.34	25.19	24.82
GCT	46	24.48	25.54	25.24	24.74
GCT	47	24.55	25.47	25.33	24.65
GCT	48	24.64	25.37	25.18	24.81
GCT	49	24.48	25.53	25.26	24.72
GCT	50	24.55	25.44	25.38	24.63
GCT	51	24.65	25.33	25.24	24.78
GCT	52	24.52	25.50	25.28	24.70
GCT	53	24.60	25.42	25.38	24.61
GCT	54	24.66	25.32	25.24	24.78
GCT	55	24.50	25.49	25.31	24.70
GCT	56	24.59	25.43	25.38	24.60
GCT	57	24.67	25.32	25.24	24.76
GCT	58	24.51	25.49	25.31	24.69
GCT	59	24.60	25.41	25.40	24.60
GCT	60	24.67	25.32	25.27	24.73
GCT	61	24.55	25.45	25.33	24.67
GCT	62	24.61	25.39	25.40	24.59
GCT	63	24.68	25.28	25.29	24.76
GCT	64	24.52	25.48	25.34	24.66
GCT	65	24.64	25.40	25.42	24.55
GCT	66	24.70	25.31	25.28	24.71
GCT	67	24.56	25.45	25.35	24.64
GCT	68	24.61	25.40	25.44	24.56
GCT	69	24.68	25.31	25.30	24.71
GCT	70	24.54	25.46	25.36	24.64
GCT	71	24.62	25.39	25.43	24.55
GCT	72	24.70	25.29	25.31	24.70
GCT	73	24.57	25.43	25.37	24.63
GCT	74	24.62	25.41	25.43	24.54
GCT	75	24.72	25.29	25.32	24.68
GCT	76	24.57	25.46	25.36	24.61
GCT	77	24.67	25.38	25.44	24.52
GCT	78	24.72	25.30	25.31	24.67
GCT	79	24.59	25.43	25.38	24.60
GCT	80	24.65	25.38	25.45	24.52
GCT	81	24.36	26.02	25.30	24.32
# ACGT content per cycle for first fragments. Use `grep ^FBC | cut -f 2-` to extract this part. The columns are: cycle; A,C,G,T base counts as a percentage of all A/C/G/T bases [%]; and N and O counts as a percentage of all A/C/G/T bases [%]
FBC	1	24.72	25.22	25.19	24.86	0.00	0.00
FBC	2	24.70	25.24	25.15	24.91	0.00	0.00
FBC	3	24.86	25.08	25.03	25.03	0.00	0.00
FBC	4	24.71	25.24	25.18	24.87	0.00	0.00
FBC	5	24.66	25.27	25.19	24.88	0.00	0.00
FBC	6	24.82	25.13	25.04	25.01	0.00	0.00
FBC	7	24.67	25.29	25.20	24.85	0.00	0.00
FBC	8	24.65	25.31	25.18	24.86	0.00	0.00
FBC	9	24.78	25.16	25.07	24.98	0.00	0.00
FBC	10	24.64	25.30	25.21	24.85	0.00	0.00
FBC	11	24.60	25.35	25.20	24.86	0.00	0.00
FBC	12	24.74	25.21	25.08	24.96	0.00	0.00
FBC	13	24.59	25.35	25.23	24.83	0.00	0.00
FBC	14	24.57	25.38	25.21	24.84	0.00	0.00
FBC	15	24.70	25.26	25.10	24.94	0.00	0.00
FBC	16	24.59	25.37	25.22	24.82	0.00	0.00
FBC	17	24.54	25.42	25.24	24.80	0.00	0.00
FBC	18	24.68	25.28	25.10	24.94	0.00	0.00
FBC	19	24.56	25.39	25.23	24.82	0.00	0.00
FBC	20	24.52	25.44	25.24	24.80	0.00	0.00
FBC	21	24.65	25.30	25.12	24.93	0.00	0.00
FBC	22	24.54	25.43	25.25	24.78	0.00	0.00
FBC	23	24.51	25.46	25.26	24.77	0.00	0.00
FBC	24	24.63	25.32	25.15	24.90	0.00	0.00
FBC	25	24.50	25.45	25.27	24.78	0.00	0.00
FBC	26	24.46	25.49	25.28	24.77	0.00	0.00
FBC	27	24.60	25.36	25.14	24.90	0.00	0.00
FBC	28	24.48	25.50	25.27	24.76	0.00	0.00
FBC	29	24.46	25.53	25.25	24.76	0.00	0.00
FBC	30	24.60	25.36	25.14	24.90	0.00	0.00
FBC	31	24.47	25.50	25.28	24.76	0.00	0.00
FBC	32	24.45	25.51	25.26	24.78	0.00	0.00
FBC	33	24.58	25.38	25.15	24.89	0.00	0.00
FBC	34	24.48	25.49	25.24	24.79	0.00	0.00
FBC	35	24.44	25.54	25.26	24.77	0.00	0.00
FBC	36	24.57	25.40	25.14	24.89	0.00	0.00
FBC	37	24.44	25.53	25.27	24.77	0.00	0.00
FBC	38	24.43	25.55	25.26	24.76	0.00	0.00
FBC	39	24.55	25.42	25.14	24.89	0.00	0.00
FBC	40	24.45	25.53	25.26	24.76	0.00	0.00
FBC	41	24.40	25.56	25.27	24.77	0.00	0.00
FBC	42	24.54	25.45	25.14	24.87	0.00	0.00
FBC	43	24.43	25.54	25.25	24.78	0.00	0.00
FBC	44	24.39	25.56	25.28	24.77	0.00	0.00
FBC	45	24.54	25.44	25.15	24.87	0.00	0.00
FBC	46	24.42	25.56	25.26	24.75	0.00	0.00
FBC	47	24.39	25.58	25.26	24.77	0.00	0.00
FBC	48	24.53	25.46	25.16	24.86	0.00	0.00
FBC	49	24.42	25.57	25.27	24.75	0.00	0.00
FBC	50	24.39	25.59	25.26	24.76	0.00	0.00
FBC	51	24.51	25.47	25.16	24.86	0.00	0.00
FBC	52	24.42	25.57	25.25	24.77	0.00	0.00
FBC	53	24.40	25.58	25.25	24.77	0.00	0.00
FBC	54	24.52	25.46	25.15	24.87	0.00	0.00
FBC	55	24.40	25.57	25.27	24.75	0.00	0.00
FBC	56	24.40	25.59	25.25	24.76	0.00	0.00
FBC	57	24.50	25.47	25.17	24.87	0.00	0.00
FBC	58	24.40	25.56	25.27	24.76	0.00	0.00
FBC	59	24.39	25.58	25.25	24.78	0.00	0.00
FBC	60	24.49	25.47	25.17	24.86	0.00	0.00
FBC	61	24.40	25.57	25.25	24.78	0.00	0.00
FBC	62	24.38	25.60	25.24	24.78	0.00	0.00
FBC	63	24.49	25.47	25.15	24.88	0.00	0.00
FBC	64	24.38	25.57	25.27	24.78	0.00	0.00
FBC	65	24.36	25.60	25.25	24.79	0.00	0.00
FBC	66	24.49	25.49	25.15	24.88	0.00	0.00
FBC	67	24.40	25.57	25.26	24.78	0.00	0.00
FBC	68	24.37	25.59	25.25	24.79	0.00	0.00
FBC	69	24.46	25.50	25.16	24.88	0.00	0.00
FBC	70	24.40	25.58	25.25	24.77	0.00	0.00
FBC	71	24.37	25.60	25.26	24.78	0.00	0.00
FBC	72	24.48	25.49	25.15	24.87	0.00	0.00
FBC	73	24.39	25.58	25.25	24.78	0.00	0.00
FBC	74	24.36	25.62	25.24	24.78	0.00	0.00
FBC	75	24.48	25.48	25.16	24.89	0.00	0.00
FBC	76	24.38	25.57	25.26	24.78	0.00	0.00
FBC	77	24.37	25.60	25.24	24.79	0.00	0.00
FBC	78	24.48	25.48	25.16	24.88	0.00	0.00
FBC	79	24.39	25.57	25.25	24.79	0.00	0.00
FBC	80	24.36	25.60	25.25	24.79	0.00	0.00
FBC	81	24.27	25.68	25.38	24.67	0.00	0.00
# ACGT raw counters for first fragments. Use `grep ^FTC | cut -f 2-` to extract this part. The columns are: A,C,G,T,N base counters
FTC	739541064	768284390	760772675	749211859	1457
# ACGT content per cycle for last fragments. Use `grep ^LBC | cut -f 2-` to extract this part. The columns are: cycle; A,C,G,T base counts as a percentage of all A/C/G/T bases [%]; and N and O counts as a percentage of all A/C/G/T bases [%]
LBC	1	24.73	25.14	24.95	25.17	0.00	0.00
LBC	2	24.75	25.13	24.97	25.16	0.00	0.00
LBC	3	24.89	24.99	24.81	25.31	0.00	0.00
LBC	4	24.69	25.19	24.99	25.13	0.00	0.00
LBC	5	24.71	25.18	25.01	25.10	0.00	0.00
LBC	6	24.85	25.06	24.84	25.25	0.00	0.00
LBC	7	24.67	25.22	25.03	25.09	0.00	0.00
LBC	8	24.68	25.23	25.04	25.05	0.00	0.00
LBC	9	24.82	25.07	24.89	25.22	0.00	0.00
LBC	10	24.65	25.24	25.04	25.07	0.01	0.00
LBC	11	24.66	25.26	25.09	24.99	0.00	0.00
LBC	12	24.80	25.13	24.93	25.15	0.00	0.00
LBC	13	24.61	25.31	25.08	25.01	0.00	0.00
LBC	14	24.62	25.30	25.11	24.97	0.00	0.00
LBC	15	24.74	25.16	24.97	25.13	0.00	0.00
LBC	16	24.58	25.33	25.09	25.00	0.00	0.00
LBC	17	24.58	25.34	25.13	24.96	0.00	0.00
LBC	18	24.72	25.20	24.96	25.12	0.00	0.00
LBC	19	24.56	25.36	25.11	24.97	0.00	0.00
LBC	20	24.54	25.37	25.15	24.93	0.00	0.00
LBC	21	24.70	25.22	24.99	25.08	0.00	0.00
LBC	22	24.54	25.40	25.13	24.94	0.00	0.00
LBC	23	24.53	25.41	25.16	24.89	0.00	0.00
LBC	24	24.67	25.27	25.01	25.06	0.00	0.00
LBC	25	24.49	25.45	25.16	24.90	0.00	0.00
LBC	26	24.49	25.44	25.19	24.88	0.00	0.00
LBC	27	24.65	25.28	25.02	25.05	0.00	0.00
LBC	28	24.46	25.47	25.18	24.90	0.00	0.00
LBC	29	24.49	25.46	25.17	24.88	0.00	0.00
LBC	30	24.63	25.31	25.02	25.04	0.00	0.00
LBC	31	24.47	25.46	25.17	24.90	0.00	0.00
LBC	32	24.49	25.46	25.18	24.87	0.00	0.00
LBC	33	24.61	25.34	25.03	25.02	0.00	0.00
LBC	34	24.47	25.47	25.16	24.89	0.00	0.00
LBC	35	24.46	25.49	25.21	24.85	0.00	0.00
LBC	36	24.58	25.37	25.05	25.00	0.00	0.00
LBC	37	24.44	25.51	25.19	24.86	0.00	0.00
LBC	38	24.45	25.50	25.19	24.86	0.00	0.00
LBC	39	24.58	25.38	25.06	24.98	0.00	0.00
LBC	40	24.42	25.53	25.19	24.87	0.00	0.00
LBC	41	24.43	25.53	25.22	24.83	0.00	0.00
LBC	42	24.56	25.39	25.06	24.99	0.00	0.00
LBC	43	24.42	25.52	25.19	24.87	0.00	0.00
LBC	44	24.44	25.52	25.22	24.83	0.00	0.00
LBC	45	24.55	25.40	25.05	24.99	0.00	0.00
LBC	46	24.41	25.55	25.19	24.85	0.00	0.00
LBC	47	24.41	25.53	25.23	24.83	0.00	0.00
LBC	48	24.53	25.41	25.08	24.98	0.00	0.00
LBC	49	24.40	25.56	25.20	24.83	0.00	0.00
LBC	50	24.40	25.56	25.23	24.81	0.00	0.00
LBC	51	24.53	25.42	25.09	24.96	0.00	0.00
LBC	52	24.42	25.56	25.18	24.85	0.00	0.00
LBC	53	24.42	25.55	25.22	24.82	0.00	0.00
LBC	54	24.53	25.42	25.08	24.97	0.00	0.00
LBC	55	24.41	25.57	25.20	24.82	0.00	0.00
LBC	56	24.41	25.55	25.22	24.82	0.00	0.00
LBC	57	24.53	25.42	25.08	24.96	0.00	0.00
LBC	58	24.42	25.57	25.19	24.83	0.00	0.00
LBC	59	24.41	25.56	25.21	24.81	0.00	0.00
LBC	60	24.53	25.43	25.11	24.93	0.00	0.00
LBC	61	24.40	25.55	25.20	24.85	0.00	0.00
LBC	62	24.41	25.56	25.20	24.83	0.00	0.00
LBC	63	24.54	25.43	25.08	24.96	0.01	0.00
LBC	64	24.39	25.59	25.21	24.81	0.00	0.00
LBC	65	24.41	25.56	25.23	24.80	0.00	0.00
LBC	66	24.53	25.42	25.10	24.94	0.00	0.00
LBC	67	24.39	25.56	25.21	24.83	0.00	0.00
LBC	68	24.39	25.58	25.24	24.79	0.00	0.00
LBC	69	24.50	25.47	25.10	24.93	0.00	0.00
LBC	70	24.37	25.58	25.21	24.83	0.00	0.00
LBC	71	24.41	25.57	25.22	24.80	0.00	0.00
LBC	72	24.51	25.45	25.11	24.92	0.00	0.00
LBC	73	24.41	25.55	25.21	24.83	0.00	0.00
LBC	74	24.39	25.57	25.25	24.79	0.00	0.00
LBC	75	24.51	25.45	25.12	24.92	0.00	0.00
LBC	76	24.40	25.57	25.23	24.80	0.00	0.00
LBC	77	24.42	25.56	25.22	24.80	0.00	0.00
LBC	78	24.50	25.45	25.13	24.93	0.00	0.00
LBC	79	24.40	25.57	25.22	24.81	0.00	0.00
LBC	80	24.41	25.56	25.24	24.79	0.00	0.00
LBC	81	23.97	26.09	25.51	24.42	0.00	0.00
# ACGT raw counters for last fragments. Use `grep ^LTC | cut -f 2-` to extract this part. The columns are: A,C,G,T,N base counters
LTC	729042059	755622625	746871469	741218467	24360
# Insert sizes. Use `grep ^IS | cut -f 2-` to extract this part. The columns are: insert size, pairs total, inward oriented pairs, outward oriented pairs, other pairs
IS	0	0	0	0	0
IS	1	2	0	2	0
IS	2	59	0	59	0
IS	3	70	0	70	0
IS	4	70	0	70	0
IS	5	70	0	70	0
IS	6	84	0	84	0
IS	7	81	0	81	0
IS	8	79	0	79	0
IS	9	94	0	94	0
IS	10	91	0	91	0
IS	11	78	0	78	0
IS	12	106	0	106	0
IS	13	84	0	84	0
IS	14	106	0	106	0
IS	15	104	0	104	0
IS	16	107	0	107	0
IS	17	115	0	115	0
IS	18	119	0	119	0
IS	19	336	93	243	0
IS	20	274	73	201	0
IS	21	220	46	174	0
IS	22	202	28	174	0
IS	23	155	13	141	1
IS	24	152	13	139	0
IS	25	174	14	159	1
IS	26	229	16	213	0
IS	27	199	17	182	0
IS	28	211	16	195	0
IS	29	238	21	216	1
IS	30	226	21	202	3
IS	31	245	25	220	0
IS	32	276	23	253	0
IS	33	245	29	215	1
IS	34	250	18	232	0
IS	35	266	29	237	0
IS	36	288	39	249	0
IS	37	282	31	251	0
IS	38	290	25	264	1
IS	39	313	27	286	0
IS	40	348	31	316	1
IS	41	365	32	333	0
IS	42	386	36	350	0
IS	43	463	35	428	0
IS	44	463	52	411	0
IS	45	502	54	448	0
IS	46	510	48	462	0
IS	47	578	46	532	0
IS	48	633	74	558	1
IS	49	712	68	644	0
IS	50	781	76	704	1
IS	51	891	60	831	0
IS	52	979	74	905	0
IS	53	1187	59	1128	0
IS	54	1380	86	1294	0
IS	55	1581	94	1485	2
IS	56	1840	104	1736	0
IS	57	2074	96	1977	1
IS	58	2326	109	2216	1
IS	59	2879	144	2735	0
IS	60	3400	169	3231	0
IS	61	3860	166	3694	0
IS	62	4635	190	4444	1
IS	63	5260	215	5045	0
IS	64	6288	250	6036	2
IS	65	7033	290	6743	0
IS	66	8291	293	7998	0
IS	67	9484	366	9117	1
IS	68	11246	367	10879	0
IS	69	13013	445	12568	0
IS	70	15082	459	14623	0
IS	71	17199	547	16652	0
IS	72	19324	645	18679	0
IS	73	22307	683	21624	0
IS	74	25122	873	24246	3
IS	75	28671	874	27797	0
IS	76	32449	1071	31377	1
IS	77	36814	1225	35589	0
IS	78	41042	1456	39584	2
IS	79	45746	1769	43975	2
IS	80	50645	5054	45591	0
IS	81	55791	27686	28105	0
IS	82	61755	61670	83	2
IS	83	68234	68202	31	1
IS	84	73957	73926	29	2
IS	85	81058	81032	25	1
IS	86	88017	88006	11	0
IS	87	95491	95478	13	0
IS	88	102395	102388	7	0
IS	89	110554	110548	5	1
IS	90	118046	118041	4	1
IS	91	126069	126068	1	0
IS	92	133678	133674	4	0
IS	93	141758	141756	2	0
IS	94	151178	151173	4	1
IS	95	158137	158132	3	2
IS	96	165645	165642	2	1
IS	97	173035	173033	1	1
IS	98	181304	181302	1	1
IS	99	188147	188145	2	0
IS	100	195882	195879	1	2
IS	101	203026	203026	0	0
IS	102	209625	209619	3	3
IS	103	216063	216061	1	1
IS	104	223102	223101	0	1
IS	105	228756	228754	1	1
IS	106	234301	234299	2	0
IS	107	239987	239984	2	1
IS	108	245225	245224	1	0
IS	109	249726	249723	2	1
IS	110	253697	253695	1	1
IS	111	259309	259308	0	1
IS	112	262925	262921	1	3
IS	113	266992	266991	1	0
IS	114	269445	269444	1	0
IS	115	273039	273035	2	2
IS	116	275594	275592	1	1
IS	117	278345	278344	1	0
IS	118	280764	280763	1	0
IS	119	282958	282958	0	0
IS	120	284854	284851	0	3
IS	121	285875	285875	0	0
IS	122	287589	287588	1	0
IS	123	287580	287578	1	1
IS	124	287895	287895	0	0
IS	125	290450	290448	1	1
IS	126	291206	291206	0	0
IS	127	291139	291139	0	0
IS	128	291544	291543	1	0
IS	129	291723	291722	0	1
IS	130	291879	291879	0	0
IS	131	290466	290463	1	2
IS	132	289711	289711	0	0
IS	133	290338	290337	0	1
IS	134	289432	289431	1	0
IS	135	289093	289089	2	2
IS	136	287136	287133	1	2
IS	137	287863	287862	1	0
IS	138	285475	285474	0	1
IS	139	284337	284335	2	0
IS	140	283198	283197	0	1
IS	141	281543	281542	1	0
IS	142	280374	280373	0	1
IS	143	278818	278815	1	2
IS	144	277196	277194	1	1
IS	145	276538	276538	0	0
IS	146	273478	273478	0	0
IS	147	272663	272662	1	0
IS	148	270975	270973	1	1
IS	149	269115	269114	0	1
IS	150	266545	266543	1	1
IS	151	264884	264882	2	0
IS	152	263264	263263	1	0
IS	153	260758	260756	1	1
IS	154	257747	257746	1	0
IS	155	256996	256996	0	0
IS	156	253545	253541	3	1
IS	157	251943	251941	1	1
IS	158	250063	250060	1	2
IS	159	247523	247522	1	0
IS	160	244981	244980	0	1
IS	161	242753	242752	0	1
IS	162	241139	241136	1	2
IS	163	238529	238529	0	0
IS	164	236023	236021	1	1
IS	165	233975	233974	1	0
IS	166	231386	231385	1	0
IS	167	229665	229663	2	0
IS	168	226195	226194	1	0
IS	169	224811	224809	2	0
IS	170	223498	223498	0	0
IS	171	218655	218652	3	0
IS	172	217692	217689	3	0
IS	173	213938	213937	1	0
IS	174	212108	212107	1	0
IS	175	209274	209270	4	0
IS	176	206311	206306	4	1
IS	177	204082	204081	1	0
IS	178	202428	202424	1	3
IS	179	200940	200939	1	0
IS	180	198795	198794	1	0
IS	181	195031	195027	4	0
IS	182	192133	192133	0	0
IS	183	191406	191404	2	0
IS	184	187862	187862	0	0
IS	185	186031	186030	0	1
IS	186	184230	184228	2	0
IS	187	181394	181393	1	0
IS	188	179208	179207	1	0
IS	189	177375	177374	0	1
IS	190	175195	175194	1	0
IS	191	172031	172030	0	1
IS	192	170115	170113	2	0
IS	193	167927	167926	1	0
IS	194	165576	165573	3	0
IS	195	163421	163419	2	0
IS	196	161019	161018	1	0
IS	197	160053	160052	1	0
IS	198	157325	157323	2	0
IS	199	155514	155513	1	0
IS	200	152812	152809	3	0
IS	201	151411	151410	1	0
IS	202	149261	149260	0	1
IS	203	146315	146314	0	1
IS	204	145272	145272	0	0
IS	205	143781	143777	4	0
IS	206	141410	141410	0	0
IS	207	138557	138555	1	1
IS	208	137419	137417	1	1
IS	209	135783	135782	1	0
IS	210	133304	133303	1	0
IS	211	131232	131229	2	1
IS	212	129909	129907	2	0
IS	213	128180	128180	0	0
IS	214	126044	126044	0	0
IS	215	124163	124160	3	0
IS	216	122822	122820	2	0
IS	217	121161	121159	2	0
IS	218	119693	119693	0	0
IS	219	117629	117629	0	0
IS	220	115843	115843	0	0
IS	221	114407	114407	0	0
IS	222	112878	112877	0	1
IS	223	111043	111042	1	0
IS	224	109290	109289	0	1
IS	225	107986	107986	0	0
IS	226	105818	105816	2	0
IS	227	104095	104089	6	0
IS	228	103052	103049	1	2
IS	229	101849	101846	1	2
IS	230	100590	100587	2	1
IS	231	98713	98711	2	0
IS	232	96516	96512	3	1
IS	233	95482	95482	0	0
IS	234	94439	94434	4	1
IS	235	92444	92440	4	0
IS	236	90860	90860	0	0
IS	237	89971	89971	0	0
IS	238	88390	88389	0	1
IS	239	87133	87132	1	0
IS	240	86082	86081	1	0
IS	241	84395	84392	3	0
IS	242	83696	83694	1	1
IS	243	81535	81533	2	0
IS	244	80944	80943	1	0
IS	245	80130	80129	0	1
IS	246	78285	78283	2	0
IS	247	77695	77694	0	1
IS	248	76154	76153	1	0
IS	249	75012	75011	1	0
IS	250	73466	73464	1	1
IS	251	72603	72602	0	1
IS	252	71131	71131	0	0
IS	253	70093	70092	1	0
IS	254	68769	68767	2	0
IS	255	68130	68129	0	1
IS	256	67123	67120	2	1
IS	257	66100	66097	2	1
IS	258	65155	65153	2	0
IS	259	64017	64015	2	0
IS	260	62877	62876	1	0
IS	261	61550	61549	1	0
IS	262	61099	61099	0	0
IS	263	59951	59951	0	0
IS	264	58935	58935	0	0
IS	265	58087	58086	1	0
IS	266	57614	57612	2	0
IS	267	56117	56117	0	0
IS	268	55465	55465	0	0
IS	269	54156	54154	2	0
IS	270	53203	53202	1	0
IS	271	52769	52769	0	0
IS	272	51719	51718	1	0
IS	273	51134	51134	0	0
IS	274	50394	50392	1	1
IS	275	49789	49789	0	0
IS	276	48677	48677	0	0
IS	277	47796	47793	2	1
IS	278	46995	46995	0	0
IS	279	46143	46140	3	0
IS	280	45505	45505	0	0
IS	281	44859	44858	0	1
IS	282	44349	44349	0	0
IS	283	43043	43043	0	0
IS	284	42341	42341	0	0
IS	285	42111	42111	0	0
IS	286	41208	41207	0	1
IS	287	41057	41057	0	0
IS	288	39870	39870	0	0
IS	289	39085	39084	0	1
IS	290	38615	38613	1	1
IS	291	38305	38305	0	0
IS	292	37387	37387	0	0
IS	293	36723	36723	0	0
IS	294	36190	36190	0	0
IS	295	35757	35756	1	0
IS	296	35003	35002	0	1
IS	297	34559	34557	2	0
IS	298	34339	34339	0	0
IS	299	33488	33488	0	0
IS	300	32892	32891	1	0
IS	301	32107	32106	1	0
IS	302	31745	31745	0	0
IS	303	31298	31296	1	1
IS	304	31046	31045	1	0
IS	305	30125	30125	0	0
IS	306	30078	30078	0	0
IS	307	29183	29181	1	1
IS	308	28727	28727	0	0
IS	309	28172	28172	0	0
IS	310	27961	27961	0	0
IS	311	27338	27338	0	0
IS	312	26691	26691	0	0
IS	313	26361	26360	1	0
IS	314	25917	25915	1	1
IS	315	25514	25513	0	1
IS	316	24770	24768	1	1
IS	317	24785	24785	0	0
IS	318	24320	24319	1	0
IS	319	23948	23948	0	0
IS	320	23416	23415	0	1
IS	321	23238	23235	2	1
IS	322	22387	22387	0	0
IS	323	22281	22277	3	1
IS	324	22107	22105	2	0
IS	325	21596	21596	0	0
IS	326	21175	21175	0	0
IS	327	20876	20876	0	0
IS	328	20594	20593	1	0
IS	329	20181	20181	0	0
IS	330	19959	19959	0	0
IS	331	19622	19622	0	0
IS	332	19419	19419	0	0
IS	333	18727	18726	1	0
IS	334	18467	18466	1	0
IS	335	17986	17986	0	0
IS	336	18127	18125	2	0
IS	337	17895	17895	0	0
IS	338	17347	17347	0	0
IS	339	17020	17020	0	0
IS	340	16875	16875	0	0
IS	341	16621	16620	0	1
IS	342	16101	16100	1	0
IS	343	15959	15956	0	3
IS	344	15569	15568	0	1
IS	345	15309	15308	1	0
IS	346	15170	15170	0	0
IS	347	14935	14935	0	0
IS	348	14519	14519	0	0
IS	349	14412	14412	0	0
IS	350	14051	14050	1	0
IS	351	13904	13903	1	0
IS	352	13536	13536	0	0
IS	353	13485	13484	1	0
IS	354	13371	13369	2	0
IS	355	12909	12909	0	0
IS	356	12795	12794	1	0
IS	357	12514	12514	0	0
IS	358	12373	12371	1	1
IS	359	12031	12030	1	0
IS	360	11751	11751	0	0
IS	361	11787	11786	1	0
IS	362	11444	11443	1	0
IS	363	11145	11144	0	1
IS	364	11157	11156	1	0
IS	365	10869	10869	0	0
IS	366	10598	10598	0	0
IS	367	10514	10512	1	1
IS	368	10353	10353	0	0
IS	369	10243	10242	0	1
IS	370	10005	10004	0	1
IS	371	9898	9898	0	0
IS	372	9636	9635	1	0
IS	373	9361	9361	0	0
IS	374	9364	9364	0	0
IS	375	8969	8969	0	0
IS	376	8887	8887	0	0
IS	377	8630	8630	0	0
IS	378	8519	8518	1	0
IS	379	8516	8516	0	0
IS	380	8317	8316	1	0
IS	381	8119	8118	1	0
IS	382	7999	7999	0	0
IS	383	7938	7938	0	0
IS	384	7748	7748	0	0
IS	385	7720	7720	0	0
IS	386	7429	7428	1	0
IS	387	7356	7356	0	0
IS	388	7254	7254	0	0
IS	389	6972	6972	0	0
IS	390	6831	6831	0	0
IS	391	6822	6821	1	0
IS	392	6731	6729	0	2
# Read lengths. Use `grep ^RL | cut -f 2-` to extract this part. The columns are: read length, count
RL	1	66788
RL	2	14329
RL	3	19638
RL	4	25371
RL	5	31569
RL	6	33322
RL	7	31769
RL	8	32981
RL	9	31480
RL	10	31856
RL	11	32594
RL	12	31611
RL	13	31166
RL	14	31160
RL	15	30679
RL	16	30593
RL	17	30097
RL	18	30094
RL	19	30416
RL	20	31101
RL	21	31018
RL	22	31345
RL	23	31060
RL	24	31365
RL	25	31940
RL	26	31679
RL	27	32229
RL	28	32798
RL	29	32600
RL	30	32230
RL	31	32625
RL	32	32238
RL	33	32839
RL	34	32976
RL	35	33006
RL	36	32792
RL	37	32749
RL	38	33406
RL	39	33547
RL	40	33709
RL	41	33738
RL	42	33697
RL	43	34744
RL	44	33925
RL	45	33849
RL	46	34436
RL	47	34583
RL	48	34706
RL	49	35337
RL	50	35652
RL	51	36016
RL	52	36171
RL	53	37261
RL	54	37294
RL	55	37835
RL	56	38772
RL	57	38568
RL	58	38783
RL	59	38919
RL	60	39777
RL	61	40042
RL	62	41154
RL	63	41185
RL	64	42402
RL	65	42674
RL	66	42938
RL	67	43723
RL	68	44672
RL	69	44854
RL	70	45864
RL	71	47134
RL	72	48231
RL	73	48572
RL	74	49810
RL	75	51731
RL	76	53017
RL	77	64013
RL	78	145636
RL	79	570181
RL	80	6517878
RL	81	65364951
# Read lengths - first fragments. Use `grep ^FRL | cut -f 2-` to extract this part. The columns are: read length, count
FRL	1	11269
FRL	2	2726
FRL	3	3959
FRL	4	5856
FRL	5	7751
FRL	6	7936
FRL	7	8499
FRL	8	8831
FRL	9	9092
FRL	10	9206
FRL	11	9370
FRL	12	9223
FRL	13	9446
FRL	14	9487
FRL	15	9542
FRL	16	9753
FRL	17	9437
FRL	18	9611
FRL	19	9514
FRL	20	9784
FRL	21	9775
FRL	22	9967
FRL	23	9914
FRL	24	10010
FRL	25	10080
FRL	26	9953
FRL	27	9928
FRL	28	10355
FRL	29	10359
FRL	30	10226
FRL	31	10592
FRL	32	10533
FRL	33	10667
FRL	34	10693
FRL	35	10928
FRL	36	10730
FRL	37	10843
FRL	38	11082
FRL	39	11018
FRL	40	11148
FRL	41	10980
FRL	42	11305
FRL	43	11298
FRL	44	11418
FRL	45	11101
FRL	46	11438
FRL	47	11620
FRL	48	11772
FRL	49	11789
FRL	50	11835
FRL	51	12140
FRL	52	12400
FRL	53	12610
FRL	54	12558
FRL	55	12873
FRL	56	13319
FRL	57	13228
FRL	58	13482
FRL	59	13210
FRL	60	13312
FRL	61	13378
FRL	62	13394
FRL	63	13701
FRL	64	13896
FRL	65	13969
FRL	66	13986
FRL	67	14417
FRL	68	15010
FRL	69	14705
FRL	70	15219
FRL	71	15790
FRL	72	16021
FRL	73	16046
FRL	74	16224
FRL	75	16963
FRL	76	17384
FRL	77	21001
FRL	78	49186
FRL	79	200490
FRL	80	2289467
FRL	81	34272717
# Read lengths - last fragments. Use `grep ^LRL | cut -f 2-` to extract this part. The columns are: read length, count
LRL	1	55519
LRL	2	11603
LRL	3	15679
LRL	4	19515
LRL	5	23818
LRL	6	25386
LRL	7	23270
LRL	8	24150
LRL	9	22388
LRL	10	22650
LRL	11	23224
LRL	12	22388
LRL	13	21720
LRL	14	21673
LRL	15	21137
LRL	16	20840
LRL	17	20660
LRL	18	20483
LRL	19	20902
LRL	20	21317
LRL	21	21243
LRL	22	21378
LRL	23	21146
LRL	24	21355
LRL	25	21860
LRL	26	21726
LRL	27	22301
LRL	28	22443
LRL	29	22241
LRL	30	22004
LRL	31	22033
LRL	32	21705
LRL	33	22172
LRL	34	22283
LRL	35	22078
LRL	36	22062
LRL	37	21906
LRL	38	22324
LRL	39	22529
LRL	40	22561
LRL	41	22758
LRL	42	22392
LRL	43	23446
LRL	44	22507
LRL	45	22748
LRL	46	22998
LRL	47	22963
LRL	48	22934
LRL	49	23548
LRL	50	23817
LRL	51	23876
LRL	52	23771
LRL	53	24651
LRL	54	24736
LRL	55	24962
LRL	56	25453
LRL	57	25340
LRL	58	25301
LRL	59	25709
LRL	60	26465
LRL	61	26664
LRL	62	27760
LRL	63	27484
LRL	64	28506
LRL	65	28705
LRL	66	28952
LRL	67	29306
LRL	68	29662
LRL	69	30149
LRL	70	30645
LRL	71	31344
LRL	72	32210
LRL	73	32526
LRL	74	33586
LRL	75	34768
LRL	76	35633
LRL	77	43012
LRL	78	96450
LRL	79	369691
LRL	80	4228411
LRL	81	31092234
# Mapping qualities for reads !(UNMAP|SECOND|SUPPL|QCFAIL|DUP). Use `grep ^MAPQ | cut -f 2-` to extract this part. The columns are: mapq, count
MAPQ	0	8194107
MAPQ	1	15152
MAPQ	2	6263
MAPQ	3	27540
MAPQ	4	8567
MAPQ	5	8633
MAPQ	6	12090
MAPQ	7	16848
MAPQ	8	11303
MAPQ	9	32722
MAPQ	10	10893
MAPQ	11	24326
MAPQ	12	9987
MAPQ	13	15719
MAPQ	14	8020
MAPQ	15	27984
MAPQ	16	10576
MAPQ	17	15154
MAPQ	18	13389
MAPQ	19	21191
MAPQ	20	31674
MAPQ	21	41492
MAPQ	22	50427
MAPQ	23	44650
MAPQ	24	70495
MAPQ	25	141137
MAPQ	26	3302
MAPQ	27	383604
MAPQ	28	21981
MAPQ	29	4878
MAPQ	30	19758
MAPQ	31	14156
MAPQ	32	3763
MAPQ	33	27209
MAPQ	34	7784
MAPQ	35	5266
MAPQ	36	9973
MAPQ	37	14406
MAPQ	38	3472
MAPQ	39	34974
MAPQ	40	534204
MAPQ	41	14243
MAPQ	42	25602
MAPQ	43	35349
MAPQ	44	19752
MAPQ	45	57157
MAPQ	46	54110
MAPQ	47	33323
MAPQ	48	85434
MAPQ	49	112865
MAPQ	50	53147
MAPQ	51	398121
MAPQ	52	34399
MAPQ	53	18761
MAPQ	54	50490
MAPQ	55	28070
MAPQ	56	20010
MAPQ	57	97363
MAPQ	58	19617
MAPQ	59	8043
MAPQ	60	63620069
# Indel distribution. Use `grep ^ID | cut -f 2-` to extract this part. The columns are: length, number of insertions, number of deletions
ID	1	88590	136135
ID	2	23574	35237
ID	3	12619	17601
ID	4	10814	14436
ID	5	5116	4515
ID	6	2914	4632
ID	7	1324	1368
ID	8	1393	2173
ID	9	854	1224
ID	10	820	1239
ID	11	282	761
ID	12	532	1303
ID	13	216	457
ID	14	234	534
ID	15	178	548
ID	16	104	387
ID	17	36	112
ID	18	49	233
ID	19	28	115
ID	20	13	137
ID	21	12	126
ID	22	10	89
ID	23	2	46
ID	24	2	62
ID	25	0	45
ID	26	0	17
ID	27	0	29
ID	28	0	11
ID	29	0	27
ID	30	0	6
ID	31	0	3
ID	32	0	3
ID	35	0	2
# Indels per cycle. Use `grep ^IC | cut -f 2-` to extract this part. The columns are: cycle, number of insertions (fwd), .. (rev) , number of deletions (fwd), .. (rev)
IC	2	0	0	0	1
IC	3	0	0	618	598
IC	4	450	463	659	664
IC	5	520	641	763	774
IC	6	637	684	771	892
IC	7	655	776	909	1053
IC	8	755	780	1123	1085
IC	9	807	897	1289	1183
IC	10	834	898	1185	1330
IC	11	957	953	1275	1371
IC	12	961	981	1239	1381
IC	13	966	967	1387	1468
IC	14	1025	1117	1406	1421
IC	15	1066	1039	1442	1481
IC	16	1083	1097	1488	1493
IC	17	1086	1086	1516	1561
IC	18	1091	1141	1595	1661
IC	19	1185	1150	1655	1642
IC	20	1107	1202	1660	1664
IC	21	1159	1153	1724	1671
IC	22	1206	1174	1676	1699
IC	23	1239	1180	1804	1819
IC	24	1163	1156	1809	1708
IC	25	1247	1149	1765	1668
IC	26	1235	1201	1817	1700
IC	27	1312	1146	1775	1782
IC	28	1195	1158	1829	1711
IC	29	1236	1255	1750	1660
IC	30	1232	1186	1782	1750
IC	31	1239	1222	1878	1715
IC	32	1307	1200	1769	1761
IC	33	1254	1126	1847	1630
IC	34	1216	1211	1787	1664
IC	35	1321	1133	1726	1638
IC	36	1283	1175	1848	1712
IC	37	1195	1178	1751	1706
IC	38	1205	1158	1815	1687
IC	39	1224	1083	1823	1674
IC	40	1168	1178	1828	1694
IC	41	1110	1111	1828	1643
IC	42	1156	1131	1840	1620
IC	43	1238	1102	1709	1618
IC	44	1191	1167	1752	1644
IC	45	1186	1129	1720	1695
IC	46	1176	1135	1734	1598
IC	47	1188	1107	1774	1617
IC	48	1154	1061	1789	1605
IC	49	1148	1123	1711	1647
IC	50	1161	1145	1687	1647
IC	51	1104	1054	1791	1625
IC	52	1188	1053	1722	1569
IC	53	1148	1030	1673	1562
IC	54	1063	1024	1705	1550
IC	55	1100	985	1732	1593
IC	56	1101	1038	1762	1552
IC	57	1039	984	1618	1560
IC	58	1097	1010	1627	1580
IC	59	1082	961	1630	1563
IC	60	1007	990	1671	1455
IC	61	1041	952	1582	1488
IC	62	1033	931	1513	1400
IC	63	1039	914	1552	1439
IC	64	938	905	1479	1393
IC	65	944	898	1512	1353
IC	66	916	869	1345	1327
IC	67	912	830	1359	1290
IC	68	909	871	1462	1285
IC	69	833	742	1433	1179
IC	70	832	760	1361	1132
IC	71	738	681	1254	1121
IC	72	711	611	1217	1030
IC	73	670	591	1173	975
IC	74	631	552	1137	905
IC	75	535	482	1033	867
IC	76	508	423	929	788
IC	77	392	396	805	644
IC	78	363	271	507	370
IC	79	0	0	1	0
# Coverage distribution. Use `grep ^COV | cut -f 2-` to extract this part.
COV	[1-1]	1	476791769
COV	[2-2]	2	189315838
COV	[3-3]	3	55338367
COV	[4-4]	4	24937778
COV	[5-5]	5	11683312
COV	[6-6]	6	7370055
COV	[7-7]	7	5400322
COV	[8-8]	8	4436078
COV	[9-9]	9	3834076
COV	[10-10]	10	3413105
COV	[11-11]	11	3101757
COV	[12-12]	12	2846822
COV	[13-13]	13	2639030
COV	[14-14]	14	2474016
COV	[15-15]	15	2320827
COV	[16-16]	16	2199340
COV	[17-17]	17	2087689
COV	[18-18]	18	1994578
COV	[19-19]	19	1910194
COV	[20-20]	20	1834037
COV	[21-21]	21	1760959
COV	[22-22]	22	1699303
COV	[23-23]	23	1648771
COV	[24-24]	24	1600781
COV	[25-25]	25	1556595
COV	[26-26]	26	1517318
COV	[27-27]	27	1476059
COV	[28-28]	28	1439290
COV	[29-29]	29	1407468
COV	[30-30]	30	1380257
COV	[31-31]	31	1350657
COV	[32-32]	32	1323420
COV	[33-33]	33	1294114
COV	[34-34]	34	1267755
COV	[35-35]	35	1247186
COV	[36-36]	36	1219489
COV	[37-37]	37	1201609
COV	[38-38]	38	1174615
COV	[39-39]	39	1153817
COV	[40-40]	40	1129129
COV	[41-41]	41	1106075
COV	[42-42]	42	1088389
COV	[43-43]	43	1069724
COV	[44-44]	44	1046514
COV	[45-45]	45	1026592
COV	[46-46]	46	1006136
COV	[47-47]	47	984093
COV	[48-48]	48	964884
COV	[49-49]	49	946846
COV	[50-50]	50	924983
COV	[51-51]	51	900073
COV	[52-52]	52	880184
COV	[53-53]	53	862319
COV	[54-54]	54	839781
COV	[55-55]	55	819652
COV	[56-56]	56	805573
COV	[57-57]	57	785390
COV	[58-58]	58	766814
COV	[59-59]	59	744717
COV	[60-60]	60	728102
COV	[61-61]	61	709664
COV	[62-62]	62	692811
COV	[63-63]	63	676104
COV	[64-64]	64	656396
COV	[65-65]	65	642555
COV	[66-66]	66	625619
COV	[67-67]	67	608110
COV	[68-68]	68	591499
COV	[69-69]	69	576603
COV	[70-70]	70	562267
COV	[71-71]	71	548726
COV	[72-72]	72	534104
COV	[73-73]	73	520938
COV	[74-74]	74	504632
COV	[75-75]	75	491505
COV	[76-76]	76	478781
COV	[77-77]	77	465703
COV	[78-78]	78	452631
COV	[79-79]	79	439329
COV	[80-80]	80	426604
COV	[81-81]	81	416206
COV	[82-82]	82	405506
COV	[83-83]	83	392954
COV	[84-84]	84	383106
COV	[85-85]	85	370267
COV	[86-86]	86	361324
COV	[87-87]	87	348683
COV	[88-88]	88	338685
COV	[89-89]	89	330136
COV	[90-90]	90	321494
COV	[91-91]	91	312211
COV	[92-92]	92	303249
COV	[93-93]	93	294817
COV	[94-94]	94	287312
COV	[95-95]	95	278834
COV	[96-96]	96	270662
COV	[97-97]	97	262341
COV	[98-98]	98	254515
COV	[99-99]	99	246980
COV	[100-100]	100	239339
COV	[101-101]	101	232520
COV	[102-102]	102	225282
COV	[103-103]	103	219557
COV	[104-104]	104	213960
COV	[105-105]	105	207837
COV	[106-106]	106	201954
COV	[107-107]	107	196785
COV	[108-108]	108	190532
COV	[109-109]	109	183923
COV	[110-110]	110	178969
COV	[111-111]	111	174046
COV	[112-112]	112	168596
COV	[113-113]	113	163857
COV	[114-114]	114	159467
COV	[115-115]	115	154492
COV	[116-116]	116	150444
COV	[117-117]	117	146310
COV	[118-118]	118	141664
COV	[119-119]	119	137311
COV	[120-120]	120	133388
COV	[121-121]	121	129260
COV	[122-122]	122	126181
COV	[123-123]	123	122593
COV	[124-124]	124	118911
COV	[125-125]	125	115222
COV	[126-126]	126	111704
COV	[127-127]	127	108482
COV	[128-128]	128	105996
COV	[129-129]	129	102452
COV	[130-130]	130	99668
COV	[131-131]	131	96547
COV	[132-132]	132	93640
COV	[133-133]	133	90790
COV	[134-134]	134	89067
COV	[135-135]	135	86231
COV	[136-136]	136	84396
COV	[137-137]	137	81616
COV	[138-138]	138	79074
COV	[139-139]	139	76497
COV	[140-140]	140	74189
COV	[141-141]	141	71959
COV	[142-142]	142	70490
COV	[143-143]	143	67888
COV	[144-144]	144	66356
COV	[145-145]	145	64447
COV	[146-146]	146	62240
COV	[147-147]	147	60705
COV	[148-148]	148	59267
COV	[149-149]	149	57662
COV	[150-150]	150	56024
COV	[151-151]	151	54606
COV	[152-152]	152	52879
COV	[153-153]	153	51368
COV	[154-154]	154	50203
COV	[155-155]	155	48392
COV	[156-156]	156	47230
COV	[157-157]	157	45956
COV	[158-158]	158	44902
COV	[159-159]	159	43612
COV	[160-160]	160	42386
COV	[161-161]	161	41604
COV	[162-162]	162	39892
COV	[163-163]	163	38734
COV	[164-164]	164	37620
COV	[165-165]	165	37007
COV	[166-166]	166	35777
COV	[167-167]	167	34799
COV	[168-168]	168	34128
COV	[169-169]	169	33191
COV	[170-170]	170	31984
COV	[171-171]	171	31108
COV	[172-172]	172	30095
COV	[173-173]	173	28965
COV	[174-174]	174	28513
COV	[175-175]	175	27614
COV	[176-176]	176	27094
COV	[177-177]	177	26547
COV	[178-178]	178	25962
COV	[179-179]	179	25369
COV	[180-180]	180	24568
COV	[181-181]	181	24000
COV	[182-182]	182	23497
COV	[183-183]	183	22728
COV	[184-184]	184	22222
COV	[185-185]	185	21833
COV	[186-186]	186	21116
COV	[187-187]	187	20825
COV	[188-188]	188	20167
COV	[189-189]	189	19651
COV	[190-190]	190	19154
COV	[191-191]	191	18458
COV	[192-192]	192	18447
COV	[193-193]	193	17764
COV	[194-194]	194	17571
COV	[195-195]	195	16743
COV	[196-196]	196	16479
COV	[197-197]	197	15895
COV	[198-198]	198	15687
COV	[199-199]	199	15302
COV	[200-200]	200	14713
COV	[201-201]	201	14523
COV	[202-202]	202	13943
COV	[203-203]	203	13537
COV	[204-204]	204	13307
COV	[205-205]	205	12926
COV	[206-206]	206	12607
COV	[207-207]	207	12149
COV	[208-208]	208	12165
COV	[209-209]	209	11879
COV	[210-210]	210	11433
COV	[211-211]	211	11283
COV	[212-212]	212	10890
COV	[213-213]	213	10488
COV	[214-214]	214	10301
COV	[215-215]	215	10101
COV	[216-216]	216	9764
COV	[217-217]	217	9458
COV	[218-218]	218	9326
COV	[219-219]	219	9097
COV	[220-220]	220	8824
COV	[221-221]	221	8788
COV	[222-222]	222	8338
COV	[223-223]	223	8184
COV	[224-224]	224	7959
COV	[225-225]	225	7607
COV	[226-226]	226	7578
COV	[227-227]	227	7303
COV	[228-228]	228	7138
COV	[229-229]	229	7142
COV	[230-230]	230	6856
COV	[231-231]	231	6756
COV	[232-232]	232	6514
COV	[233-233]	233	6319
COV	[234-234]	234	6350
COV	[235-235]	235	5998
COV	[236-236]	236	5933
COV	[237-237]	237	5694
COV	[238-238]	238	5525
COV	[239-239]	239	5483
COV	[240-240]	240	5246
COV	[241-241]	241	5238
COV	[242-242]	242	5322
COV	[243-243]	243	5127
COV	[244-244]	244	4965
COV	[245-245]	245	4938
COV	[246-246]	246	4822
COV	[247-247]	247	4683
COV	[248-248]	248	4545
COV	[249-249]	249	4660
COV	[250-250]	250	4456
COV	[251-251]	251	4251
COV	[252-252]	252	4132
COV	[253-253]	253	4058
COV	[254-254]	254	4023
COV	[255-255]	255	3899
COV	[256-256]	256	3857
COV	[257-257]	257	3622
COV	[258-258]	258	3685
COV	[259-259]	259	3486
COV	[260-260]	260	3567
COV	[261-261]	261	3339
COV	[262-262]	262	3322
COV	[263-263]	263	3265
COV	[264-264]	264	3256
COV	[265-265]	265	3180
COV	[266-266]	266	3070
COV	[267-267]	267	3005
COV	[268-268]	268	3021
COV	[269-269]	269	2987
COV	[270-270]	270	2933
COV	[271-271]	271	2811
COV	[272-272]	272	2877
COV	[273-273]	273	2761
COV	[274-274]	274	2601
COV	[275-275]	275	2581
COV	[276-276]	276	2558
COV	[277-277]	277	2538
COV	[278-278]	278	2413
COV	[279-279]	279	2350
COV	[280-280]	280	2313
COV	[281-281]	281	2313
COV	[282-282]	282	2241
COV	[283-283]	283	2205
COV	[284-284]	284	2112
COV	[285-285]	285	2070
COV	[286-286]	286	2043
COV	[287-287]	287	1908
COV	[288-288]	288	1905
COV	[289-289]	289	1936
COV	[290-290]	290	1973
COV	[291-291]	291	1811
COV	[292-292]	292	1803
COV	[293-293]	293	1831
COV	[294-294]	294	1791
COV	[295-295]	295	1666
COV	[296-296]	296	1709
COV	[297-297]	297	1625
COV	[298-298]	298	1569
COV	[299-299]	299	1578
COV	[300-300]	300	1464
COV	[301-301]	301	1515
COV	[302-302]	302	1450
COV	[303-303]	303	1397
COV	[304-304]	304	1381
COV	[305-305]	305	1413
COV	[306-306]	306	1346
COV	[307-307]	307	1342
COV	[308-308]	308	1238
COV	[309-309]	309	1315
COV	[310-310]	310	1239
COV	[311-311]	311	1243
COV	[312-312]	312	1250
COV	[313-313]	313	1194
COV	[314-314]	314	1238
COV	[315-315]	315	1130
COV	[316-316]	316	1134
COV	[317-317]	317	1109
COV	[318-318]	318	1066
COV	[319-319]	319	1128
COV	[320-320]	320	1070
COV	[321-321]	321	1080
COV	[322-322]	322	1094
COV	[323-323]	323	1094
COV	[324-324]	324	1113
COV	[325-325]	325	1050
COV	[326-326]	326	1027
COV	[327-327]	327	940
COV	[328-328]	328	940
COV	[329-329]	329	934
COV	[330-330]	330	961
COV	[331-331]	331	855
COV	[332-332]	332	933
COV	[333-333]	333	875
COV	[334-334]	334	850
COV	[335-335]	335	850
COV	[336-336]	336	852
COV	[337-337]	337	899
COV	[338-338]	338	820
COV	[339-339]	339	803
COV	[340-340]	340	862
COV	[341-341]	341	726
COV	[342-342]	342	773
COV	[343-343]	343	713
COV	[344-344]	344	734
COV	[345-345]	345	692
COV	[346-346]	346	762
COV	[347-347]	347	664
COV	[348-348]	348	662
COV	[349-349]	349	694
COV	[350-350]	350	653
COV	[351-351]	351	639
COV	[352-352]	352	621
COV	[353-353]	353	670
COV	[354-354]	354	607
COV	[355-355]	355	590
COV	[356-356]	356	621
COV	[357-357]	357	607
COV	[358-358]	358	592
COV	[359-359]	359	595
COV	[360-360]	360	612
COV	[361-361]	361	564
COV	[362-362]	362	547
COV	[363-363]	363	543
COV	[364-364]	364	540
COV	[365-365]	365	505
COV	[366-366]	366	531
COV	[367-367]	367	468
COV	[368-368]	368	488
COV	[369-369]	369	485
COV	[370-370]	370	487
COV	[371-371]	371	438
COV	[372-372]	372	488
COV	[373-373]	373	478
COV	[374-374]	374	462
COV	[375-375]	375	441
COV	[376-376]	376	425
COV	[377-377]	377	443
COV	[378-378]	378	442
COV	[379-379]	379	438
COV	[380-380]	380	450
COV	[381-381]	381	442
COV	[382-382]	382	409
COV	[383-383]	383	439
COV	[384-384]	384	395
COV	[385-385]	385	433
COV	[386-386]	386	383
COV	[387-387]	387	412
COV	[388-388]	388	382
COV	[389-389]	389	386
COV	[390-390]	390	423
COV	[391-391]	391	373
COV	[392-392]	392	384
COV	[393-393]	393	351
COV	[394-394]	394	351
COV	[395-395]	395	328
COV	[396-396]	396	384
COV	[397-397]	397	333
COV	[398-398]	398	366
COV	[399-399]	399	349
COV	[400-400]	400	337
COV	[401-401]	401	333
COV	[402-402]	402	331
COV	[403-403]	403	376
COV	[404-404]	404	329
COV	[405-405]	405	335
COV	[406-406]	406	343
COV	[407-407]	407	338
COV	[408-408]	408	313
COV	[409-409]	409	338
COV	[410-410]	410	293
COV	[411-411]	411	298
COV	[412-412]	412	327
COV	[413-413]	413	280
COV	[414-414]	414	269
COV	[415-415]	415	272
COV	[416-416]	416	261
COV	[417-417]	417	270
COV	[418-418]	418	260
COV	[419-419]	419	229
COV	[420-420]	420	244
COV	[421-421]	421	253
COV	[422-422]	422	268
COV	[423-423]	423	267
COV	[424-424]	424	246
COV	[425-425]	425	266
COV	[426-426]	426	241
COV	[427-427]	427	252
COV	[428-428]	428	253
COV	[429-429]	429	277
COV	[430-430]	430	269
COV	[431-431]	431	252
COV	[432-432]	432	246
COV	[433-433]	433	213
COV	[434-434]	434	258
COV	[435-435]	435	234
COV	[436-436]	436	249
COV	[437-437]	437	239
COV	[438-438]	438	207
COV	[439-439]	439	208
COV	[440-440]	440	223
COV	[441-441]	441	220
COV	[442-442]	442	212
COV	[443-443]	443	226
COV	[444-444]	444	188
COV	[445-445]	445	215
COV	[446-446]	446	215
COV	[447-447]	447	200
COV	[448-448]	448	240
COV	[449-449]	449	222
COV	[450-450]	450	196
COV	[451-451]	451	180
COV	[452-452]	452	198
COV	[453-453]	453	178
COV	[454-454]	454	176
COV	[455-455]	455	186
COV	[456-456]	456	179
COV	[457-457]	457	182
COV	[458-458]	458	165
COV	[459-459]	459	174
COV	[460-460]	460	177
COV	[461-461]	461	162
COV	[462-462]	462	152
COV	[463-463]	463	147
COV	[464-464]	464	168
COV	[465-465]	465	167
COV	[466-466]	466	164
COV	[467-467]	467	138
COV	[468-468]	468	166
COV	[469-469]	469	155
COV	[470-470]	470	149
COV	[471-471]	471	140
COV	[472-472]	472	161
COV	[473-473]	473	136
COV	[474-474]	474	124
COV	[475-475]	475	159
COV	[476-476]	476	128
COV	[477-477]	477	161
COV	[478-478]	478	142
COV	[479-479]	479	142
COV	[480-480]	480	131
COV	[481-481]	481	132
COV	[482-482]	482	114
COV	[483-483]	483	105
COV	[484-484]	484	120
COV	[485-485]	485	132
COV	[486-486]	486	122
COV	[487-487]	487	109
COV	[488-488]	488	123
COV	[489-489]	489	114
COV	[490-490]	490	121
COV	[491-491]	491	131
COV	[492-492]	492	113
COV	[493-493]	493	117
COV	[494-494]	494	126
COV	[495-495]	495	114
COV	[496-496]	496	107
COV	[497-497]	497	107
COV	[498-498]	498	108
COV	[499-499]	499	105
COV	[500-500]	500	103
COV	[501-501]	501	112
COV	[502-502]	502	77
COV	[503-503]	503	98
COV	[504-504]	504	100
COV	[505-505]	505	117
COV	[506-506]	506	113
COV	[507-507]	507	102
COV	[508-508]	508	85
COV	[509-509]	509	83
COV	[510-510]	510	100
COV	[511-511]	511	105
COV	[512-512]	512	89
COV	[513-513]	513	70
COV	[514-514]	514	93
COV	[515-515]	515	81
COV	[516-516]	516	84
COV	[517-517]	517	83
COV	[518-518]	518	85
COV	[519-519]	519	91
COV	[520-520]	520	77
COV	[521-521]	521	85
COV	[522-522]	522	77
COV	[523-523]	523	97
COV	[524-524]	524	85
COV	[525-525]	525	77
COV	[526-526]	526	75
COV	[527-527]	527	72
COV	[528-528]	528	83
COV	[529-529]	529	72
COV	[530-530]	530	63
COV	[531-531]	531	67
COV	[532-532]	532	69
COV	[533-533]	533	85
COV	[534-534]	534	54
COV	[535-535]	535	50
COV	[536-536]	536	72
COV	[537-537]	537	63
COV	[538-538]	538	60
COV	[539-539]	539	72
COV	[540-540]	540	62
COV	[541-541]	541	65
COV	[542-542]	542	57
COV	[543-543]	543	71
COV	[544-544]	544	76
COV	[545-545]	545	62
COV	[546-546]	546	64
COV	[547-547]	547	46
COV	[548-548]	548	59
COV	[549-549]	549	58
COV	[550-550]	550	62
COV	[551-551]	551	60
COV	[552-552]	552	48
COV	[553-553]	553	41
COV	[554-554]	554	46
COV	[555-555]	555	59
COV	[556-556]	556	31
COV	[557-557]	557	63
COV	[558-558]	558	59
COV	[559-559]	559	43
COV	[560-560]	560	55
COV	[561-561]	561	39
COV	[562-562]	562	39
COV	[563-563]	563	40
COV	[564-564]	564	37
COV	[565-565]	565	39
COV	[566-566]	566	39
COV	[567-567]	567	41
COV	[568-568]	568	34
COV	[569-569]	569	49
COV	[570-570]	570	54
COV	[571-571]	571	39
COV	[572-572]	572	41
COV	[573-573]	573	42
COV	[574-574]	574	42
COV	[575-575]	575	46
COV	[576-576]	576	53
COV	[577-577]	577	42
COV	[578-578]	578	57
COV	[579-579]	579	49
COV	[580-580]	580	40
COV	[581-581]	581	51
COV	[582-582]	582	38
COV	[583-583]	583	41
COV	[584-584]	584	55
COV	[585-585]	585	37
COV	[586-586]	586	42
COV	[587-587]	587	42
COV	[588-588]	588	48
COV	[589-589]	589	56
COV	[590-590]	590	47
COV	[591-591]	591	48
COV	[592-592]	592	49
COV	[593-593]	593	43
COV	[594-594]	594	51
COV	[595-595]	595	42
COV	[596-596]	596	51
COV	[597-597]	597	43
COV	[598-598]	598	57
COV	[599-599]	599	39
COV	[600-600]	600	30
COV	[601-601]	601	37
COV	[602-602]	602	45
COV	[603-603]	603	30
COV	[604-604]	604	31
COV	[605-605]	605	34
COV	[606-606]	606	38
COV	[607-607]	607	36
COV	[608-608]	608	39
COV	[609-609]	609	33
COV	[610-610]	610	39
COV	[611-611]	611	45
COV	[612-612]	612	40
COV	[613-613]	613	38
COV	[614-614]	614	41
COV	[615-615]	615	37
COV	[616-616]	616	30
COV	[617-617]	617	39
COV	[618-618]	618	37
COV	[619-619]	619	32
COV	[620-620]	620	43
COV	[621-621]	621	35
COV	[622-622]	622	34
COV	[623-623]	623	31
COV	[624-624]	624	35
COV	[625-625]	625	45
COV	[626-626]	626	40
COV	[627-627]	627	41
COV	[628-628]	628	37
COV	[629-629]	629	42
COV	[630-630]	630	35
COV	[631-631]	631	47
COV	[632-632]	632	43
COV	[633-633]	633	37
COV	[634-634]	634	42
COV	[635-635]	635	34
COV	[636-636]	636	42
COV	[637-637]	637	27
COV	[638-638]	638	30
COV	[639-639]	639	35
COV	[640-640]	640	26
COV	[641-641]	641	43
COV	[642-642]	642	34
COV	[643-643]	643	42
COV	[644-644]	644	31
COV	[645-645]	645	36
COV	[646-646]	646	34
COV	[647-647]	647	36
COV	[648-648]	648	38
COV	[649-649]	649	32
COV	[650-650]	650	36
COV	[651-651]	651	35
COV	[652-652]	652	28
COV	[653-653]	653	26
COV	[654-654]	654	28
COV	[655-655]	655	37
COV	[656-656]	656	28
COV	[657-657]	657	45
COV	[658-658]	658	26
COV	[659-659]	659	28
COV	[660-660]	660	24
COV	[661-661]	661	35
COV	[662-662]	662	14
COV	[663-663]	663	23
COV	[664-664]	664	25
COV	[665-665]	665	22
COV	[666-666]	666	32
COV	[667-667]	667	22
COV	[668-668]	668	19
COV	[669-669]	669	16
COV	[670-670]	670	27
COV	[671-671]	671	21
COV	[672-672]	672	20
COV	[673-673]	673	23
COV	[674-674]	674	18
COV	[675-675]	675	27
COV	[676-676]	676	22
COV	[677-677]	677	29
COV	[678-678]	678	15
COV	[679-679]	679	18
COV	[680-680]	680	23
COV	[681-681]	681	28
COV	[682-682]	682	14
COV	[683-683]	683	23
COV	[684-684]	684	19
COV	[685-685]	685	19
COV	[686-686]	686	24
COV	[687-687]	687	14
COV	[688-688]	688	18
COV	[689-689]	689	16
COV	[690-690]	690	20
COV	[691-691]	691	20
COV	[692-692]	692	17
COV	[693-693]	693	18
COV	[694-694]	694	15
COV	[695-695]	695	13
COV	[696-696]	696	20
COV	[697-697]	697	24
COV	[698-698]	698	17
COV	[699-699]	699	17
COV	[700-700]	700	18
COV	[701-701]	701	22
COV	[702-702]	702	18
COV	[703-703]	703	25
COV	[704-704]	704	21
COV	[705-705]	705	21
COV	[706-706]	706	11
COV	[707-707]	707	22
COV	[708-708]	708	26
COV	[709-709]	709	21
COV	[710-710]	710	22
COV	[711-711]	711	20
COV	[712-712]	712	10
COV	[713-713]	713	20
COV	[714-714]	714	13
COV	[715-715]	715	12
COV	[716-716]	716	17
COV	[717-717]	717	14
COV	[718-718]	718	11
COV	[719-719]	719	13
COV	[720-720]	720	17
COV	[721-721]	721	19
COV	[722-722]	722	15
COV	[723-723]	723	19
COV	[724-724]	724	12
COV	[725-725]	725	25
COV	[726-726]	726	19
COV	[727-727]	727	25
COV	[728-728]	728	29
COV	[729-729]	729	12
COV	[730-730]	730	17
COV	[731-731]	731	17
COV	[732-732]	732	22
COV	[733-733]	733	21
COV	[734-734]	734	20
COV	[735-735]	735	18
COV	[736-736]	736	13
COV	[737-737]	737	19
COV	[738-738]	738	15
COV	[739-739]	739	20
COV	[740-740]	740	17
COV	[741-741]	741	22
COV	[742-742]	742	21
COV	[743-743]	743	12
COV	[744-744]	744	16
COV	[745-745]	745	22
COV	[746-746]	746	23
COV	[747-747]	747	14
COV	[748-748]	748	15
COV	[749-749]	749	13
COV	[750-750]	750	15
COV	[751-751]	751	10
COV	[752-752]	752	17
COV	[753-753]	753	15
COV	[754-754]	754	13
COV	[755-755]	755	20
COV	[756-756]	756	11
COV	[757-757]	757	15
COV	[758-758]	758	16
COV	[759-759]	759	12
COV	[760-760]	760	7
COV	[761-761]	761	17
COV	[762-762]	762	12
COV	[763-763]	763	12
COV	[764-764]	764	16
COV	[765-765]	765	11
COV	[766-766]	766	16
COV	[767-767]	767	21
COV	[768-768]	768	12
COV	[769-769]	769	14
COV	[770-770]	770	19
COV	[771-771]	771	12
COV	[772-772]	772	14
COV	[773-773]	773	13
COV	[774-774]	774	14
COV	[775-775]	775	10
COV	[776-776]	776	10
COV	[777-777]	777	6
COV	[778-778]	778	11
COV	[779-779]	779	8
COV	[780-780]	780	11
COV	[781-781]	781	5
COV	[782-782]	782	11
COV	[783-783]	783	9
COV	[784-784]	784	8
COV	[785-785]	785	17
COV	[786-786]	786	5
COV	[787-787]	787	13
COV	[788-788]	788	8
COV	[789-789]	789	11
COV	[790-790]	790	6
COV	[791-791]	791	9
COV	[792-792]	792	11
COV	[793-793]	793	7
COV	[794-794]	794	13
COV	[795-795]	795	6
COV	[796-796]	796	12
COV	[797-797]	797	11
COV	[798-798]	798	7
COV	[799-799]	799	16
COV	[800-800]	800	11
COV	[801-801]	801	6
COV	[802-802]	802	14
COV	[803-803]	803	14
COV	[804-804]	804	10
COV	[805-805]	805	6
COV	[806-806]	806	12
COV	[807-807]	807	10
COV	[808-808]	808	6
COV	[809-809]	809	12
COV	[810-810]	810	11
COV	[811-811]	811	7
COV	[812-812]	812	10
COV	[813-813]	813	14
COV	[814-814]	814	9
COV	[815-815]	815	6
COV	[816-816]	816	14
COV	[817-817]	817	17
COV	[818-818]	818	5
COV	[819-819]	819	13
COV	[820-820]	820	12
COV	[821-821]	821	12
COV	[822-822]	822	9
COV	[823-823]	823	9
COV	[824-824]	824	13
COV	[825-825]	825	6
COV	[826-826]	826	10
COV	[827-827]	827	6
COV	[828-828]	828	5
COV	[829-829]	829	12
COV	[830-830]	830	14
COV	[831-831]	831	14
COV	[832-832]	832	16
COV	[833-833]	833	12
COV	[834-834]	834	14
COV	[835-835]	835	7
COV	[836-836]	836	8
COV	[837-837]	837	8
COV	[838-838]	838	7
COV	[839-839]	839	12
COV	[840-840]	840	15
COV	[841-841]	841	12
COV	[842-842]	842	5
COV	[843-843]	843	5
COV	[844-844]	844	8
COV	[845-845]	845	9
COV	[846-846]	846	10
COV	[847-847]	847	6
COV	[848-848]	848	12
COV	[849-849]	849	7
COV	[850-850]	850	4
COV	[851-851]	851	10
COV	[852-852]	852	6
COV	[853-853]	853	4
COV	[854-854]	854	7
COV	[855-855]	855	9
COV	[856-856]	856	7
COV	[857-857]	857	7
COV	[858-858]	858	4
COV	[859-859]	859	5
COV	[860-860]	860	7
COV	[861-861]	861	7
COV	[862-862]	862	8
COV	[863-863]	863	4
COV	[864-864]	864	5
COV	[865-865]	865	7
COV	[866-866]	866	2
COV	[867-867]	867	10
COV	[868-868]	868	6
COV	[869-869]	869	5
COV	[870-870]	870	5
COV	[871-871]	871	5
COV	[872-872]	872	5
COV	[873-873]	873	1
COV	[874-874]	874	3
COV	[875-875]	875	11
COV	[876-876]	876	4
COV	[877-877]	877	3
COV	[878-878]	878	10
COV	[879-879]	879	6
COV	[880-880]	880	1
COV	[881-881]	881	4
COV	[882-882]	882	3
COV	[883-883]	883	3
COV	[884-884]	884	5
COV	[885-885]	885	7
COV	[886-886]	886	7
COV	[887-887]	887	4
COV	[888-888]	888	8
COV	[889-889]	889	9
COV	[890-890]	890	4
COV	[891-891]	891	11
COV	[892-892]	892	13
COV	[893-893]	893	5
COV	[894-894]	894	3
COV	[895-895]	895	6
COV	[896-896]	896	6
COV	[897-897]	897	9
COV	[898-898]	898	8
COV	[899-899]	899	7
COV	[900-900]	900	6
COV	[901-901]	901	3
COV	[902-902]	902	3
COV	[903-903]	903	4
COV	[904-904]	904	9
COV	[905-905]	905	5
COV	[906-906]	906	7
COV	[907-907]	907	4
COV	[908-908]	908	2
COV	[909-909]	909	4
COV	[910-910]	910	5
COV	[911-911]	911	13
COV	[912-912]	912	3
COV	[913-913]	913	3
COV	[914-914]	914	8
COV	[915-915]	915	7
COV	[916-916]	916	6
COV	[917-917]	917	5
COV	[918-918]	918	4
COV	[919-919]	919	8
COV	[920-920]	920	5
COV	[921-921]	921	2
COV	[922-922]	922	2
COV	[923-923]	923	3
COV	[924-924]	924	3
COV	[925-925]	925	5
COV	[926-926]	926	5
COV	[927-927]	927	7
COV	[928-928]	928	6
COV	[929-929]	929	3
COV	[930-930]	930	6
COV	[931-931]	931	5
COV	[932-932]	932	4
COV	[933-933]	933	1
COV	[934-934]	934	3
COV	[935-935]	935	6
COV	[936-936]	936	6
COV	[937-937]	937	4
COV	[938-938]	938	7
COV	[939-939]	939	6
COV	[940-940]	940	5
COV	[941-941]	941	6
COV	[942-942]	942	3
COV	[943-943]	943	6
COV	[944-944]	944	12
COV	[945-945]	945	7
COV	[946-946]	946	6
COV	[947-947]	947	1
COV	[948-948]	948	9
COV	[949-949]	949	6
COV	[950-950]	950	4
COV	[951-951]	951	6
COV	[952-952]	952	4
COV	[953-953]	953	5
COV	[954-954]	954	5
COV	[955-955]	955	2
COV	[956-956]	956	7
COV	[957-957]	957	8
COV	[958-958]	958	4
COV	[959-959]	959	7
COV	[960-960]	960	2
COV	[961-961]	961	5
COV	[962-962]	962	6
COV	[963-963]	963	9
COV	[964-964]	964	7
COV	[965-965]	965	5
COV	[966-966]	966	3
COV	[967-967]	967	2
COV	[968-968]	968	4
COV	[969-969]	969	3
COV	[970-970]	970	3
COV	[971-971]	971	8
COV	[972-972]	972	7
COV	[973-973]	973	6
COV	[974-974]	974	3
COV	[975-975]	975	8
COV	[976-976]	976	4
COV	[977-977]	977	3
COV	[978-978]	978	6
COV	[979-979]	979	9
COV	[980-980]	980	4
COV	[981-981]	981	5
COV	[982-982]	982	3
COV	[983-983]	983	7
COV	[984-984]	984	10
COV	[985-985]	985	10
COV	[986-986]	986	3
COV	[987-987]	987	4
COV	[988-988]	988	7
COV	[989-989]	989	2
COV	[990-990]	990	8
COV	[991-991]	991	5
COV	[992-992]	992	8
COV	[993-993]	993	5
COV	[994-994]	994	5
COV	[995-995]	995	6
COV	[996-996]	996	6
COV	[997-997]	997	8
COV	[998-998]	998	6
COV	[999-999]	999	10
COV	[1000-1000]	1000	2
COV	[1000<]	1000	1081
# GC-depth. Use `grep ^GCD | cut -f 2-` to extract this part. The columns are: GC%, unique sequence percentiles, 10th, 25th, 50th, 75th and 90th depth percentile
GCD	0.0	0.005	0.000	0.004	0.004	0.004	0.004
GCD	1.6	0.006	0.016	0.016	0.016	0.016	0.016
GCD	2.0	0.007	0.004	0.004	0.004	0.004	0.004
GCD	13.0	0.007	0.004	0.004	0.004	0.004	0.004
GCD	16.0	0.008	0.052	0.052	0.052	0.052	0.052
GCD	19.0	0.009	0.004	0.004	0.004	0.004	0.004
GCD	23.0	0.010	1.009	1.009	2.416	3.822	3.822
GCD	24.0	0.012	0.493	0.493	0.536	9.122	9.122
GCD	25.0	0.014	0.199	0.199	0.771	1.760	1.760
GCD	26.0	0.017	0.004	0.004	0.008	0.058	0.099
GCD	27.0	0.019	0.008	0.008	0.012	0.203	0.203
GCD	28.0	0.022	0.012	0.014	0.016	0.062	0.107
GCD	29.0	0.026	0.012	0.015	0.373	1.053	2.137
GCD	30.0	0.050	0.023	0.123	0.552	1.091	2.239
GCD	31.0	0.099	0.034	0.155	0.620	1.503	2.789
GCD	32.0	0.246	0.102	0.183	0.588	1.659	2.694
GCD	33.0	0.607	0.147	0.207	0.576	1.585	2.681
GCD	34.0	1.442	0.147	0.203	0.304	1.698	3.256
GCD	35.0	3.067	0.159	0.207	0.270	1.391	3.206
GCD	36.0	5.788	0.155	0.211	0.266	1.080	3.009
GCD	37.0	9.989	0.163	0.215	0.274	0.826	2.972
GCD	38.0	15.582	0.159	0.222	0.282	0.564	2.624
GCD	39.0	22.321	0.163	0.230	0.290	0.473	2.668
GCD	40.0	29.608	0.183	0.246	0.310	0.453	2.546
GCD	41.0	36.919	0.207	0.266	0.334	0.520	2.639
GCD	42.0	43.845	0.230	0.290	0.362	0.616	2.853
GCD	43.0	50.382	0.242	0.310	0.389	0.810	2.996
GCD	44.0	56.375	0.258	0.330	0.417	0.910	3.208
GCD	45.0	61.671	0.270	0.350	0.449	1.061	3.671
GCD	46.0	66.377	0.294	0.381	0.493	1.255	3.953
GCD	47.0	70.494	0.306	0.413	0.532	1.585	4.514
GCD	48.0	74.024	0.330	0.441	0.576	1.812	4.936
GCD	49.0	77.111	0.346	0.477	0.648	2.427	5.819
GCD	50.0	79.871	0.366	0.524	0.739	2.777	6.212
GCD	51.0	82.219	0.397	0.572	0.846	3.321	7.195
GCD	52.0	84.434	0.401	0.620	1.144	3.794	8.093
GCD	53.0	86.397	0.417	0.652	1.156	3.762	8.161
GCD	54.0	88.265	0.493	0.751	1.685	5.113	9.822
GCD	55.0	89.944	0.545	0.838	2.360	6.024	11.075
GCD	56.0	91.480	0.662	1.002	2.777	6.873	12.863
GCD	57.0	92.920	0.751	1.104	3.216	7.439	12.979
GCD	58.0	94.260	0.775	1.359	3.667	8.371	14.893
GCD	59.0	95.520	0.826	1.449	3.776	9.170	16.374
GCD	60.0	96.615	0.922	1.680	4.720	10.134	17.383
GCD	61.0	97.508	0.998	1.672	4.905	11.133	18.765
GCD	62.0	98.233	1.080	1.986	5.403	11.005	18.468
GCD	63.0	98.852	0.985	1.863	5.423	11.182	19.416
GCD	64.0	99.297	1.180	1.887	4.672	9.877	17.370
GCD	65.0	99.627	1.232	1.995	4.829	9.759	20.137
GCD	66.0	99.827	1.189	2.106	4.255	9.193	16.794
GCD	67.0	99.919	1.407	1.975	3.997	8.159	13.799
GCD	68.0	99.970	0.888	2.004	3.464	6.267	10.100
GCD	69.0	99.990	0.981	2.116	4.229	6.962	26.551
GCD	70.0	99.999	0.201	1.342	2.352	8.071	12.457
GCD	74.0	99.999	8.403	8.403	8.403	8.403	8.403
GCD	77.0	100.000	2.074	2.074	2.074	2.074	2.074
