chr1	248956422	7052052	48962
chr10	133797422	2931208	20280
chr11	135086622	4110873	28972
chr11_KI270721v1_random	100316	2349	24
chr12	133275309	3630274	25503
chr13	114364328	1345652	9079
chr14	107043718	2192666	15331
chr14_GL000009v2_random	201709	2131	9
chr14_GL000225v1_random	211173	11686	144
chr14_KI270722v1_random	194050	1129	8
chr14_GL000194v1_random	191469	7437	61
chr14_KI270723v1_random	38115	1445	12
chr14_KI270724v1_random	39555	751	9
chr14_KI270725v1_random	172810	1315	5
chr14_KI270726v1_random	43739	524	2
chr15	101991189	2431145	16903
chr15_KI270727v1_random	448248	3769	21
chr16	90338345	3114534	23374
chr16_KI270728v1_random	1872759	40069	318
chr17	83257441	3812339	28040
chr17_GL000205v2_random	185591	1126	7
chr17_KI270729v1_random	280839	2299	14
chr17_KI270730v1_random	112551	759	10
chr18	80373285	1174987	7928
chr19	58617616	4038563	31229
chr1_KI270706v1_random	175055	1974	12
chr1_KI270707v1_random	32032	154	0
chr1_KI270708v1_random	127682	281	2
chr1_KI270709v1_random	66860	1982	11
chr1_KI270710v1_random	40176	92	1
chr1_KI270711v1_random	42210	3112	19
chr1_KI270712v1_random	176043	2886	20
chr1_KI270713v1_random	40745	5186	53
chr1_KI270714v1_random	41717	2071	24
chr2	242193529	5131702	34820
chr20	64444167	1869136	13702
chr21	46709983	814516	5841
chr22	50818468	1735221	13048
chr22_KI270731v1_random	150754	6179	50
chr22_KI270732v1_random	41543	501	3
chr22_KI270733v1_random	179772	18740	195
chr22_KI270734v1_random	165050	7969	55
chr22_KI270735v1_random	42811	491	5
chr22_KI270736v1_random	181920	1448	22
chr22_KI270737v1_random	103838	179	4
chr22_KI270738v1_random	99375	174	2
chr22_KI270739v1_random	73985	48	1
chr2_KI270715v1_random	161471	195	2
chr2_KI270716v1_random	153799	164	0
chr3	198295559	4114467	27889
chr3_GL000221v1_random	155397	2315	6
chr4	190214555	2824717	18560
chr4_GL000008v2_random	209709	1810	13
chr5	181538259	3179237	21762
chr5_GL000208v1_random	92689	165	0
chr6	170805979	3168672	21589
chr7	159345973	3570405	25572
chr8	145138636	2481811	17021
chr9	138394717	3063190	21976
chr9_KI270717v1_random	40062	492	2
chr9_KI270718v1_random	38054	530	3
chr9_KI270719v1_random	176845	3901	32
chr9_KI270720v1_random	39050	1411	3
chr1_KI270762v1_alt	354444	15759	117
chr1_KI270766v1_alt	256271	6270	36
chr1_KI270760v1_alt	109528	652	8
chr1_KI270765v1_alt	185285	1330	12
chr1_GL383518v1_alt	182439	7206	56
chr1_GL383519v1_alt	110268	16520	111
chr1_GL383520v2_alt	366580	2260	16
chr1_KI270764v1_alt	50258	176	1
chr1_KI270763v1_alt	911658	9248	53
chr1_KI270759v1_alt	425601	6022	52
chr1_KI270761v1_alt	165834	4164	34
chr2_KI270770v1_alt	136240	501	2
chr2_KI270773v1_alt	70887	1205	7
chr2_KI270774v1_alt	223625	3616	27
chr2_KI270769v1_alt	120616	2927	16
chr2_GL383521v1_alt	143390	502	4
chr2_KI270772v1_alt	133041	1438	15
chr2_KI270775v1_alt	138019	293	0
chr2_KI270771v1_alt	110395	189	3
chr2_KI270768v1_alt	110099	1036	8
chr2_GL582966v2_alt	96131	2692	17
chr2_GL383522v1_alt	123821	3344	19
chr2_KI270776v1_alt	174166	5256	51
chr2_KI270767v1_alt	161578	802	7
chr3_JH636055v2_alt	173151	2278	16
chr3_KI270783v1_alt	109187	234	3
chr3_KI270780v1_alt	224108	1834	20
chr3_GL383526v1_alt	180671	958	6
chr3_KI270777v1_alt	173649	2430	12
chr3_KI270778v1_alt	248252	330	4
chr3_KI270781v1_alt	113034	804	5
chr3_KI270779v1_alt	205312	21525	124
chr3_KI270782v1_alt	162429	1915	19
chr3_KI270784v1_alt	184404	2683	32
chr4_KI270790v1_alt	220246	446	9
chr4_GL383528v1_alt	376187	550	3
chr4_KI270787v1_alt	111943	204	3
chr4_GL000257v2_alt	586476	6854	32
chr4_KI270788v1_alt	158965	236	0
chr4_GL383527v1_alt	164536	2716	12
chr4_KI270785v1_alt	119912	238	1
chr4_KI270789v1_alt	205944	546	4
chr4_KI270786v1_alt	244096	356	6
chr5_KI270793v1_alt	126136	1371	11
chr5_KI270792v1_alt	179043	6592	45
chr5_KI270791v1_alt	195710	8213	69
chr5_GL383532v1_alt	82728	133	0
chr5_GL949742v1_alt	226852	444	0
chr5_KI270794v1_alt	164558	2239	20
chr5_GL339449v2_alt	1612928	18011	119
chr5_GL383530v1_alt	101241	216	0
chr5_KI270796v1_alt	172708	318	2
chr5_GL383531v1_alt	173459	365	1
chr5_KI270795v1_alt	131892	1611	15
chr6_GL000250v2_alt	4672374	31487	217
chr6_KI270800v1_alt	175808	664	3
chr6_KI270799v1_alt	152148	194	2
chr6_GL383533v1_alt	124736	716	5
chr6_KI270801v1_alt	870480	7052	41
chr6_KI270802v1_alt	75005	330	3
chr6_KB021644v2_alt	185823	656	6
chr6_KI270797v1_alt	197536	3562	22
chr6_KI270798v1_alt	271782	6000	39
chr7_KI270804v1_alt	157952	623	3
chr7_KI270809v1_alt	209586	4671	34
chr7_KI270806v1_alt	158166	2176	10
chr7_GL383534v2_alt	119183	3975	30
chr7_KI270803v1_alt	1111570	49692	324
chr7_KI270808v1_alt	271455	2025	12
chr7_KI270807v1_alt	126434	709	11
chr7_KI270805v1_alt	209988	1328	12
chr8_KI270818v1_alt	145606	1303	14
chr8_KI270812v1_alt	282736	1523	21
chr8_KI270811v1_alt	292436	1836	14
chr8_KI270821v1_alt	985506	12841	89
chr8_KI270813v1_alt	300230	9773	75
chr8_KI270822v1_alt	624492	6308	37
chr8_KI270814v1_alt	141812	850	3
chr8_KI270810v1_alt	374415	767	5
chr8_KI270819v1_alt	133535	2951	26
chr8_KI270820v1_alt	36640	339	4
chr8_KI270817v1_alt	158983	3628	29
chr8_KI270816v1_alt	305841	25172	201
chr8_KI270815v1_alt	132244	1918	17
chr9_GL383539v1_alt	162988	356	4
chr9_GL383540v1_alt	71551	1685	18
chr9_GL383541v1_alt	171286	2433	15
chr9_GL383542v1_alt	60032	312	1
chr9_KI270823v1_alt	439082	2381	15
chr10_GL383545v1_alt	179254	2100	14
chr10_KI270824v1_alt	181496	1106	11
chr10_GL383546v1_alt	309802	5084	36
chr10_KI270825v1_alt	188315	6000	43
chr11_KI270832v1_alt	210133	18569	136
chr11_KI270830v1_alt	177092	2107	26
chr11_KI270831v1_alt	296895	9865	75
chr11_KI270829v1_alt	204059	2047	8
chr11_GL383547v1_alt	154407	265	1
chr11_JH159136v1_alt	200998	3529	19
chr11_JH159137v1_alt	191409	2237	14
chr11_KI270827v1_alt	67707	366	1
chr11_KI270826v1_alt	186169	785	4
chr12_GL877875v1_alt	167313	6033	52
chr12_GL877876v1_alt	408271	6548	36
chr12_KI270837v1_alt	40090	2516	43
chr12_GL383549v1_alt	120804	225	2
chr12_KI270835v1_alt	238139	4024	13
chr12_GL383550v2_alt	169178	1022	15
chr12_GL383552v1_alt	138655	359	2
chr12_GL383553v2_alt	152874	2140	6
chr12_KI270834v1_alt	119498	8633	67
chr12_GL383551v1_alt	184319	413	1
chr12_KI270833v1_alt	76061	2374	17
chr12_KI270836v1_alt	56134	193	4
chr13_KI270840v1_alt	191684	1045	9
chr13_KI270839v1_alt	180306	978	5
chr13_KI270843v1_alt	103832	179	1
chr13_KI270841v1_alt	169134	280	4
chr13_KI270838v1_alt	306913	2778	18
chr13_KI270842v1_alt	37287	579	11
chr14_KI270844v1_alt	322166	3811	25
chr14_KI270847v1_alt	1511111	32940	216
chr14_KI270845v1_alt	180703	2524	23
chr14_KI270846v1_alt	1351393	51014	343
chr15_KI270852v1_alt	478999	3753	28
chr15_KI270851v1_alt	263054	5965	40
chr15_KI270848v1_alt	327382	5676	46
chr15_GL383554v1_alt	296527	5161	39
chr15_KI270849v1_alt	244917	2447	29
chr15_GL383555v2_alt	388773	5245	43
chr15_KI270850v1_alt	430880	13906	115
chr16_KI270854v1_alt	134193	3722	25
chr16_KI270856v1_alt	63982	870	8
chr16_KI270855v1_alt	232857	10768	84
chr16_KI270853v1_alt	2659700	62782	536
chr16_GL383556v1_alt	192462	7827	74
chr16_GL383557v1_alt	89672	1476	12
chr17_GL383563v3_alt	375691	3906	33
chr17_KI270862v1_alt	391357	5688	56
chr17_KI270861v1_alt	196688	15947	147
chr17_KI270857v1_alt	2877074	77131	535
chr17_JH159146v1_alt	278131	13219	79
chr17_JH159147v1_alt	70345	1358	8
chr17_GL383564v2_alt	133151	7596	38
chr17_GL000258v2_alt	1821992	20623	152
chr17_GL383565v1_alt	223995	384	1
chr17_KI270858v1_alt	235827	537	5
chr17_KI270859v1_alt	108763	497	3
chr17_GL383566v1_alt	90219	388	4
chr17_KI270860v1_alt	178921	5441	51
chr18_KI270864v1_alt	111737	157	0
chr18_GL383567v1_alt	289831	1387	10
chr18_GL383570v1_alt	164789	398	6
chr18_GL383571v1_alt	198278	1516	11
chr18_GL383568v1_alt	104552	233	1
chr18_GL383569v1_alt	167950	500	2
chr18_GL383572v1_alt	159547	2288	23
chr18_KI270863v1_alt	167999	3295	30
chr19_KI270868v1_alt	61734	3728	35
chr19_KI270865v1_alt	52969	3913	28
chr19_GL383573v1_alt	385657	3331	31
chr19_GL383575v2_alt	170222	1999	14
chr19_GL383576v1_alt	188024	1860	17
chr19_GL383574v1_alt	155864	1632	13
chr19_KI270866v1_alt	43156	1623	11
chr19_KI270867v1_alt	233762	3934	24
chr19_GL949746v1_alt	987716	20634	169
chr20_GL383577v2_alt	128386	538	4
chr20_KI270869v1_alt	118774	3532	22
chr20_KI270871v1_alt	58661	1752	14
chr20_KI270870v1_alt	183433	7176	38
chr21_GL383578v2_alt	63917	113	2
chr21_KI270874v1_alt	166743	255	3
chr21_KI270873v1_alt	143900	531	4
chr21_GL383579v2_alt	201197	359	3
chr21_GL383580v2_alt	74653	1361	12
chr21_GL383581v2_alt	116689	2624	20
chr21_KI270872v1_alt	82692	5471	33
chr22_KI270875v1_alt	259914	8423	50
chr22_KI270878v1_alt	186262	2879	21
chr22_KI270879v1_alt	304135	15291	116
chr22_KI270876v1_alt	263666	2998	36
chr22_KI270877v1_alt	101331	1932	14
chr22_GL383583v2_alt	96924	1374	16
chr22_GL383582v2_alt	162811	1846	12
chrX_KI270880v1_alt	284869	1592	13
chrX_KI270881v1_alt	144206	1486	6
chr19_KI270882v1_alt	248807	987	7
chr19_KI270883v1_alt	170399	982	7
chr19_KI270884v1_alt	157053	1044	7
chr19_KI270885v1_alt	171027	1101	7
chr19_KI270886v1_alt	204239	739	6
chr19_KI270887v1_alt	209512	1483	7
chr19_KI270888v1_alt	155532	546	4
chr19_KI270889v1_alt	170698	927	10
chr19_KI270890v1_alt	184499	1001	8
chr19_KI270891v1_alt	170680	972	8
chr1_KI270892v1_alt	162212	4073	18
chr2_KI270894v1_alt	214158	2430	20
chr2_KI270893v1_alt	161218	756	8
chr3_KI270895v1_alt	162896	8517	62
chr4_KI270896v1_alt	378547	2589	15
chr5_KI270897v1_alt	1144418	13233	102
chr5_KI270898v1_alt	130957	1901	11
chr6_GL000251v2_alt	4795265	81028	568
chr7_KI270899v1_alt	190869	910	5
chr8_KI270901v1_alt	136959	512	3
chr8_KI270900v1_alt	318687	3673	27
chr11_KI270902v1_alt	106711	9882	76
chr11_KI270903v1_alt	214625	3073	28
chr12_KI270904v1_alt	572349	9027	68
chr15_KI270906v1_alt	196384	2672	18
chr15_KI270905v1_alt	5161414	56749	378
chr17_KI270907v1_alt	137721	1044	14
chr17_KI270910v1_alt	157099	3221	27
chr17_KI270909v1_alt	325800	7375	42
chr17_JH159148v1_alt	88070	1381	8
chr17_KI270908v1_alt	1423190	32229	208
chr18_KI270912v1_alt	174061	564	4
chr18_KI270911v1_alt	157710	1802	13
chr19_GL949747v2_alt	729520	8159	65
chr22_KB663609v1_alt	74013	2310	16
chrX_KI270913v1_alt	274009	1376	9
chr19_KI270914v1_alt	205194	882	4
chr19_KI270915v1_alt	170665	982	10
chr19_KI270916v1_alt	184516	883	5
chr19_KI270917v1_alt	190932	1217	11
chr19_KI270918v1_alt	123111	848	9
chr19_KI270919v1_alt	170701	1120	8
chr19_KI270920v1_alt	198005	935	6
chr19_KI270921v1_alt	282224	1297	10
chr19_KI270922v1_alt	187935	1186	7
chr19_KI270923v1_alt	189352	977	12
chr3_KI270924v1_alt	166540	10358	79
chr4_KI270925v1_alt	555799	1850	7
chr6_GL000252v2_alt	4604811	77709	566
chr8_KI270926v1_alt	229282	2554	18
chr11_KI270927v1_alt	218612	10786	92
chr19_GL949748v2_alt	1064304	4877	41
chr22_KI270928v1_alt	176103	2595	17
chr19_KI270929v1_alt	186203	934	7
chr19_KI270930v1_alt	200773	908	5
chr19_KI270931v1_alt	170148	949	12
chr19_KI270932v1_alt	215732	940	10
chr19_KI270933v1_alt	170537	859	8
chr19_GL000209v2_alt	177381	1104	11
chr3_KI270934v1_alt	163458	8442	55
chr6_GL000253v2_alt	4677643	53710	403
chr19_GL949749v2_alt	1091841	4845	47
chr3_KI270935v1_alt	197351	6357	61
chr6_GL000254v2_alt	4827813	76940	589
chr19_GL949750v2_alt	1066390	4699	47
chr3_KI270936v1_alt	164170	8547	66
chr6_GL000255v2_alt	4606388	78841	611
chr19_GL949751v2_alt	1002683	5037	56
chr3_KI270937v1_alt	165607	8330	75
chr6_GL000256v2_alt	4929269	72085	482
chr19_GL949752v1_alt	987100	21409	158
chr6_KI270758v1_alt	76752	722	2
chr19_GL949753v2_alt	796479	12593	96
chr19_KI270938v1_alt	1066800	22260	170
chrM	16569	9316	52
chrUn_KI270302v1	2274	4	0
chrUn_KI270304v1	2165	2	0
chrUn_KI270303v1	1942	8	0
chrUn_KI270305v1	1472	4	0
chrUn_KI270322v1	21476	14	0
chrUn_KI270320v1	4416	8	0
chrUn_KI270310v1	1201	8	0
chrUn_KI270316v1	1444	0	0
chrUn_KI270315v1	2276	0	0
chrUn_KI270312v1	998	4	0
chrUn_KI270311v1	12399	6	0
chrUn_KI270317v1	37690	2	0
chrUn_KI270412v1	1179	2	0
chrUn_KI270411v1	2646	2	0
chrUn_KI270414v1	2489	6	0
chrUn_KI270419v1	1029	2	0
chrUn_KI270418v1	2145	4	0
chrUn_KI270420v1	2321	4	0
chrUn_KI270424v1	2140	0	0
chrUn_KI270417v1	2043	0	0
chrUn_KI270422v1	1445	8	0
chrUn_KI270423v1	981	4	0
chrUn_KI270425v1	1884	0	0
chrUn_KI270429v1	1361	7	0
chrUn_KI270442v1	392061	4950	41
chrUn_KI270466v1	1233	254	2
chrUn_KI270465v1	1774	20	0
chrUn_KI270467v1	3920	962	3
chrUn_KI270435v1	92983	304	0
chrUn_KI270438v1	112505	5687	40
chrUn_KI270468v1	4055	12	0
chrUn_KI270510v1	2415	24	0
chrUn_KI270509v1	2318	14	0
chrUn_KI270518v1	2186	10	0
chrUn_KI270508v1	1951	11	0
chrUn_KI270516v1	1300	11	0
chrUn_KI270512v1	22689	65	0
chrUn_KI270519v1	138126	379	1
chrUn_KI270522v1	5674	12	0
chrUn_KI270511v1	8127	22	0
chrUn_KI270515v1	6361	47	0
chrUn_KI270507v1	5353	30	0
chrUn_KI270517v1	3253	15	0
chrUn_KI270529v1	1899	6	0
chrUn_KI270528v1	2983	4	0
chrUn_KI270530v1	2168	0	0
chrUn_KI270539v1	993	2	0
chrUn_KI270538v1	91309	240	2
chrUn_KI270544v1	1202	2	0
chrUn_KI270548v1	1599	0	0
chrUn_KI270583v1	1400	13	0
chrUn_KI270587v1	2969	4	0
chrUn_KI270580v1	1553	1	0
chrUn_KI270581v1	7046	22	0
chrUn_KI270579v1	31033	45	1
chrUn_KI270589v1	44474	157	2
chrUn_KI270590v1	4685	32	0
chrUn_KI270584v1	4513	16	0
chrUn_KI270582v1	6504	14	1
chrUn_KI270588v1	6158	22	0
chrUn_KI270593v1	3041	6	0
chrUn_KI270591v1	5796	52	1
chrUn_KI270330v1	1652	227	2
chrUn_KI270329v1	1040	0	0
chrUn_KI270334v1	1368	0	0
chrUn_KI270333v1	2699	135	0
chrUn_KI270335v1	1048	0	0
chrUn_KI270338v1	1428	2	0
chrUn_KI270340v1	1428	0	0
chrUn_KI270336v1	1026	50	1
chrUn_KI270337v1	1121	124	1
chrUn_KI270363v1	1803	8	0
chrUn_KI270364v1	2855	3	0
chrUn_KI270362v1	3530	6	0
chrUn_KI270366v1	8320	12	0
chrUn_KI270378v1	1048	0	0
chrUn_KI270379v1	1045	0	0
chrUn_KI270389v1	1298	0	0
chrUn_KI270390v1	2387	1	0
chrUn_KI270387v1	1537	0	0
chrUn_KI270395v1	1143	6	0
chrUn_KI270396v1	1880	2	0
chrUn_KI270388v1	1216	2	0
chrUn_KI270394v1	970	0	0
chrUn_KI270386v1	1788	4	0
chrUn_KI270391v1	1484	0	0
chrUn_KI270383v1	1750	4	0
chrUn_KI270393v1	1308	2	0
chrUn_KI270384v1	1658	2	0
chrUn_KI270392v1	971	0	0
chrUn_KI270381v1	1930	0	0
chrUn_KI270385v1	990	2	0
chrUn_KI270382v1	4215	0	0
chrUn_KI270376v1	1136	2	0
chrUn_KI270374v1	2656	0	0
chrUn_KI270372v1	1650	2	0
chrUn_KI270373v1	1451	1	0
chrUn_KI270375v1	2378	0	0
chrUn_KI270371v1	2805	2	0
chrUn_KI270448v1	7992	35	0
chrUn_KI270521v1	7642	30	0
chrUn_GL000195v1	182896	686	2
chrUn_GL000219v1	179198	839	6
chrUn_GL000220v1	161802	16672	149
chrUn_GL000224v1	179693	4299	22
chrUn_KI270741v1	157432	206	1
chrUn_GL000226v1	15008	151	0
chrUn_GL000213v1	164239	1646	11
chrUn_KI270743v1	210658	1238	10
chrUn_KI270744v1	168472	9653	71
chrUn_KI270745v1	41891	1110	5
chrUn_KI270746v1	66486	4106	22
chrUn_KI270747v1	198735	721	8
chrUn_KI270748v1	93321	490	2
chrUn_KI270749v1	158759	821	8
chrUn_KI270750v1	148850	1944	12
chrUn_KI270751v1	150742	2099	15
chrUn_KI270752v1	27745	0	0
chrUn_KI270753v1	62944	598	4
chrUn_KI270754v1	40191	1664	16
chrUn_KI270755v1	36723	54	0
chrUn_KI270756v1	79590	252	3
chrUn_KI270757v1	71251	348	4
chrUn_GL000214v1	137718	3105	23
chrUn_KI270742v1	186739	2429	20
chrUn_GL000216v2	176608	3755	48
chrUn_GL000218v1	161147	7458	53
chrX	156040895	3080944	20886
chrY	57227415	43064	470
chrY_KI270740v1_random	37240	0	0
chr1_KQ031383v1_fix	467143	13000	81
chr1_KQ983255v1_alt	278659	6839	45
chr1_KN538361v1_fix	305542	11632	89
chr1_KQ458383v1_alt	349938	9117	70
chr1_KN196473v1_fix	166200	4595	34
chr1_KZ208904v1_alt	166136	3109	24
chr1_KN196472v1_fix	186494	1513	10
chr1_KZ208905v1_alt	140355	172	1
chr1_KQ458382v1_alt	141019	311	0
chr1_KV880763v1_alt	551020	5294	43
chr1_KN196474v1_fix	122022	1230	11
chr1_KN538360v1_fix	460100	3887	29
chr1_KZ208906v1_fix	330031	6677	51
chr1_KQ458384v1_alt	212205	3147	28
chr2_KQ031384v1_fix	481245	13582	81
chr2_KZ208907v1_alt	181658	353	1
chr2_KQ983256v1_alt	535088	8423	59
chr2_KZ208908v1_alt	140361	1341	14
chr2_KN538363v1_fix	365499	10084	74
chr2_KN538362v1_fix	208149	1732	8
chr3_KV766192v1_fix	411654	2960	18
chr3_KN196475v1_fix	451168	13753	81
chr3_KQ031385v1_fix	373699	4698	24
chr3_KN538364v1_fix	415308	1931	18
chr3_KZ208909v1_alt	175849	513	7
chr3_KQ031386v1_fix	165718	210	3
chr3_KN196476v1_fix	305979	880	7
chr4_KQ090013v1_alt	90922	1200	14
chr4_KQ090014v1_alt	163749	233	1
chr4_KQ090015v1_alt	236512	2264	13
chr4_KV766193v1_alt	420675	6908	38
chr4_KQ983257v1_fix	230434	6094	59
chr4_KQ983258v1_alt	205407	5109	42
chr5_KZ208910v1_alt	135987	452	4
chr5_KN196477v1_alt	139087	344	4
chr5_KV575243v1_alt	362221	5218	56
chr5_KV575244v1_fix	673059	23016	149
chr6_KZ208911v1_fix	242796	4463	33
chr6_KQ090017v1_alt	82315	344	2
chr6_KQ031387v1_fix	320750	402	3
chr6_KN196478v1_fix	268330	440	2
chr6_KQ090016v1_fix	245716	3444	27
chr6_KV766194v1_fix	139427	3634	24
chr7_KV880764v1_fix	142129	1776	18
chr7_KV880765v1_fix	468267	5384	27
chr7_KZ208912v1_fix	589656	19322	131
chr7_KZ208913v1_alt	680662	37692	247
chr7_KQ031388v1_fix	179932	1182	7
chr8_KZ208915v1_fix	6367528	98958	722
chr8_KV880767v1_fix	265876	923	5
chr8_KV880766v1_fix	156998	337	1
chr8_KZ208914v1_fix	165120	16423	120
chr9_KQ090018v1_alt	163882	378	1
chr9_KQ090019v1_alt	134099	174	3
chr9_KN196479v1_fix	330164	18979	146
chr10_KN538367v1_fix	420164	666	4
chr10_KQ090020v1_alt	185507	206	2
chr10_KN196480v1_fix	277797	4620	33
chr10_KQ090021v1_fix	264545	1956	9
chr10_KN538366v1_fix	85284	373	2
chr10_KN538365v1_fix	14347	29	0
chr11_KQ759759v1_fix	196940	15824	162
chr11_KN538368v1_alt	203552	2100	11
chr11_KV766195v1_fix	140877	1461	10
chr11_KQ090022v1_fix	181958	1878	16
chr11_KN196481v1_fix	108875	10451	89
chr12_KQ090023v1_alt	109323	694	5
chr12_KZ208916v1_fix	1046838	21916	163
chr12_KN538369v1_fix	541038	7437	63
chr12_KN196482v1_fix	211377	273	4
chr12_KZ208918v1_alt	174808	321	1
chr12_KQ759760v1_fix	315610	406	0
chr12_KZ208917v1_fix	64689	1247	14
chr12_KN538370v1_fix	86533	3741	26
chr13_KN538372v1_fix	356766	9859	68
chr13_KQ090024v1_alt	168146	285	1
chr13_KN196483v1_fix	35455	137	1
chr13_KN538373v1_fix	148762	461	4
chr13_KQ090025v1_alt	123480	786	1
chr13_KN538371v1_fix	206320	3817	28
chr14_KZ208920v1_fix	690932	58164	450
chr14_KZ208919v1_alt	171798	1150	11
chr15_KN538374v1_fix	4998962	62290	420
chr15_KQ031389v1_alt	2365364	15266	91
chr16_KQ090026v1_alt	59016	2510	15
chr16_KV880768v1_fix	1927115	64677	474
chr16_KQ090027v1_alt	267463	3857	24
chr16_KZ208921v1_alt	78609	5440	44
chr16_KQ031390v1_alt	169136	278	2
chr17_KV766196v1_fix	281919	3951	35
chr17_KV575245v1_fix	154723	18959	125
chr17_KV766198v1_alt	276292	22197	151
chr17_KV766197v1_alt	246895	540	7
chr18_KQ458385v1_alt	205101	1791	15
chr18_KQ090028v1_fix	407387	4420	28
chr18_KZ208922v1_fix	93070	413	4
chr19_KQ458386v1_fix	405389	24580	180
chr19_KN196484v1_fix	370917	32508	245
chr19_KV575246v1_alt	163926	962	5
chr19_KV575247v1_alt	170206	1024	9
chr19_KV575248v1_alt	168131	748	5
chr19_KV575249v1_alt	293522	1874	13
chr19_KV575250v1_alt	241058	1644	10
chr19_KV575251v1_alt	159285	823	8
chr19_KV575252v1_alt	178197	599	6
chr19_KV575253v1_alt	166713	1037	6
chr19_KV575254v1_alt	99845	608	1
chr19_KV575255v1_alt	161095	1021	10
chr19_KV575256v1_alt	223118	928	6
chr19_KV575257v1_alt	100553	382	4
chr19_KV575259v1_alt	171263	769	5
chr19_KV575260v1_alt	145691	694	3
chr19_KV575258v1_alt	156965	826	8
chr22_KN196485v1_alt	156562	1691	10
chr22_KQ458387v1_alt	155930	1571	23
chr22_KQ458388v1_alt	174749	3904	23
chr22_KN196486v1_alt	153027	3711	23
chr22_KQ759761v1_alt	145162	3426	31
chr22_KQ759762v1_fix	101037	3467	29
chrX_KV766199v1_alt	188004	408	7
chrY_KZ208923v1_fix	48370	0	0
chrY_KZ208924v1_fix	209722	5	1
chrY_KN196487v1_fix	101150	4657	35
chr1_KZ559100v1_fix	44955	354	5
chr3_KZ559104v1_fix	105527	263	4
chr3_KZ559105v1_alt	195063	3306	18
chr3_KZ559103v1_alt	302885	3156	28
chr3_KZ559102v1_alt	197752	827	7
chr3_KZ559101v1_alt	164041	275	2
chr7_KZ559106v1_alt	172555	249	3
chr8_KZ559107v1_alt	103072	1780	14
chr11_KZ559109v1_fix	279644	10415	79
chr11_KZ559108v1_fix	305244	2962	16
chr11_KZ559111v1_alt	181167	2193	6
chr11_KZ559110v1_alt	301637	3767	27
chr12_KZ559112v1_alt	154139	404	8
chr16_KZ559113v1_fix	480415	4207	36
chr17_KZ559114v1_alt	116753	391	2
chr18_KZ559116v1_alt	163186	210	2
chr18_KZ559115v1_fix	230843	697	2
chr2_ML143342v1_fix	84043	284	1
chr2_ML143341v1_fix	145975	872	9
chr3_ML143343v1_alt	215443	1517	10
chr4_ML143344v1_fix	235734	2455	22
chr4_ML143347v1_fix	176674	1403	12
chr4_ML143346v1_fix	53476	65	0
chr4_ML143348v1_fix	125549	201	2
chr4_ML143345v1_fix	341066	4770	25
chr4_ML143349v1_fix	276109	378	5
chr5_ML143350v1_fix	89956	3180	19
chr6_ML143351v1_fix	73265	95	0
chr7_ML143352v1_fix	254759	2864	19
chr9_ML143353v1_fix	25408	107	2
chr10_ML143354v1_fix	454963	3053	24
chr10_ML143355v1_fix	292944	8777	69
chr11_ML143358v1_fix	270122	9864	78
chr11_ML143360v1_fix	170928	4752	40
chr11_ML143359v1_fix	217075	7368	50
chr11_ML143357v1_fix	165419	552	5
chr11_ML143356v1_fix	45257	60	0
chr12_ML143362v1_fix	192531	11336	91
chr12_ML143361v1_fix	297568	8790	67
chr13_ML143366v1_fix	409912	2141	5
chr13_ML143363v1_fix	7309	0	0
chr13_ML143364v1_fix	158944	1346	11
chr13_ML143365v1_fix	65394	2901	26
chr14_ML143367v1_fix	399183	1403	12
chr14_ML143368v1_alt	264228	365	0
chr15_ML143372v1_fix	396515	1396	12
chr15_ML143371v1_fix	5500449	68069	512
chr15_ML143370v1_fix	369264	13510	103
chr15_ML143369v1_fix	97763	5601	32
chr16_ML143373v1_fix	270967	8498	55
chr17_ML143374v1_fix	137908	15911	131
chr17_ML143375v1_fix	56695	2644	14
chr19_ML143376v1_fix	493165	27860	235
chr21_ML143377v1_fix	519485	21126	230
chr22_ML143380v1_fix	412368	4141	20
chr22_ML143378v1_fix	461303	1812	8
chr22_ML143379v1_fix	12295	48	0
chrX_ML143385v1_fix	17435	12	1
chrX_ML143382v1_fix	28824	292	1
chrX_ML143383v1_fix	68192	99	3
chrX_ML143381v1_fix	403128	4282	20
chrX_ML143384v1_fix	14678	12	0
chr1_MU273333v1_fix	1572686	102011	698
chr1_MU273330v1_alt	516764	15877	120
chr1_MU273335v1_fix	211934	13855	105
chr1_MU273336v1_fix	250447	3290	23
chr1_MU273331v1_alt	847441	8985	47
chr1_MU273334v1_fix	210426	4776	24
chr1_MU273332v1_alt	335159	13075	71
chr2_MU273344v1_fix	244725	10084	51
chr2_MU273345v1_fix	174385	357	2
chr2_MU273343v1_fix	489404	12115	80
chr2_MU273340v1_alt	284971	6951	50
chr2_MU273337v1_alt	431782	13332	115
chr2_MU273342v1_fix	955087	23428	129
chr2_MU273339v1_alt	500581	19980	156
chr2_MU273338v1_alt	535251	7199	39
chr2_MU273341v1_fix	120381	3882	16
chr3_MU273347v1_fix	301310	4796	35
chr3_MU273348v1_fix	475876	5268	47
chr3_MU273346v1_fix	469342	5747	39
chr4_MU273351v1_fix	205691	1394	14
chr4_MU273349v1_alt	308682	3786	26
chr4_MU273350v1_fix	113364	260	1
chr5_MU273354v1_fix	2101585	21546	158
chr5_MU273353v1_fix	208405	2260	17
chr5_MU273356v1_alt	302485	3375	29
chr5_MU273355v1_fix	508332	51161	316
chr5_MU273352v1_fix	34400	416	5
chr6_MU273357v1_alt	383128	6807	50
chr7_MU273358v1_alt	464417	1148	6
chr8_MU273362v1_fix	429744	2289	17
chr8_MU273359v1_fix	150302	477	8
chr8_MU273361v1_fix	106905	4009	32
chr8_MU273363v1_fix	207371	5959	50
chr8_MU273360v1_fix	39290	696	4
chr9_MU273366v1_fix	569668	3288	30
chr9_MU273364v1_fix	340717	1551	5
chr9_MU273365v1_fix	482250	13013	65
chr10_MU273367v1_fix	196262	6155	39
chr11_KQ759759v2_fix	204999	22242	159
chr11_MU273369v1_fix	434831	8844	77
chr11_MU273371v1_fix	122722	1668	13
chr11_MU273370v1_fix	344606	5510	26
chr11_MU273368v1_alt	261194	2346	14
chr12_MU273372v1_fix	104537	9117	51
chr14_MU273373v1_fix	722645	25542	169
chr15_MU273375v1_alt	204007	9673	80
chr15_MU273374v1_fix	1154574	22348	160
chr16_MU273376v1_fix	87715	11761	79
chr16_MU273377v1_fix	334997	11383	82
chr17_MU273380v1_fix	538541	11449	86
chr17_MU273378v1_alt	372839	14245	117
chr17_MU273383v1_fix	172609	5536	43
chr17_MU273379v1_fix	234878	11665	82
chr17_MU273382v1_fix	187626	10549	91
chr17_MU273381v1_fix	144689	2551	20
chr19_MU273386v1_fix	226166	6973	50
chr19_MU273387v1_alt	89211	6609	47
chr19_MU273384v1_fix	333754	37608	216
chr19_MU273385v1_fix	137818	6372	30
chr20_MU273388v1_fix	273725	2885	28
chr20_MU273389v1_fix	355731	7998	69
chr21_MU273390v1_fix	336752	7019	45
chr21_MU273391v1_fix	1020778	7642	52
chr21_MU273392v1_fix	189707	8886	65
chr22_KQ759762v2_fix	101040	3448	25
chrX_MU273397v1_alt	330493	20368	153
chrX_MU273393v1_fix	68810	1857	10
chrX_MU273394v1_fix	140567	4381	33
chrX_MU273396v1_alt	294119	840	7
chrX_MU273395v1_alt	619716	22093	129
chrY_MU273398v1_fix	865743	5	0
*	0	0	119774
