## htsjdk.samtools.metrics.StringHeader
# CollectOxoGMetrics --INPUT post_aligned/ERR2828357_fixed_sorted.bam --OUTPUT metrics/ERR2828357_OxoGMetrics.txt --REFERENCE_SEQUENCE ../ref/hg38.p14.fa --MINIMUM_QUALITY_SCORE 20 --MINIMUM_MAPPING_QUALITY 30 --MINIMUM_INSERT_SIZE 60 --MAXIMUM_INSERT_SIZE 600 --INCLUDE_NON_PF_READS true --USE_OQ true --CONTEXT_SIZE 1 --STOP_AFTER 2147483647 --VERBOSITY INFO --QUIET false --VALIDATION_STRINGENCY STRICT --COMPRESSION_LEVEL 2 --MAX_RECORDS_IN_RAM 500000 --CREATE_INDEX false --CREATE_MD5_FILE false --GA4GH_CLIENT_SECRETS client_secrets.json --help false --version false --showHidden false --USE_JDK_DEFLATER false --USE_JDK_INFLATER false
## htsjdk.samtools.metrics.StringHeader
# Started on: Tue Jul 01 11:09:14 EDT 2025

## METRICS CLASS	picard.analysis.CollectOxoGMetrics$CpcgMetrics
SAMPLE_ALIAS	LIBRARY	CONTEXT	TOTAL_SITES	TOTAL_BASES	REF_NONOXO_BASES	REF_OXO_BASES	REF_TOTAL_BASES	ALT_NONOXO_BASES	ALT_OXO_BASES	OXIDATION_ERROR_RATE	OXIDATION_Q	C_REF_REF_BASES	G_REF_REF_BASES	C_REF_ALT_BASES	G_REF_ALT_BASES	C_REF_OXO_ERROR_RATE	C_REF_OXO_Q	G_REF_OXO_ERROR_RATE	G_REF_OXO_Q
ERR2828357	1	CCA	33062995	268858228	136113025	132696436	268809461	22734	26033	0.000012	49.11141	132673287	136136174	26448	22319	0.000035	44.511459	0	100
ERR2828357	1	ACC	20419311	170712092	86039332	84630817	170670149	21181	20762	0	82.322643	84756132	85914017	21789	20154	0.000022	46.481204	0	100
ERR2828357	1	CCC	27298183	241272078	123233002	117985819	241218821	27040	26217	0	83.825071	119150748	122068073	27082	26175	0.000013	48.908709	0	100
ERR2828357	1	GCA	25430436	209421959	104222769	105153246	209376015	19156	26788	0.000036	44.383839	104272596	105103419	26424	19520	0.000068	41.696606	0	100
ERR2828357	1	TCT	34428534	245113573	123736623	121339515	245076138	17377	20058	0.000011	49.610705	123768191	121307947	21073	16362	0.000035	44.513505	0	100
ERR2828357	1	ACG	4857990	58179710	29086709	29070714	58157423	10415	11872	0.000025	46.01312	28955260	29202163	12044	10243	0.000065	41.861495	0	100
ERR2828357	1	CCG	6348926	86029178	43345753	42651028	85996781	14853	17544	0.000031	45.047321	42556078	43440703	17617	14780	0.000074	41.32639	0	100
ERR2828357	1	GCC	24102721	216804481	109198334	107559237	216757571	21161	25749	0.000021	46.744448	107638912	109118659	26343	20567	0.000056	42.500499	0	100
ERR2828357	1	GCG	5422949	72513817	35763594	36720569	72484163	13261	16393	0.000043	43.64599	36846525	35637638	15840	13814	0.000042	43.743495	0	100
ERR2828357	1	ACT	24689423	169750600	85145843	84576586	169722429	13083	15088	0.000012	49.276969	84873459	84848970	15958	12213	0.000044	43.558732	0	100
ERR2828357	1	TCA	30441060	219594227	110455014	109101054	219556068	16940	21219	0.000019	47.102786	109175567	110380501	21611	16548	0.000048	43.186436	0	100
ERR2828357	1	CCT	33379464	266125745	134993029	131090092	266083121	19930	22694	0.00001	49.835489	133364486	132718635	23766	18858	0.000036	44.42472	0	100
ERR2828357	1	TCC	28163980	231661405	118189027	113431567	231620594	19769	21042	0.000005	52.600253	115290435	116330159	22557	18254	0.000039	44.120132	0	100
ERR2828357	1	GCT	25272987	210669610	105242092	105389782	210631874	15727	22009	0.00003	45.25504	105911016	104720858	21582	16154	0.000049	43.054001	0	100
ERR2828357	1	TCG	4294508	54206522	27144641	27046611	54191252	6921	8349	0.000026	45.793233	27087401	27103851	8084	7186	0.000033	44.776316	0	100
ERR2828357	1	ACA	30568030	214411893	107353086	107010677	214363763	22328	25802	0.000016	47.904191	105853479	108510284	26304	21826	0.000047	43.24855	0	100


